source_id,target_id,rtt
0,0,0.0
0,1,25.006502074993865
0,2,18.49800870614019
0,3,9.762933447312628
0,4,30.820987706487678
0,5,35.624079986721924
0,6,21.37281099167341
0,7,30.206205378637954
0,8,43.176822569396094
0,9,41.37710237860015
0,10,46.356288590879046
0,11,47.2481848875202
0,12,47.20448744387111
0,13,48.41111600983871
0,14,46.97898197032858
0,15,21.78885594118868
0,16,24.852802160852526
0,17,57.93092076778396
0,18,69.21387982806942
0,19,34.398846225523435
0,20,40.12290314863879
0,21,38.242118230913356
0,22,60.53759151091134
0,23,20.493804979940112
0,24,20.584286971119422
1,0,25.006502074993865
1,1,0.0
1,2,23.978643886508802
1,3,15.24356862768124
1,4,13.081867798134722
1,5,17.88496007836897
1,6,3.6336910833204548
1,7,12.467085470285
1,8,25.437702661043136
1,9,23.63798247024719
1,10,28.61716868252609
1,11,29.509064979167245
1,12,29.465367535518148
1,13,30.671996101485753
1,14,29.23986206197562
1,15,27.269491121557287
1,16,30.333437341221135
1,17,40.191800859431
1,18,51.47475991971646
1,19,16.659726317170477
1,20,22.383783240285837
1,21,20.5029983225604
1,22,53.6129778068885
1,23,25.97444016030872
1,24,26.06492215148803
2,0,18.49800870614019
2,1,23.978643886508802
2,2,0.0
2,3,8.735075258827562
2,4,29.793129518002615
2,5,34.59622179823687
2,6,20.34495280318835
2,7,29.17834719015289
2,8,42.14896438091103
2,9,40.34924419011509
2,10,45.328430402393984
2,11,46.22032669903514
2,12,46.17662925538605
2,13,47.383257821353645
2,14,45.95112378184352
2,15,3.2946379419141403
2,16,6.358584161577987
2,17,56.9030625792989
2,18,68.18602163958437
2,19,33.37098803703837
2,20,39.09504496015373
2,21,37.21426004242829
2,22,42.03958280477115
2,23,1.995796273799922
2,24,2.08627826497923
3,0,9.762933447312628
3,1,15.24356862768124
3,2,8.735075258827562
3,3,0.0
3,4,21.05805425917505
3,5,25.8611465394093
3,6,11.609877544360785
3,7,20.443271931325327
3,8,33.41388912208347
3,9,31.614168931287523
3,10,36.59335514356642
3,11,37.48525144020758
3,12,37.44155399655848
3,13,38.64818256252608
3,14,37.21604852301596
3,15,12.025922493876049
3,16,15.089868713539895
3,17,48.16798732047133
3,18,59.4509463807568
3,19,24.635912778210805
3,20,30.359969701326165
3,21,28.47918478360073
3,22,50.77465806359871
3,23,10.730871532627484
3,24,10.821353523806792
4,0,30.820987706487678
4,1,13.081867798134722
4,2,29.793129518002615
4,3,21.05805425917505
4,4,0.0
4,5,23.699445709862783
4,6,9.448176714814267
4,7,18.28157110177881
4,8,31.25218829253695
4,9,29.452468101741005
4,10,34.4316543140199
4,11,35.32355061066106
4,12,35.279853167011964
4,13,36.48648173297956
4,14,35.05434769346944
4,15,33.083976753051104
4,16,36.14792297271495
4,17,46.006286490924815
4,18,57.28924555121028
4,19,22.474211948664287
4,20,28.198268871779646
4,21,26.31748395405421
4,22,59.42746343838231
4,23,31.788925791802534
4,24,31.879407782981843
5,0,35.624079986721924
5,1,17.88496007836897
5,2,34.59622179823687
5,3,25.8611465394093
5,4,23.699445709862783
5,5,0.0
5,6,14.251268995048516
5,7,23.084663382013062
5,8,7.552742582674165
5,9,5.753022391878221
5,10,10.732208604157119
5,11,11.624104900798278
5,12,11.580407457149178
5,13,12.787036023116784
5,14,11.354901983606652
5,15,37.88706903328535
5,16,40.9510152529492
5,17,22.30684078106203
5,18,33.58979984134749
5,19,27.27730422889854
5,20,33.0013611520139
5,21,31.120576234288464
5,22,64.23055571861656
5,23,36.59201807203678
5,24,36.68250006321609
6,0,21.37281099167341
6,1,3.6336910833204548
6,2,20.34495280318835
6,3,11.609877544360785
6,4,9.448176714814267
6,5,14.251268995048516
6,6,0.0
6,7,8.833394386964544
6,8,21.804011577722683
6,9,20.004291386926738
6,10,24.983477599205635
6,11,25.875373895846792
6,12,25.831676452197698
6,13,27.0383050181653
6,14,25.606170978655168
6,15,23.635800038236834
6,16,26.69974625790068
6,17,36.55810977611054
6,18,47.841068836396005
6,19,13.026035233850024
6,20,18.75009215696538
6,21,16.869307239239948
6,22,49.97928672356805
6,23,22.340749076988267
6,24,22.431231068167577
7,0,30.206205378637954
7,1,12.467085470285
7,2,29.17834719015289
7,3,20.443271931325327
7,4,18.28157110177881
7,5,23.084663382013062
7,6,8.833394386964544
7,7,0.0
7,8,30.637405964687225
7,9,28.83768577389128
7,10,33.81687198617018
7,11,34.708768282811334
7,12,34.66507083916224
7,13,35.87169940512984
7,14,34.439565365619714
7,15,32.46919442520138
7,16,35.53314064486523
7,17,32.12983388269566
7,18,43.41279294298112
7,19,4.192640846885479
7,20,9.916697770000837
7,21,8.035912852275402
7,22,41.1458923366035
7,23,31.17414346395281
7,24,31.26462545513212
8,0,43.176822569396094
8,1,25.437702661043136
8,2,42.14896438091103
8,3,33.41388912208347
8,4,31.25218829253695
8,5,7.552742582674165
8,6,21.804011577722683
8,7,30.637405964687225
8,8,0.0
8,9,1.7997201907959441
8,10,6.778906403074841
8,11,7.670802699715999
8,12,7.627105256066902
8,13,8.833733822034505
8,14,7.401599782524374
8,15,41.78429456241509
8,16,44.84824078207894
8,17,18.35353857997975
8,18,29.63649764026522
8,19,29.86928524140886
8,20,35.593342164524216
8,21,33.71255724679878
8,22,66.82253673112689
8,23,40.48545289430088
8,24,40.39497090312157
9,0,41.37710237860015
9,1,23.63798247024719
9,2,40.34924419011509
9,3,31.614168931287523
9,4,29.452468101741005
9,5,5.753022391878221
9,6,20.004291386926738
9,7,28.83768577389128
9,8,1.7997201907959441
9,9,0.0
9,10,4.979186212278897
9,11,5.871082508920055
9,12,5.827385065270958
9,13,7.034013631238561
9,14,5.60187959172843
9,15,39.984574371619146
9,16,43.048520591282994
9,17,16.553818389183807
9,18,27.836777449469274
9,19,28.069565050612916
9,20,33.79362197372827
9,21,31.91283705600284
9,22,65.02281654033094
9,23,38.68573270350493
9,24,38.59525071232562
10,0,46.356288590879046
10,1,28.61716868252609
10,2,45.328430402393984
10,3,36.59335514356642
10,4,34.4316543140199
10,5,10.732208604157119
10,6,24.983477599205635
10,7,33.81687198617018
10,8,6.778906403074841
10,9,4.979186212278897
10,10,0.0
10,11,0.891896296641158
10,12,1.425978085615993
10,13,2.054827418959664
10,14,0.6226933794495334
10,15,44.96376058389804
10,16,48.02770680356189
10,17,11.57463217690491
10,18,22.857591237190377
10,19,33.04875126289181
10,20,38.77280818600717
10,21,36.89202326828173
10,22,70.00200275260983
10,23,43.66491891578383
10,24,43.57443692460452
11,0,47.2481848875202
11,1,29.509064979167245
11,2,46.22032669903514
11,3,37.48525144020758
11,4,35.32355061066106
11,5,11.624104900798278
11,6,25.875373895846792
11,7,34.708768282811334
11,8,7.670802699715999
11,9,5.871082508920055
11,10,0.891896296641158
11,11,0.0
11,12,2.317874382257151
11,13,2.9467237156008217
11,14,1.5145896760906914
11,15,45.8556568805392
11,16,48.91960310020305
11,17,12.466528473546068
11,18,23.749487533831534
11,19,33.94064755953297
11,20,39.664704482648325
11,21,37.78391956492289
11,22,70.89389904925099
11,23,44.556815212424986
11,24,44.46633322124568
12,0,47.20448744387111
12,1,29.465367535518148
12,2,46.17662925538605
12,3,37.44155399655848
12,4,35.279853167011964
12,5,11.580407457149178
12,6,25.831676452197698
12,7,34.66507083916224
12,8,7.627105256066902
12,9,5.827385065270958
12,10,1.425978085615993
12,11,2.317874382257151
12,12,0.0
12,13,3.480805504575657
12,14,2.048671465065526
12,15,45.811959436890106
12,16,48.875905656553954
12,17,13.000610262520903
12,18,24.28356932280637
12,19,33.896950115883875
12,20,39.62100703899923
12,21,37.740222121273796
12,22,70.8502016056019
12,23,44.51311776877589
12,24,44.42263577759658
13,0,48.41111600983871
13,1,30.671996101485753
13,2,47.383257821353645
13,3,38.64818256252608
13,4,36.48648173297956
13,5,12.787036023116784
13,6,27.0383050181653
13,7,35.87169940512984
13,8,8.833733822034505
13,9,7.034013631238561
13,10,2.054827418959664
13,11,2.9467237156008217
13,12,3.480805504575657
13,13,0.0
13,14,2.6775207984091973
13,15,47.018588002857705
13,16,50.08253422252155
13,17,13.629459595864574
13,18,24.912418656150038
13,19,35.103578681851474
13,20,40.82763560496683
13,21,38.946850687241394
13,22,72.05683017156949
13,23,45.71974633474349
13,24,45.62926434356418
14,0,46.97898197032858
14,1,29.23986206197562
14,2,45.95112378184352
14,3,37.21604852301596
14,4,35.05434769346944
14,5,11.354901983606652
14,6,25.606170978655168
14,7,34.439565365619714
14,8,7.401599782524374
14,9,5.60187959172843
14,10,0.6226933794495334
14,11,1.5145896760906914
14,12,2.048671465065526
14,13,2.6775207984091973
14,14,0.0
14,15,45.58645396334758
14,16,48.65040018301143
14,17,10.951938797455377
14,18,22.23489785774084
14,19,33.67144464234135
14,20,39.395501565456705
14,21,37.51471664773127
14,22,70.62469613205937
14,23,44.287612295233366
14,24,44.197130304054056
15,0,21.78885594118868
15,1,27.269491121557287
15,2,3.2946379419141403
15,3,12.025922493876049
15,4,33.083976753051104
15,5,37.88706903328535
15,6,23.635800038236834
15,7,32.46919442520138
15,8,41.78429456241509
15,9,39.984574371619146
15,10,44.96376058389804
15,11,45.8556568805392
15,12,45.811959436890106
15,13,47.018588002857705
15,14,45.58645396334758
15,15,0.0
15,16,3.0639462196638463
15,17,56.53839276080296
15,18,67.82135182108843
15,19,36.66183527208686
15,20,42.38589219520222
15,21,40.50510727747678
15,22,41.342628199085446
15,23,1.2988416681142185
15,24,1.3893236592935267
16,0,24.852802160852526
16,1,30.333437341221135
16,2,6.358584161577987
16,3,15.089868713539895
16,4,36.14792297271495
16,5,40.9510152529492
16,6,26.69974625790068
16,7,35.53314064486523
16,8,44.84824078207894
16,9,43.048520591282994
16,10,48.02770680356189
16,11,48.91960310020305
16,12,48.875905656553954
16,13,50.08253422252155
16,14,48.65040018301143
16,15,3.0639462196638463
16,16,0.0
16,17,59.602338980466804
16,18,70.88529804075228
16,19,39.72578149175071
16,20,45.449838414866065
16,21,43.56905349714063
16,22,44.40657441874929
16,23,4.362787887778065
16,24,4.453269878957373
17,0,57.93092076778396
17,1,40.191800859431
17,2,56.9030625792989
17,3,48.16798732047133
17,4,46.006286490924815
17,5,22.30684078106203
17,6,36.55810977611054
17,7,32.12983388269566
17,8,18.35353857997975
17,9,16.553818389183807
17,10,11.57463217690491
17,11,12.466528473546068
17,12,13.000610262520903
17,13,13.629459595864574
17,14,10.951938797455377
17,15,56.53839276080296
17,16,59.602338980466804
17,17,0.0
17,18,11.282959060285465
17,19,27.937193035810175
17,20,33.66124995892553
17,21,31.7804650412001
17,22,64.8904445255282
17,23,55.23955109268874
17,24,55.14906910150943
18,0,69.21387982806942
18,1,51.47475991971646
18,2,68.18602163958437
18,3,59.4509463807568
18,4,57.28924555121028
18,5,33.58979984134749
18,6,47.841068836396005
18,7,43.41279294298112
18,8,29.63649764026522
18,9,27.836777449469274
18,10,22.857591237190377
18,11,23.749487533831534
18,12,24.28356932280637
18,13,24.912418656150038
18,14,22.23489785774084
18,15,67.82135182108843
18,16,70.88529804075228
18,17,11.282959060285465
18,18,0.0
18,19,39.22015209609564
18,20,44.944209019210994
18,21,43.06342410148556
18,22,76.17340358581366
18,23,66.5225101529742
18,24,66.4320281617949
19,0,34.398846225523435
19,1,16.659726317170477
19,2,33.37098803703837
19,3,24.635912778210805
19,4,22.474211948664287
19,5,27.27730422889854
19,6,13.026035233850024
19,7,4.192640846885479
19,8,29.86928524140886
19,9,28.069565050612916
19,10,33.04875126289181
19,11,33.94064755953297
19,12,33.896950115883875
19,13,35.103578681851474
19,14,33.67144464234135
19,15,36.66183527208686
19,16,39.72578149175071
19,17,27.937193035810175
19,18,39.22015209609564
19,19,0.0
19,20,5.7240569231153575
19,21,3.8432720053899234
19,22,36.95325148971802
19,23,35.36678431083829
19,24,35.4572663020176
20,0,40.12290314863879
20,1,22.383783240285837
20,2,39.09504496015373
20,3,30.359969701326165
20,4,28.198268871779646
20,5,33.0013611520139
20,6,18.75009215696538
20,7,9.916697770000837
20,8,35.593342164524216
20,9,33.79362197372827
20,10,38.77280818600717
20,11,39.664704482648325
20,12,39.62100703899923
20,13,40.82763560496683
20,14,39.395501565456705
20,15,42.38589219520222
20,16,45.449838414866065
20,17,33.66124995892553
20,18,44.944209019210994
20,19,5.7240569231153575
20,20,0.0
20,21,9.567328928505281
20,22,42.67730841283338
20,23,41.09084123395365
20,24,41.18132322513296
21,0,38.242118230913356
21,1,20.5029983225604
21,2,37.21426004242829
21,3,28.47918478360073
21,4,26.31748395405421
21,5,31.120576234288464
21,6,16.869307239239948
21,7,8.035912852275402
21,8,33.71255724679878
21,9,31.91283705600284
21,10,36.89202326828173
21,11,37.78391956492289
21,12,37.740222121273796
21,13,38.946850687241394
21,14,37.51471664773127
21,15,40.50510727747678
21,16,43.56905349714063
21,17,31.7804650412001
21,18,43.06342410148556
21,19,3.8432720053899234
21,20,9.567328928505281
21,21,0.0
21,22,33.1099794843281
21,23,39.21005631622821
21,24,39.30053830740752
22,0,60.53759151091134
22,1,53.6129778068885
22,2,42.03958280477115
22,3,50.77465806359871
22,4,59.42746343838231
22,5,64.23055571861656
22,6,49.97928672356805
22,7,41.1458923366035
22,8,66.82253673112689
22,9,65.02281654033094
22,10,70.00200275260983
22,11,70.89389904925099
22,12,70.8502016056019
22,13,72.05683017156949
22,14,70.62469613205937
22,15,41.342628199085446
22,16,44.40657441874929
22,17,64.8904445255282
22,18,76.17340358581366
22,19,36.95325148971802
22,20,42.67730841283338
22,21,33.1099794843281
22,22,0.0
22,23,40.043786530971225
22,24,40.134268522150535
23,0,20.493804979940112
23,1,25.97444016030872
23,2,1.995796273799922
23,3,10.730871532627484
23,4,31.788925791802534
23,5,36.59201807203678
23,6,22.340749076988267
23,7,31.17414346395281
23,8,40.48545289430088
23,9,38.68573270350493
23,10,43.66491891578383
23,11,44.556815212424986
23,12,44.51311776877589
23,13,45.71974633474349
23,14,44.287612295233366
23,15,1.2988416681142185
23,16,4.362787887778065
23,17,55.23955109268874
23,18,66.5225101529742
23,19,35.36678431083829
23,20,41.09084123395365
23,21,39.21005631622821
23,22,40.043786530971225
23,23,0.0
23,24,0.09048199117930826
24,0,20.584286971119422
24,1,26.06492215148803
24,2,2.08627826497923
24,3,10.821353523806792
24,4,31.879407782981843
24,5,36.68250006321609
24,6,22.431231068167577
24,7,31.26462545513212
24,8,40.39497090312157
24,9,38.59525071232562
24,10,43.57443692460452
24,11,44.46633322124568
24,12,44.42263577759658
24,13,45.62926434356418
24,14,44.197130304054056
24,15,1.3893236592935267
24,16,4.453269878957373
24,17,55.14906910150943
24,18,66.4320281617949
24,19,35.4572663020176
24,20,41.18132322513296
24,21,39.30053830740752
24,22,40.134268522150535
24,23,0.09048199117930826
24,24,0.0
