source_id,target_id,rtt
0,0,0.0
0,1,144.4513440620349
0,2,125.97151471419514
0,3,125.97151471419514
0,4,125.97151471419514
0,5,125.97151471419514
0,6,125.97151471419514
0,7,39.42871868556034
0,8,87.71497478211332
0,9,140.2389342175344
0,10,105.82851981785585
0,11,97.06709013579105
0,12,125.97151471419514
0,13,116.74076102298133
0,14,141.49235959684827
0,15,125.97151471419514
1,0,144.4513440620349
1,1,0.0
1,2,89.7113794675145
1,3,89.7113794675145
1,4,89.7113794675145
1,5,89.7113794675145
1,6,89.7113794675145
1,7,134.97001443982475
1,8,82.2569336584539
1,9,10.333719603726868
1,10,71.16370175663944
1,11,78.09978996524302
1,12,89.7113794675145
1,13,37.29073527366146
1,14,29.133145103347065
1,15,89.7113794675145
2,0,125.97151471419514
2,1,89.7113794675145
2,2,0.0
2,3,0.0
2,4,0.0
2,5,0.0
2,6,0.0
2,7,86.82811696301498
2,8,57.37885051666329
2,9,82.22219942615331
2,10,44.61528287533824
2,11,48.53455046697203
2,12,0.0
2,13,125.04484801807911
2,14,115.68141483296341
2,15,0.0
3,0,125.97151471419514
3,1,89.7113794675145
3,2,0.0
3,3,0.0
3,4,0.0
3,5,0.0
3,6,0.0
3,7,86.82811696301498
3,8,57.37885051666329
3,9,82.22219942615331
3,10,44.61528287533824
3,11,48.53455046697203
3,12,0.0
3,13,125.04484801807911
3,14,115.68141483296341
3,15,0.0
4,0,125.97151471419514
4,1,89.7113794675145
4,2,0.0
4,3,0.0
4,4,0.0
4,5,0.0
4,6,0.0
4,7,86.82811696301498
4,8,57.37885051666329
4,9,82.22219942615331
4,10,44.61528287533824
4,11,48.53455046697203
4,12,0.0
4,13,125.04484801807911
4,14,115.68141483296341
4,15,0.0
5,0,125.97151471419514
5,1,89.7113794675145
5,2,0.0
5,3,0.0
5,4,0.0
5,5,0.0
5,6,0.0
5,7,86.82811696301498
5,8,57.37885051666329
5,9,82.22219942615331
5,10,44.61528287533824
5,11,48.53455046697203
5,12,0.0
5,13,125.04484801807911
5,14,115.68141483296341
5,15,0.0
6,0,125.97151471419514
6,1,89.7113794675145
6,2,0.0
6,3,0.0
6,4,0.0
6,5,0.0
6,6,0.0
6,7,86.82811696301498
6,8,57.37885051666329
6,9,82.22219942615331
6,10,44.61528287533824
6,11,48.53455046697203
6,12,0.0
6,13,125.04484801807911
6,14,115.68141483296341
6,15,0.0
7,0,39.42871868556034
7,1,134.97001443982475
7,2,86.82811696301498
7,3,86.82811696301498
7,4,86.82811696301498
7,5,86.82811696301498
7,6,86.82811696301498
7,7,0.0
7,8,55.80314062973163
7,9,125.65335428599506
7,10,71.88446572652872
7,11,63.18135281994531
7,12,86.82811696301498
7,13,129.82611832344563
7,14,153.67228583592524
7,15,86.82811696301498
8,0,87.71497478211332
8,1,82.2569336584539
8,2,57.37885051666329
8,3,57.37885051666329
8,4,57.37885051666329
8,5,57.37885051666329
8,6,57.37885051666329
8,7,55.80314062973163
8,8,0.0
8,9,72.07697276715385
8,10,18.27121046402524
8,11,10.041289116888871
8,12,57.37885051666329
8,13,96.42667618913359
8,14,108.74917976826406
8,15,57.37885051666329
9,0,140.2389342175344
9,1,10.333719603726868
9,2,82.22219942615331
9,3,82.22219942615331
9,4,82.22219942615331
9,5,82.22219942615331
9,6,82.22219942615331
9,7,125.65335428599506
9,8,72.07697276715385
9,9,0.0
9,10,60.863137260971094
9,11,67.76771580312662
9,12,82.22219942615331
9,13,43.08560677501738
9,14,39.17148136514864
9,15,82.22219942615331
10,0,105.82851981785585
10,1,71.16370175663944
10,2,44.61528287533824
10,3,44.61528287533824
10,4,44.61528287533824
10,5,44.61528287533824
10,6,44.61528287533824
10,7,71.88446572652872
10,8,18.27121046402524
10,9,60.863137260971094
10,10,0.0
10,11,8.854317159545625
10,12,44.61528287533824
10,13,94.01189897247318
10,14,99.79980327550989
10,15,44.61528287533824
11,0,97.06709013579105
11,1,78.09978996524302
11,2,48.53455046697203
11,3,48.53455046697203
11,4,48.53455046697203
11,5,48.53455046697203
11,6,48.53455046697203
11,7,63.18135281994531
11,8,10.041289116888871
11,9,67.76771580312662
11,10,8.854317159545625
11,11,0.0
11,12,48.53455046697203
11,13,97.47764640454248
11,14,106.10393053405589
11,15,48.53455046697203
12,0,125.97151471419514
12,1,89.7113794675145
12,2,0.0
12,3,0.0
12,4,0.0
12,5,0.0
12,6,0.0
12,7,86.82811696301498
12,8,57.37885051666329
12,9,82.22219942615331
12,10,44.61528287533824
12,11,48.53455046697203
12,12,0.0
12,13,125.04484801807911
12,14,115.68141483296341
12,15,0.0
13,0,116.74076102298133
13,1,37.29073527366146
13,2,125.04484801807911
13,3,125.04484801807911
13,4,125.04484801807911
13,5,125.04484801807911
13,6,125.04484801807911
13,7,129.82611832344563
13,8,96.42667618913359
13,9,43.08560677501738
13,10,94.01189897247318
13,11,97.47764640454248
13,12,125.04484801807911
13,13,0.0
13,14,25.91817754101103
13,15,125.04484801807911
14,0,141.49235959684827
14,1,29.133145103347065
14,2,115.68141483296341
14,3,115.68141483296341
14,4,115.68141483296341
14,5,115.68141483296341
14,6,115.68141483296341
14,7,153.67228583592524
14,8,108.74917976826406
14,9,39.17148136514864
14,10,99.79980327550989
14,11,106.10393053405589
14,12,115.68141483296341
14,13,25.91817754101103
14,14,0.0
14,15,115.68141483296341
15,0,125.97151471419514
15,1,89.7113794675145
15,2,0.0
15,3,0.0
15,4,0.0
15,5,0.0
15,6,0.0
15,7,86.82811696301498
15,8,57.37885051666329
15,9,82.22219942615331
15,10,44.61528287533824
15,11,48.53455046697203
15,12,0.0
15,13,125.04484801807911
15,14,115.68141483296341
15,15,0.0
