source_id,target_id,rtt
0,0,0.0
0,1,57.22375561720177
0,2,2.6187399769877526
0,3,1.3948306356813314
0,4,1.7181375297014536
0,5,0.8536088461390787
0,6,1.4397703467623568
0,7,1.2191533775820746
0,8,2.310901322926693
0,9,4.079662020478414
0,10,57.50100498174803
0,11,59.88041826203134
0,12,3.3773210380503986
0,13,3.5344285315428046
0,14,57.22375561720177
0,15,1.9390614474083412
0,16,2.431318053794856
0,17,5.033919471947907
0,18,4.891333367798673
0,19,4.531159293140812
0,20,3.993591304118119
0,21,4.118749153683945
0,22,4.584421849069902
0,23,4.988333078157427
0,24,2.683133188725469
1,0,57.22375561720177
1,1,0.0
1,2,55.96437269937284
1,3,55.82892498152044
1,4,57.23467545462506
1,5,56.370146771062686
1,6,56.95630827168596
1,7,56.735691302505685
1,8,54.91285429427507
1,9,54.54877556157938
1,10,107.970118522849
1,11,110.34953180313231
1,12,53.84643457915137
1,13,54.003542072643775
1,14,107.69286915830274
1,15,55.284694169793426
1,16,55.77695077617994
1,17,55.50303301304888
1,18,55.36044690889965
1,19,55.000272834241784
1,20,54.46270484521909
1,21,54.58786269478492
1,22,55.05353539017087
1,23,55.4574466192584
1,24,54.5406224284763
2,0,2.6187399769877526
2,1,55.96437269937284
2,2,0.0
2,3,1.2239093413064217
2,4,2.629659814411049
2,5,1.7651311308486741
2,6,2.351292631471952
2,7,2.13067566229167
2,8,1.0515184050977633
2,9,2.820279102649485
2,10,56.2416220639191
2,11,58.62103534420241
2,12,2.1179381202214693
2,13,2.2750456137138753
2,14,55.96437269937284
2,15,0.6796785295794117
2,16,0.1874219231928966
2,17,3.7745365541189773
2,18,3.6319504499697435
2,19,3.271776375311882
2,20,2.7342083862891897
2,21,2.859366235855016
2,22,3.325038931240973
2,23,3.728950160328498
2,24,1.4237502708965395
3,0,1.3948306356813314
3,1,55.82892498152044
3,2,1.2239093413064217
3,3,0.0
3,4,1.4057504731046275
3,5,0.5412217895422526
3,6,1.1273832901655307
3,7,0.9067663209852486
3,8,0.9160706872453616
3,9,2.6848313847970835
3,10,56.1061743460667
3,11,58.48558762635001
3,12,1.9824904023690677
3,13,2.1395978958614736
3,14,55.82892498152044
3,15,0.5442308117270099
3,16,1.036487418113525
3,17,3.6390888362665756
3,18,3.496502732117342
3,19,3.1363286574594804
3,20,2.598760668436788
3,21,2.7239185180026144
3,22,3.1895912133885713
3,23,3.593502442476096
3,24,1.2883025530441379
4,0,1.7181375297014536
4,1,57.23467545462506
4,2,2.629659814411049
4,3,1.4057504731046275
4,4,0.0
4,5,0.8645286835623749
4,6,1.4506901841856532
4,7,0.49898415211937897
4,8,2.321821160349989
4,9,4.090581857901711
4,10,57.51192481917133
4,11,59.891338099454636
4,12,3.388240875473695
4,13,3.545348368966101
4,14,57.23467545462506
4,15,1.9499812848316374
4,16,2.4422378912181526
4,17,5.044839309371203
4,18,4.902253205221969
4,19,4.542079130564108
4,20,4.004511141541416
4,21,4.129668991107241
4,22,4.595341686493199
4,23,4.9992529155807235
4,24,2.694053026148765
5,0,0.8536088461390787
5,1,56.370146771062686
5,2,1.7651311308486741
5,3,0.5412217895422526
5,4,0.8645286835623749
5,5,0.0
5,6,0.5861615006232782
5,7,0.365544531442996
5,8,1.457292476787614
5,9,3.226053174339336
5,10,56.64739613560895
5,11,59.02680941589226
5,12,2.5237121919113203
5,13,2.680819685403726
5,14,56.370146771062686
5,15,1.0854526012692625
5,16,1.5777092076557775
5,17,4.180310625808828
5,18,4.0377245216595945
5,19,3.6775504470017326
5,20,3.1399824579790403
5,21,3.2651403075448666
5,22,3.730813002930824
5,23,4.134724232018349
5,24,1.8295243425863903
6,0,1.4397703467623568
6,1,56.95630827168596
6,2,2.351292631471952
6,3,1.1273832901655307
6,4,1.4506901841856532
6,5,0.5861615006232782
6,6,0.0
6,7,0.9517060320662742
6,8,2.043453977410892
6,9,3.812214674962614
6,10,57.23355763623223
6,11,59.612970916515536
6,12,3.109873692534598
6,13,3.266981186027004
6,14,56.95630827168596
6,15,1.6716141018925406
6,16,2.1638707082790556
6,17,4.766472126432106
6,18,4.623886022282872
6,19,4.26371194762501
6,20,3.7261439586023184
6,21,3.8513018081681443
6,22,4.316974503554102
6,23,4.7208857326416265
6,24,2.415685843209668
7,0,1.2191533775820746
7,1,56.735691302505685
7,2,2.13067566229167
7,3,0.9067663209852486
7,4,0.49898415211937897
7,5,0.365544531442996
7,6,0.9517060320662742
7,7,0.0
7,8,1.82283700823061
7,9,3.591597705782332
7,10,57.01294066705195
7,11,59.39235394733526
7,12,2.889256723354316
7,13,3.046364216846722
7,14,56.735691302505685
7,15,1.4509971327122584
7,16,1.9432537390987734
7,17,4.5458551572518235
7,18,4.403269053102591
7,19,4.043094978444729
7,20,3.5055269894220364
7,21,3.6306848389878628
7,22,4.096357534373819
7,23,4.500268763461344
7,24,2.195068874029386
8,0,2.310901322926693
8,1,54.91285429427507
8,2,1.0515184050977633
8,3,0.9160706872453616
8,4,2.321821160349989
8,5,1.457292476787614
8,6,2.043453977410892
8,7,1.82283700823061
8,8,0.0
8,9,1.7687606975517218
8,10,55.190103658821336
8,11,57.569516939104645
8,12,1.066419715123706
8,13,1.2235272086161117
8,14,54.91285429427507
8,15,0.3718398755183516
8,16,0.8640964819048667
8,17,2.7230181490212138
8,18,2.58043204487198
8,19,2.220257970214119
8,20,1.6826899811914264
8,21,1.8078478307572525
8,22,2.2735205261432094
8,23,2.6774317552307343
8,24,0.3722318657987762
9,0,4.079662020478414
9,1,54.54877556157938
9,2,2.820279102649485
9,3,2.6848313847970835
9,4,4.090581857901711
9,5,3.226053174339336
9,6,3.812214674962614
9,7,3.591597705782332
9,8,1.7687606975517218
9,9,0.0
9,10,54.82602492612565
9,11,55.800756241552925
9,12,0.7023409824280157
9,13,0.8594484759204215
9,14,54.54877556157938
9,15,2.1406005730700732
9,16,2.6328571794565887
9,17,0.9542574514694923
9,18,0.8116713473202584
9,19,0.45149727266239714
9,20,1.3186112484957362
9,21,1.443769098061562
9,22,1.9094417934475192
9,23,2.313353022535044
9,24,1.3965288317529456
10,0,57.50100498174803
10,1,107.970118522849
10,2,56.2416220639191
10,3,56.1061743460667
10,4,57.51192481917133
10,5,56.64739613560895
10,6,57.23355763623223
10,7,57.01294066705195
10,8,55.190103658821336
10,9,54.82602492612565
10,10,0.0
10,11,110.62678116767857
10,12,54.123683943697635
10,13,54.28079143719004
10,14,107.970118522849
10,15,55.56194353433969
10,16,56.0542001407262
10,17,55.78028237759514
10,18,55.637696273445904
10,19,55.27752219878805
10,20,53.50741367762991
10,21,54.86511205933118
10,22,55.330784754717136
10,23,55.73469598380466
10,24,54.81787179302256
11,0,59.88041826203134
11,1,110.34953180313231
11,2,58.62103534420241
11,3,58.48558762635001
11,4,59.891338099454636
11,5,59.02680941589226
11,6,59.612970916515536
11,7,59.39235394733526
11,8,57.569516939104645
11,9,55.800756241552925
11,10,110.62678116767857
11,11,0.0
11,12,56.50309722398094
11,13,56.66020471747334
11,14,110.34953180313231
11,15,57.941356814623
11,16,58.43361342100951
11,17,54.84649879008343
11,18,56.61242758887318
11,19,56.25225351421532
11,20,57.11936749004866
11,21,57.24452533961448
11,22,57.71019803500044
11,23,58.114109264087965
11,24,57.19728507330587
12,0,3.3773210380503986
12,1,53.84643457915137
12,2,2.1179381202214693
12,3,1.9824904023690677
12,4,3.388240875473695
12,5,2.5237121919113203
12,6,3.109873692534598
12,7,2.889256723354316
12,8,1.066419715123706
12,9,0.7023409824280157
12,10,54.123683943697635
12,11,56.50309722398094
12,12,0.0
12,13,0.1571074934924058
12,14,53.84643457915137
12,15,1.4382595906420577
12,16,1.9305161970285727
12,17,1.656598433897508
12,18,1.5140123297482742
12,19,1.1538382550904127
12,20,0.6162702660677204
12,21,0.7414281156335465
12,22,1.2071008110195036
12,23,1.6110120401070285
12,24,0.6941878493249298
13,0,3.5344285315428046
13,1,54.003542072643775
13,2,2.2750456137138753
13,3,2.1395978958614736
13,4,3.545348368966101
13,5,2.680819685403726
13,6,3.266981186027004
13,7,3.046364216846722
13,8,1.2235272086161117
13,9,0.8594484759204215
13,10,54.28079143719004
13,11,56.66020471747334
13,12,0.1571074934924058
13,13,0.0
13,14,54.003542072643775
13,15,1.5953670841344634
13,16,2.0876236905209784
13,17,1.8137059273899137
13,18,1.6711198232406799
13,19,1.3109457485828184
13,20,0.7733777595601262
13,21,0.8985356091259523
13,22,1.3642083045119093
13,23,1.768119533599434
13,24,0.8512953428173357
14,0,57.22375561720177
14,1,107.69286915830274
14,2,55.96437269937284
14,3,55.82892498152044
14,4,57.23467545462506
14,5,56.370146771062686
14,6,56.95630827168596
14,7,56.735691302505685
14,8,54.91285429427507
14,9,54.54877556157938
14,10,107.970118522849
14,11,110.34953180313231
14,12,53.84643457915137
14,13,54.003542072643775
14,14,0.0
14,15,55.284694169793426
14,16,55.77695077617994
14,17,55.50303301304888
14,18,55.36044690889965
14,19,55.000272834241784
14,20,54.46270484521909
14,21,54.58786269478492
14,22,55.05353539017087
14,23,55.4574466192584
14,24,54.5406224284763
15,0,1.9390614474083412
15,1,55.284694169793426
15,2,0.6796785295794117
15,3,0.5442308117270099
15,4,1.9499812848316374
15,5,1.0854526012692625
15,6,1.6716141018925406
15,7,1.4509971327122584
15,8,0.3718398755183516
15,9,2.1406005730700732
15,10,55.56194353433969
15,11,57.941356814623
15,12,1.4382595906420577
15,13,1.5953670841344634
15,14,55.284694169793426
15,15,0.0
15,16,0.4922566063865151
15,17,3.0948580245395654
15,18,2.9522719203903316
15,19,2.5920978457324706
15,20,2.0545298567097783
15,21,2.179687706275604
15,22,2.645360401661561
15,23,3.049271630749086
15,24,0.7440717413171278
16,0,2.431318053794856
16,1,55.77695077617994
16,2,0.1874219231928966
16,3,1.036487418113525
16,4,2.4422378912181526
16,5,1.5777092076557775
16,6,2.1638707082790556
16,7,1.9432537390987734
16,8,0.8640964819048667
16,9,2.6328571794565887
16,10,56.0542001407262
16,11,58.43361342100951
16,12,1.9305161970285727
16,13,2.0876236905209784
16,14,55.77695077617994
16,15,0.4922566063865151
16,16,0.0
16,17,3.587114630926081
16,18,3.444528526776847
16,19,3.084354452118985
16,20,2.546786463096293
16,21,2.671944312662119
16,22,3.1376170080480765
16,23,3.5415282371356014
16,24,1.2363283477036429
17,0,5.033919471947907
17,1,55.50303301304888
17,2,3.7745365541189773
17,3,3.6390888362665756
17,4,5.044839309371203
17,5,4.180310625808828
17,6,4.766472126432106
17,7,4.5458551572518235
17,8,2.7230181490212138
17,9,0.9542574514694923
17,10,55.78028237759514
17,11,54.84649879008343
17,12,1.656598433897508
17,13,1.8137059273899137
17,14,55.50303301304888
17,15,3.0948580245395654
17,16,3.587114630926081
17,17,0.0
17,18,1.7659287987897505
17,19,1.4057547241318895
17,20,2.2728686999652283
17,21,2.398026549531054
17,22,2.863699244917011
17,23,3.267610474004536
17,24,2.3507862832224378
18,0,4.891333367798673
18,1,55.36044690889965
18,2,3.6319504499697435
18,3,3.496502732117342
18,4,4.902253205221969
18,5,4.0377245216595945
18,6,4.623886022282872
18,7,4.403269053102591
18,8,2.58043204487198
18,9,0.8116713473202584
18,10,55.637696273445904
18,11,56.61242758887318
18,12,1.5140123297482742
18,13,1.6711198232406799
18,14,55.36044690889965
18,15,2.9522719203903316
18,16,3.444528526776847
18,17,1.7659287987897505
18,18,0.0
18,19,1.2631686199826555
18,20,2.1302825958159946
18,21,2.2554404453818204
18,22,2.7211131407677773
18,23,3.125024369855302
18,24,2.208200179073204
19,0,4.531159293140812
19,1,55.000272834241784
19,2,3.271776375311882
19,3,3.1363286574594804
19,4,4.542079130564108
19,5,3.6775504470017326
19,6,4.26371194762501
19,7,4.043094978444729
19,8,2.220257970214119
19,9,0.45149727266239714
19,10,55.27752219878805
19,11,56.25225351421532
19,12,1.1538382550904127
19,13,1.3109457485828184
19,14,55.000272834241784
19,15,2.5920978457324706
19,16,3.084354452118985
19,17,1.4057547241318895
19,18,1.2631686199826555
19,19,0.0
19,20,1.770108521158133
19,21,1.8952663707239592
19,22,2.3609390661099163
19,23,2.764850295197441
19,24,1.8480261044153425
20,0,3.993591304118119
20,1,54.46270484521909
20,2,2.7342083862891897
20,3,2.598760668436788
20,4,4.004511141541416
20,5,3.1399824579790403
20,6,3.7261439586023184
20,7,3.5055269894220364
20,8,1.6826899811914264
20,9,1.3186112484957362
20,10,53.50741367762991
20,11,57.11936749004866
20,12,0.6162702660677204
20,13,0.7733777595601262
20,14,54.46270484521909
20,15,2.0545298567097783
20,16,2.546786463096293
20,17,2.2728686999652283
20,18,2.1302825958159946
20,19,1.770108521158133
20,20,0.0
20,21,1.3576983817012669
20,22,1.823371077087224
20,23,2.227282306174749
20,24,1.3104581153926502
21,0,4.118749153683945
21,1,54.58786269478492
21,2,2.859366235855016
21,3,2.7239185180026144
21,4,4.129668991107241
21,5,3.2651403075448666
21,6,3.8513018081681443
21,7,3.6306848389878628
21,8,1.8078478307572525
21,9,1.443769098061562
21,10,54.86511205933118
21,11,57.24452533961448
21,12,0.7414281156335465
21,13,0.8985356091259523
21,14,54.58786269478492
21,15,2.179687706275604
21,16,2.671944312662119
21,17,2.398026549531054
21,18,2.2554404453818204
21,19,1.8952663707239592
21,20,1.3576983817012669
21,21,0.0
21,22,0.46567269538595707
21,23,0.8695839244734818
21,24,1.4356159649584763
22,0,4.584421849069902
22,1,55.05353539017087
22,2,3.325038931240973
22,3,3.1895912133885713
22,4,4.595341686493199
22,5,3.730813002930824
22,6,4.316974503554102
22,7,4.096357534373819
22,8,2.2735205261432094
22,9,1.9094417934475192
22,10,55.330784754717136
22,11,57.71019803500044
22,12,1.2071008110195036
22,13,1.3642083045119093
22,14,55.05353539017087
22,15,2.645360401661561
22,16,3.1376170080480765
22,17,2.863699244917011
22,18,2.7211131407677773
22,19,2.3609390661099163
22,20,1.823371077087224
22,21,0.46567269538595707
22,22,0.0
22,23,0.40391122908752475
22,24,1.9012886603444334
23,0,4.988333078157427
23,1,55.4574466192584
23,2,3.728950160328498
23,3,3.593502442476096
23,4,4.9992529155807235
23,5,4.134724232018349
23,6,4.7208857326416265
23,7,4.500268763461344
23,8,2.6774317552307343
23,9,2.313353022535044
23,10,55.73469598380466
23,11,58.114109264087965
23,12,1.6110120401070285
23,13,1.768119533599434
23,14,55.4574466192584
23,15,3.049271630749086
23,16,3.5415282371356014
23,17,3.267610474004536
23,18,3.125024369855302
23,19,2.764850295197441
23,20,2.227282306174749
23,21,0.8695839244734818
23,22,0.40391122908752475
23,23,0.0
23,24,2.3051998894319583
24,0,2.683133188725469
24,1,54.5406224284763
24,2,1.4237502708965395
24,3,1.2883025530441379
24,4,2.694053026148765
24,5,1.8295243425863903
24,6,2.415685843209668
24,7,2.195068874029386
24,8,0.3722318657987762
24,9,1.3965288317529456
24,10,54.81787179302256
24,11,57.19728507330587
24,12,0.6941878493249298
24,13,0.8512953428173357
24,14,54.5406224284763
24,15,0.7440717413171278
24,16,1.2363283477036429
24,17,2.3507862832224378
24,18,2.208200179073204
24,19,1.8480261044153425
24,20,1.3104581153926502
24,21,1.4356159649584763
24,22,1.9012886603444334
24,23,2.3051998894319583
24,24,0.0
