source_id,target_id,rtt
0,0,0.0
0,1,1.8319090972461871
0,2,38.77363016297172
0,3,2.040548429784812
0,4,3.6331749821204746
0,5,3.106259036099912
0,6,1.0390054851221149
0,7,3.589915492002428
0,8,3.5757636906147185
0,9,2.2645092112408483
0,10,2.8291322169916215
0,11,2.3792586494391585
0,12,4.765516166824913
0,13,4.265959767023105
0,14,4.507495431433936
0,15,3.7489807097969723
0,16,2.845612513846466
0,17,2.5828017223404824
0,18,4.108465931318889
0,19,3.2933771714038844
0,20,1.9381415592703393
0,21,38.77363016297172
0,22,2.3253328112937015
0,23,2.489693556468165
0,24,3.731363854051606
0,25,3.20764311536726
0,26,4.194769264873376
0,27,3.60225312367975
0,28,2.852954927542258
0,29,3.1069407110300054
1,0,1.8319090972461871
1,1,0.0
1,2,40.497407869737124
1,3,0.23868791285230773
1,4,4.960914839437872
1,5,2.650914412742058
1,6,2.746873486034288
1,7,5.359157856031473
1,8,3.467066410865323
1,9,3.121455004568697
1,10,3.1849088066532865
1,11,1.2599712206110907
1,12,4.539023570442744
1,13,4.196531665056416
1,14,4.942910237176272
1,15,3.9489362530454644
1,16,2.1571606963046515
1,17,2.3914282691780997
1,18,3.7792129320222982
1,19,2.7665546992657553
1,20,1.6353971034441241
1,21,40.497407869737124
1,22,0.6020217375519458
1,23,1.3487000750537292
1,24,3.126712873576726
1,25,2.4269767698017395
1,26,3.996536098187747
1,27,3.2862951934145617
1,28,2.848313949721011
1,29,2.7457275263410406
2,0,38.77363016297172
2,1,40.497407869737124
2,2,0.0
2,3,40.73139054941556
2,4,37.84665705315633
2,5,41.255354898339036
2,6,37.771051287721946
2,7,36.02970903890876
2,8,41.08288762137616
2,9,39.2774724113227
2,10,40.12317277504425
2,11,41.108536009512065
2,12,41.87891130734896
2,13,41.33657493383018
2,14,40.33147181355605
2,15,40.63835158821719
2,16,41.279831554424646
2,17,40.70317694224569
2,18,41.692715578354786
2,19,41.4463437370947
2,20,39.42585305684264
2,21,0.0
2,22,41.06129356909689
2,23,40.341927288410005
2,24,39.76423886156306
2,25,40.0261701955461
2,26,38.87736687096195
2,27,39.20586706987115
2,28,38.800120646990344
2,29,39.33942768044676
3,0,2.040548429784812
3,1,0.23868791285230773
3,2,40.73139054941556
3,3,0.0
3,4,5.060807527326639
3,5,2.5533616466930416
3,6,2.9745280642263228
3,7,5.53593373471588
3,8,3.39656424621915
3,9,3.1850557699370574
3,10,3.18243464234011
3,11,1.1223723591405594
3,12,4.437511355063691
3,13,4.119127347894858
3,14,4.9216780121398775
3,15,3.910142785416749
3,16,2.0427062791741393
3,17,2.341398090727766
3,18,3.6743409862172953
3,19,2.6555930553187856
3,20,1.8319340766149796
3,21,40.73139054941556
3,22,0.3683936673232714
3,23,1.4436425850008574
3,24,3.2415227828806876
3,25,2.533743041954347
3,26,4.146481576931187
3,27,3.4334127994832384
3,28,3.033564532521137
3,29,2.8984826743226706
4,0,3.6331749821204746
4,1,4.960914839437872
4,2,37.84665705315633
4,3,5.060807527326639
4,4,0.0
4,5,3.8369097357347166
4,6,3.743075135626432
4,7,2.129967492761394
4,8,3.359514668559029
4,9,1.9664789776619358
4,10,2.5309897776172785
4,11,4.535673759547104
4,12,4.03263940336397
4,13,3.4980217846275927
4,14,2.559076185328137
4,15,2.815811717353474
4,16,4.11977151898384
4,17,3.425196359549283
4,18,3.9214830552988356
4,19,3.986522681766406
4,20,5.570926741080987
4,21,37.84665705315633
4,22,5.1426459023888
4,23,6.026283020982994
4,24,7.360097253534681
4,25,6.8366038323737035
4,26,7.728073283833031
4,27,7.1925134127753285
4,28,6.404010142148693
4,29,6.721498283687795
5,0,3.106259036099912
5,1,2.650914412742058
5,2,41.255354898339036
5,3,2.5533616466930416
5,4,3.8369097357347166
5,5,0.0
5,6,4.082285056743285
5,7,5.256596423043301
5,8,0.9056445238535912
5,9,2.0158704834267325
5,10,1.3097051591383837
5,11,1.453643435338173
5,12,1.888110641924853
5,13,1.5849046881876103
5,14,2.6143828572120698
5,15,1.561826426267863
5,16,0.5355823834815677
5,17,0.5706963079335731
5,18,1.1302414879980807
5,19,0.19844152577375698
5,20,4.177663367899544
5,21,41.255354898339036
5,22,2.350917367704233
5,23,3.9916754572225983
5,24,5.7776000218340835
5,25,5.0767600463673945
5,26,6.617533790242818
5,27,5.9151610237360615
5,28,5.389684746760514
5,29,5.369930814824797
6,0,1.0390054851221149
6,1,2.746873486034288
6,2,37.771051287721946
6,3,2.9745280642263228
6,4,3.743075135626432
6,5,4.082285056743285
6,6,0.0
6,7,3.0895542037025767
6,8,4.454350760744772
6,9,2.8818431656087173
6,10,3.607300501099009
6,11,3.416780914177581
6,12,5.634039864996422
6,13,5.103864788492566
6,14,5.141716634823317
6,15,4.519622871465796
6,16,3.861672810649098
6,17,3.535774313471
6,18,5.023714351451707
6,19,4.274849017499947
6,20,2.2535062420228305
6,21,37.771051287721946
6,22,3.292910167386835
6,23,3.0463678213608447
6,24,3.8390201653710396
6,25,3.474384568048087
6,26,4.027841458519528
6,27,3.5633100342910877
6,28,2.7476256091318163
6,29,3.162258298391693
7,0,3.589915492002428
7,1,5.359157856031473
7,2,36.02970903890876
7,3,5.53593373471588
7,4,2.129967492761394
7,5,5.256596423043301
7,6,3.0895542037025767
7,7,0.0
7,8,5.060377401024792
7,9,3.2533334695541525
7,10,4.093875129909165
7,11,5.434004536360864
7,12,5.953135414444812
7,13,5.386465441816571
7,14,4.6410939933684325
7,15,4.675359082785892
7,16,5.358898301107699
7,17,4.725927309566619
7,18,5.677877776108684
7,19,5.441531498219966
7,20,5.322397691489321
7,21,36.02970903890876
7,22,5.747259331011393
7,23,6.038402949665753
7,24,6.9161030149872245
7,25,6.562118061306366
7,26,6.9810019300813
7,27,6.600296640546595
7,28,5.7824226854111895
7,29,6.23613596080572
8,0,3.5757636906147185
8,1,3.467066410865323
8,2,41.08288762137616
8,3,3.39656424621915
8,4,3.359514668559029
8,5,0.9056445238535912
8,6,4.454350760744772
8,7,5.060377401024792
8,8,0.0
8,9,1.8685640349437125
8,10,0.984898201901379
8,11,2.3313057888779936
8,12,1.189777230431766
8,13,0.7353607393148524
8,14,1.732456226028155
8,15,0.7063348449451046
8,16,1.436884492980475
8,17,1.0957710673686585
8,18,0.6273506861047152
8,19,0.9125601582350544
8,20,4.908167988866118
8,21,41.08288762137616
8,22,3.225670413654414
8,23,4.815759947337229
8,24,6.578615999320449
8,25,5.8885908734933015
8,26,7.366637399227377
8,27,6.676005759181175
8,28,6.097220887528345
8,29,6.130167523465526
9,0,2.2645092112408483
9,1,3.121455004568697
9,2,39.2774724113227
9,3,3.1850557699370574
9,4,1.9664789776619358
9,5,2.0158704834267325
9,6,2.8818431656087173
9,7,3.2533334695541525
9,8,1.8685640349437125
9,9,0.0
9,10,0.8846860311250883
9,11,2.5710065844749423
9,12,2.9322523719000837
9,13,2.363332676071198
9,14,2.2684892377842454
9,15,1.6993616909478133
9,16,2.2008620911091374
9,17,1.520480730909444
9,18,2.49584547752013
9,19,2.194979138234854
9,20,4.060938223976998
9,21,39.2774724113227
9,22,3.2214018612318913
9,23,4.3226807183158655
9,24,5.867222274429584
9,25,5.259580313739251
9,26,6.436218853001077
9,27,5.812430701267188
9,28,5.097749425616033
9,29,5.292091385407381
10,0,2.8291322169916215
10,1,3.1849088066532865
10,2,40.12317277504425
10,3,3.18243464234011
10,4,2.5309897776172785
10,5,1.3097051591383837
10,6,3.607300501099009
10,7,4.093875129909165
10,8,0.984898201901379
10,9,0.8846860311250883
10,10,0.0
10,11,2.307292112900464
10,12,2.0710488982443636
10,13,1.5137990526240461
10,14,1.7769486155245018
10,15,0.921138889273282
10,16,1.6575089318481708
10,17,0.9857610591201071
10,18,1.612210561225346
10,19,1.4555398032778981
10,20,4.411297866084228
10,21,40.12317277504425
10,22,3.1164039904377963
10,23,4.496178594279927
10,24,6.172311037865054
10,25,5.516593535974897
10,26,6.855680166463487
10,27,6.193359984964365
10,28,5.540855140195246
10,29,5.65497082819941
11,0,2.3792586494391585
11,1,1.2599712206110907
11,2,41.108536009512065
11,3,1.1223723591405594
11,4,4.535673759547104
11,5,1.453643435338173
11,6,3.416780914177581
11,7,5.434004536360864
11,8,2.3313057888779936
11,9,2.5710065844749423
11,10,2.307292112900464
11,11,0.0
11,12,3.325015233296632
11,13,3.0360381758268895
11,14,3.950580901557635
11,15,2.907420924490523
11,16,0.9283499371230689
11,17,1.3559165624367058
11,18,2.5606825846943377
11,19,1.5403570490276983
11,20,2.876066152881698
11,21,41.108536009512065
11,22,0.8974348771492371
11,23,2.565412851955192
11,24,4.363887092418302
11,25,3.655898148830106
11,26,5.2558201209880835
11,27,4.544719452826109
11,28,4.095909750522218
11,29,4.005240057559367
12,0,4.765516166824913
12,1,4.539023570442744
12,2,41.87891130734896
12,3,4.437511355063691
12,4,4.03263940336397
12,5,1.888110641924853
12,6,5.634039864996422
12,7,5.953135414444812
12,8,1.189777230431766
12,9,2.9322523719000837
12,10,2.0710488982443636
12,11,3.325015233296632
12,12,0.0
12,13,0.5748839180245946
12,14,1.6970424695966824
12,15,1.282861297594878
12,16,2.3970428396965704
12,17,2.2488581021448804
12,18,0.7644212441473683
12,19,1.7846966267539235
12,20,6.045912697998205
12,21,41.87891130734896
12,22,4.21569802937847
12,23,5.8783945442615115
12,24,7.665708610049063
12,25,6.964541973805285
12,26,8.495918689018604
12,27,7.796886598689271
12,28,7.248198364067793
12,29,7.2510918979991
13,0,4.265959767023105
13,1,4.196531665056416
13,2,41.33657493383018
13,3,4.119127347894858
13,4,3.4980217846275927
13,5,1.5849046881876103
13,6,5.103864788492566
13,7,5.386465441816571
13,8,0.7353607393148524
13,9,2.363332676071198
13,10,1.5137990526240461
13,11,3.0360381758268895
13,12,0.5748839180245946
13,13,0.0
13,14,1.3361912093860522
13,15,0.7114691046047497
13,16,2.1193611167145407
13,17,1.8310472598304603
13,18,0.6526878273579749
13,19,1.5359706170237741
13,20,5.642780535803642
13,21,41.33657493383018
13,22,3.933356175334622
13,23,5.544830117071237
13,24,7.312116917119223
13,25,6.620454952168484
13,26,8.101609750300838
13,27,7.41134450212634
13,28,6.82936097961319
13,29,6.8655172059294385
14,0,4.507495431433936
14,1,4.942910237176272
14,2,40.33147181355605
14,3,4.9216780121398775
14,4,2.559076185328137
14,5,2.6143828572120698
14,6,5.141716634823317
14,7,4.6410939933684325
14,8,1.732456226028155
14,9,2.2684892377842454
14,10,1.7769486155245018
14,11,3.950580901557635
14,12,1.6970424695966824
14,13,1.3361912093860522
14,14,0.0
14,15,1.0548356809526362
14,16,3.123410324293723
14,17,2.6010014786858155
14,18,1.970596805929407
14,19,2.643788074588338
14,20,6.180924919724872
14,21,40.33147181355605
14,22,4.815073842969934
14,23,6.26690228541895
14,24,7.948778819731484
14,25,7.293235037707455
14,26,8.615050902293653
14,27,7.960885651201889
14,28,7.290547202193071
14,29,7.424966820683217
15,0,3.7489807097969723
15,1,3.9489362530454644
15,2,40.63835158821719
15,3,3.910142785416749
15,4,2.815811717353474
15,5,1.561826426267863
15,6,4.519622871465796
15,7,4.675359082785892
15,8,0.7063348449451046
15,9,1.6993616909478133
15,10,0.921138889273282
15,11,2.907420924490523
15,12,1.282861297594878
15,13,0.7114691046047497
15,14,1.0548356809526362
15,15,0.0
15,16,2.0686195346180805
15,17,1.5710869228553748
15,18,1.1297727254505685
15,19,1.602690780333899
15,20,5.277975018292748
15,21,40.63835158821719
15,22,3.7826936986771393
15,23,5.288328151886418
15,24,7.009445707166006
15,25,6.3371564443325905
15,26,7.733127130489533
15,27,7.059996460088168
15,28,6.4299381545506815
15,29,6.517714319161622
16,0,2.845612513846466
16,1,2.1571606963046515
16,2,41.279831554424646
16,3,2.0427062791741393
16,4,4.11977151898384
16,5,0.5355823834815677
16,6,3.861672810649098
16,7,5.358898301107699
16,8,1.436884492980475
16,9,2.2008620911091374
16,10,1.6575089318481708
16,11,0.9283499371230689
16,12,2.3970428396965704
16,13,2.1193611167145407
16,14,3.123410324293723
16,15,2.0686195346180805
16,16,0.0
16,17,0.6948707590232408
16,18,1.632911764755913
16,19,0.6130155422445968
16,20,3.7263507641711793
16,21,41.279831554424646
16,22,1.8228174011248708
16,23,3.485777287413454
16,24,5.279719879965207
16,25,4.574624747396983
16,26,6.145682558903819
16,27,5.43857794727572
16,28,4.945374888393783
16,29,4.895279308742479
17,0,2.5828017223404824
17,1,2.3914282691780997
17,2,40.70317694224569
17,3,2.341398090727766
17,4,3.425196359549283
17,5,0.5706963079335731
17,6,3.535774313471
17,7,4.725927309566619
17,8,1.0957710673686585
17,9,1.520480730909444
17,10,0.9857610591201071
17,11,1.3559165624367058
17,12,2.2488581021448804
17,13,1.8310472598304603
17,14,2.6010014786858155
17,15,1.5710869228553748
17,16,0.6948707590232408
17,17,0.0
17,18,1.5407927214695287
17,19,0.7691036420213204
17,20,3.8129802196421707
17,21,40.70317694224569
17,22,2.2146597738918183
17,23,3.7380761429925142
17,24,5.488715866464229
17,25,4.802982440312177
17,26,6.271001119325282
17,27,5.580320634997247
17,28,5.005663193647413
17,29,5.0345234267845775
18,0,4.108465931318889
18,1,3.7792129320222982
18,2,41.692715578354786
18,3,3.6743409862172953
18,4,3.9214830552988356
18,5,1.1302414879980807
18,6,5.023714351451707
18,7,5.677877776108684
18,8,0.6273506861047152
18,9,2.49584547752013
18,10,1.612210561225346
18,11,2.5606825846943377
18,12,0.7644212441473683
18,13,0.6526878273579749
18,14,1.970596805929407
18,15,1.1297727254505685
18,16,1.632911764755913
18,17,1.5407927214695287
18,18,0.0
18,19,1.020328259420844
18,20,5.302868527998583
18,21,41.692715578354786
18,22,3.4513963277618007
18,23,5.116096544805291
18,24,6.905738865800072
18,25,6.2032378197586056
18,26,7.746723957303611
18,27,7.045080483873655
18,28,6.511105867043723
18,29,6.499713572422651
19,0,3.2933771714038844
19,1,2.7665546992657553
19,2,41.4463437370947
19,3,2.6555930553187856
19,4,3.986522681766406
19,5,0.19844152577375698
19,6,4.274849017499947
19,7,5.441531498219966
19,8,0.9125601582350544
19,9,2.194979138234854
19,10,1.4555398032778981
19,11,1.5403570490276983
19,12,1.7846966267539235
19,13,1.5359706170237741
19,14,2.643788074588338
19,15,1.602690780333899
19,16,0.6130155422445968
19,17,0.7691036420213204
19,18,1.020328259420844
19,19,0.0
19,20,4.317940430424537
19,21,41.4463437370947
19,22,2.431959851995266
19,23,4.098404476074428
19,24,5.891172474330813
19,25,5.186827587647702
19,26,6.748365483520204
19,27,6.0431229919298515
19,28,5.5336914118248925
19,29,5.498876933815629
20,0,1.9381415592703393
20,1,1.6353971034441241
20,2,39.42585305684264
20,3,1.8319340766149796
20,4,5.570926741080987
20,5,4.177663367899544
20,6,2.2535062420228305
20,7,5.322397691489321
20,8,4.908167988866118
20,9,4.060938223976998
20,10,4.411297866084228
20,11,2.876066152881698
20,12,6.045912697998205
20,13,5.642780535803642
20,14,6.180924919724872
20,15,5.277975018292748
20,16,3.7263507641711793
20,17,3.8129802196421707
20,18,5.302868527998583
20,19,4.317940430424537
20,20,0.0
20,21,39.42585305684264
20,22,2.1865073479739863
20,23,0.9205730131864528
20,24,1.8110265951985176
20,25,1.2745526738503246
20,26,2.459965861167005
20,27,1.782724026340279
20,28,1.2209104871918373
20,29,1.2440469978262156
21,0,38.77363016297172
21,1,40.497407869737124
21,2,0.0
21,3,40.73139054941556
21,4,37.84665705315633
21,5,41.255354898339036
21,6,37.771051287721946
21,7,36.02970903890876
21,8,41.08288762137616
21,9,39.2774724113227
21,10,40.12317277504425
21,11,41.108536009512065
21,12,41.87891130734896
21,13,41.33657493383018
21,14,40.33147181355605
21,15,40.63835158821719
21,16,41.279831554424646
21,17,40.70317694224569
21,18,41.692715578354786
21,19,41.4463437370947
21,20,39.42585305684264
21,21,0.0
21,22,41.06129356909689
21,23,40.341927288410005
21,24,39.76423886156306
21,25,40.0261701955461
21,26,38.87736687096195
21,27,39.20586706987115
21,28,38.800120646990344
21,29,39.33942768044676
22,0,2.3253328112937015
22,1,0.6020217375519458
22,2,41.06129356909689
22,3,0.3683936673232714
22,4,5.1426459023888
22,5,2.350917367704233
22,6,3.292910167386835
22,7,5.747259331011393
22,8,3.225670413654414
22,9,3.2214018612318913
22,10,3.1164039904377963
22,11,0.8974348771492371
22,12,4.21569802937847
22,13,3.933356175334622
22,14,4.815073842969934
22,15,3.7826936986771393
22,16,1.8228174011248708
22,17,2.2146597738918183
22,18,3.4513963277618007
22,19,2.431959851995266
22,20,2.1865073479739863
22,21,41.06129356909689
22,22,0.0
22,23,1.7162401447166646
22,24,3.5149038927613137
22,25,2.8029009510792333
22,26,4.4545197226150846
22,27,3.7404438843475396
22,28,3.376872721460745
22,29,3.2130235988558544
23,0,2.489693556468165
23,1,1.3487000750537292
23,2,40.341927288410005
23,3,1.4436425850008574
23,4,6.026283020982994
23,5,3.9916754572225983
23,6,3.0463678213608447
23,7,6.038402949665753
23,8,4.815759947337229
23,9,4.3226807183158655
23,10,4.496178594279927
23,11,2.565412851955192
23,12,5.8783945442615115
23,13,5.544830117071237
23,14,6.26690228541895
23,15,5.288328151886418
23,16,3.485777287413454
23,17,3.7380761429925142
23,18,5.116096544805291
23,19,4.098404476074428
23,20,0.9205730131864528
23,21,40.341927288410005
23,22,1.7162401447166646
23,23,0.0
23,24,1.8008820873163822
23,25,1.0907734686684107
23,26,2.753580091095546
23,27,2.0414782433527057
23,28,1.8208282611804338
23,29,1.5351908381508943
24,0,3.731363854051606
24,1,3.126712873576726
24,2,39.76423886156306
24,3,3.2415227828806876
24,4,7.360097253534681
24,5,5.7776000218340835
24,6,3.8390201653710396
24,7,6.9161030149872245
24,8,6.578615999320449
24,9,5.867222274429584
24,10,6.172311037865054
24,11,4.363887092418302
24,12,7.665708610049063
24,13,7.312116917119223
24,14,7.948778819731484
24,15,7.009445707166006
24,16,5.279719879965207
24,17,5.488715866464229
24,18,6.905738865800072
24,19,5.891172474330813
24,20,1.8110265951985176
24,21,39.76423886156306
24,22,3.5149038927613137
24,23,1.8008820873163822
24,24,0.0
24,25,0.7123191885359077
24,26,1.0929896378038688
24,27,0.5583724726008941
24,28,1.2000752205087346
24,29,0.6806823847545116
25,0,3.20764311536726
25,1,2.4269767698017395
25,2,40.0261701955461
25,3,2.533743041954347
25,4,6.8366038323737035
25,5,5.0767600463673945
25,6,3.474384568048087
25,7,6.562118061306366
25,8,5.8885908734933015
25,9,5.259580313739251
25,10,5.516593535974897
25,11,3.655898148830106
25,12,6.964541973805285
25,13,6.620454952168484
25,14,7.293235037707455
25,15,6.3371564443325905
25,16,4.574624747396983
25,17,4.802982440312177
25,18,6.2032378197586056
25,19,5.186827587647702
25,20,1.2745526738503246
25,21,40.0261701955461
25,22,2.8029009510792333
25,23,1.0907734686684107
25,24,0.7123191885359077
25,25,0.0
25,26,1.7322929565046308
25,27,1.0523740151543663
25,28,1.2275787374001927
25,29,0.6982004754085531
26,0,4.194769264873376
26,1,3.996536098187747
26,2,38.87736687096195
26,3,4.146481576931187
26,4,7.728073283833031
26,5,6.617533790242818
26,6,4.027841458519528
26,7,6.9810019300813
26,8,7.366637399227377
26,9,6.436218853001077
26,10,6.855680166463487
26,11,5.2558201209880835
26,12,8.495918689018604
26,13,8.101609750300838
26,14,8.615050902293653
26,15,7.733127130489533
26,16,6.145682558903819
26,17,6.271001119325282
26,18,7.746723957303611
26,19,6.748365483520204
26,20,2.459965861167005
26,21,38.87736687096195
26,22,4.4545197226150846
26,23,2.753580091095546
26,24,1.0929896378038688
26,25,1.7322929565046308
26,26,0.0
26,27,0.7140765538052886
26,28,1.341814894671835
26,29,1.2509309027788034
27,0,3.60225312367975
27,1,3.2862951934145617
27,2,39.20586706987115
27,3,3.4334127994832384
27,4,7.1925134127753285
27,5,5.9151610237360615
27,6,3.5633100342910877
27,7,6.600296640546595
27,8,6.676005759181175
27,9,5.812430701267188
27,10,6.193359984964365
27,11,4.544719452826109
27,12,7.796886598689271
27,13,7.41134450212634
27,14,7.960885651201889
27,15,7.059996460088168
27,16,5.43857794727572
27,17,5.580320634997247
27,18,7.045080483873655
27,19,6.0431229919298515
27,20,1.782724026340279
27,21,39.20586706987115
27,22,3.7404438843475396
27,23,2.0414782433527057
27,24,0.5583724726008941
27,25,1.0523740151543663
27,26,0.7140765538052886
27,27,0.0
27,28,0.8186938604725371
27,29,0.5460437547389071
28,0,2.852954927542258
28,1,2.848313949721011
28,2,38.800120646990344
28,3,3.033564532521137
28,4,6.404010142148693
28,5,5.389684746760514
28,6,2.7476256091318163
28,7,5.7824226854111895
28,8,6.097220887528345
28,9,5.097749425616033
28,10,5.540855140195246
28,11,4.095909750522218
28,12,7.248198364067793
28,13,6.82936097961319
28,14,7.290547202193071
28,15,6.4299381545506815
28,16,4.945374888393783
28,17,5.005663193647413
28,18,6.511105867043723
28,19,5.5336914118248925
28,20,1.2209104871918373
28,21,38.800120646990344
28,22,3.376872721460745
28,23,1.8208282611804338
28,24,1.2000752205087346
28,25,1.2275787374001927
28,26,1.341814894671835
28,27,0.8186938604725371
28,28,0.0
28,29,0.570178722022303
29,0,3.1069407110300054
29,1,2.7457275263410406
29,2,39.33942768044676
29,3,2.8984826743226706
29,4,6.721498283687795
29,5,5.369930814824797
29,6,3.162258298391693
29,7,6.23613596080572
29,8,6.130167523465526
29,9,5.292091385407381
29,10,5.65497082819941
29,11,4.005240057559367
29,12,7.2510918979991
29,13,6.8655172059294385
29,14,7.424966820683217
29,15,6.517714319161622
29,16,4.895279308742479
29,17,5.0345234267845775
29,18,6.499713572422651
29,19,5.498876933815629
29,20,1.2440469978262156
29,21,39.33942768044676
29,22,3.2130235988558544
29,23,1.5351908381508943
29,24,0.6806823847545116
29,25,0.6982004754085531
29,26,1.2509309027788034
29,27,0.5460437547389071
29,28,0.570178722022303
29,29,0.0
