source_id,target_id,rtt
0,0,0.0
0,1,1.515071161799384
0,2,0.22773683216031765
0,3,0.14061200017056757
0,4,0.6778690596975774
0,5,0.9139866477726873
0,6,1.2689240773014032
0,7,0.4389591112617513
0,8,1.2728396251415985
0,9,1.1102962918003738
0,10,1.3764638793145334
0,11,0.9825934438725121
0,12,1.031911639555214
0,13,1.1845818441930143
0,14,0.9673996538642305
0,15,0.9859153722477554
0,16,1.098566995583667
0,17,1.0358077891352369
0,18,0.8174284643539182
0,19,1.264961348157338
0,20,0.9714713958430323
0,21,0.650443729957438
0,22,1.316373364553444
0,23,1.2625441386317533
0,24,0.5813698701821137
0,25,0.41149921151560315
0,26,1.1328454569430937
0,27,1.2596386723537525
0,28,1.133328683672255
0,29,0.9148066214878158
0,30,0.6870067285880355
0,31,0.5292076674485637
0,32,0.6758818024666469
0,33,0.738963373843174
1,0,1.515071161799384
1,1,0.0
1,2,1.3182497365813965
1,3,1.3744591616288164
1,4,1.3730929816728936
1,5,1.6092105697480037
1,6,0.3042180671974159
1,7,1.1341830332370675
1,8,1.9680635471169148
1,9,1.80552021377569
1,10,2.0716878012898494
1,11,1.1236511484958251
1,12,1.1729693441785272
1,13,0.3304893176063697
1,14,1.662623575839547
1,15,1.6811392942230716
1,16,1.7937909175589832
1,17,1.731031711110553
1,18,1.5126523863292345
1,19,1.960185270132654
1,20,0.6016707486557866
1,21,1.3456676519327542
1,22,2.0115972865287604
1,23,1.9577680606070695
1,24,1.4086190475808527
1,25,1.5020121159366822
1,26,1.1046988632238706
1,27,0.9450965911775051
1,28,0.8187866024960075
1,29,0.6002645403115683
1,30,0.8280644332113486
1,31,1.0167789012931505
1,32,1.3100331373069671
1,33,1.3731147086834943
2,0,0.22773683216031765
2,1,1.3182497365813965
2,2,0.0
2,3,0.08712483198975007
2,4,0.9018703113520626
2,5,1.1379878994271726
2,6,1.4929253289558884
2,7,0.6629603629162366
2,8,1.496840876796084
2,9,1.3342975434548592
2,10,1.6004651309690185
2,11,0.7857720186545247
2,12,0.8350902143372265
2,13,0.9877604189750269
2,14,1.191400905518716
2,15,1.2099166239022408
2,16,1.3225682472381524
2,17,1.2598090407897222
2,18,1.0414297160084036
2,19,1.4889625998118232
2,20,1.1954726474975175
2,21,0.49968047438830343
2,22,1.540374616207929
2,23,1.4865453902862384
2,24,0.353633038021796
2,25,0.18376237935528553
2,26,0.9360240317251061
2,27,1.062817247135765
2,28,0.9365072584542675
2,29,0.7179851962698283
2,30,0.49018530337004795
2,31,0.3014708352882461
2,32,0.44814497030632927
2,33,0.5112265416828564
3,0,0.14061200017056757
3,1,1.3744591616288164
3,2,0.08712483198975007
3,3,0.0
3,4,0.8147454793623126
3,5,1.0508630674374226
3,6,1.4058004969661382
3,7,0.5758355309264865
3,8,1.4097160448063337
3,9,1.247172711465109
3,10,1.5133402989792686
3,11,0.8419814437019445
3,12,0.8912996393846464
3,13,1.0439698440224467
3,14,1.1042760735289658
3,15,1.1227917919124906
3,16,1.2354434152484022
3,17,1.172684208799972
3,18,0.9543048840186534
3,19,1.401837767822073
3,20,1.1083478155077675
3,21,0.5868053063780535
3,22,1.453249784218179
3,23,1.3994205582964885
3,24,0.4407578700115461
3,25,0.2708872113450356
3,26,0.992233456772526
3,27,1.119026672183185
3,28,0.9927166835016874
3,29,0.7741946213172481
3,30,0.5463947284174678
3,31,0.38859566727799616
3,32,0.5352698022960793
3,33,0.5983513736726065
4,0,0.6778690596975774
4,1,1.3730929816728936
4,2,0.9018703113520626
4,3,0.8147454793623126
4,4,0.0
4,5,0.23611758807511002
4,6,1.0688749144754777
4,7,0.23890994843582603
4,8,0.5949705654440213
4,9,0.8562033567523479
4,10,1.0248490463226718
4,11,1.5768492218730445
4,12,1.6261674175557463
4,13,1.7035822992792635
4,14,0.7673504910383052
4,15,0.30804631255017806
4,16,0.8985178327577417
4,17,0.8357586263093114
4,18,0.6173793015279929
4,19,1.0649121853314125
4,20,0.771422233017107
4,21,0.4503945671315127
4,22,0.9647585315615823
4,23,0.9109293056398917
4,24,1.2555033493738588
4,25,1.0856326907073481
4,26,1.727101234943626
4,27,1.853894450354285
4,28,1.7275844616727873
4,29,1.509062399488348
4,30,1.2812625065885679
4,31,1.2033411466403088
4,32,1.350015281658392
4,33,1.413096853034919
5,0,0.9139866477726873
5,1,1.6092105697480037
5,2,1.1379878994271726
5,3,1.0508630674374226
5,4,0.23611758807511002
5,5,0.0
5,6,1.3049925025505877
5,7,0.47502753651093604
5,8,0.35885297736891125
5,9,0.6200857686772379
5,10,1.260966634397782
5,11,1.8129668099481546
5,12,1.8622850056308564
5,13,1.9396998873543736
5,14,1.0034680791134154
5,15,0.5441639006252881
5,16,1.1346354208328517
5,17,1.0660839389044765
5,18,0.853496889603103
5,19,0.8369303798823753
5,20,1.007539821092217
5,21,0.6865121552066228
5,22,1.2008761196366924
5,23,1.1470468937150018
5,24,1.4916209374489688
5,25,1.3217502787824582
5,26,1.9632188230187362
5,27,2.090012038429395
5,28,1.9637020497478974
5,29,1.7451799875634582
5,30,1.517380094663678
5,31,1.4394587347154186
5,32,1.586132869733502
5,33,1.6492144411100291
6,0,1.2689240773014032
6,1,0.3042180671974159
6,2,1.4929253289558884
6,3,1.4058004969661382
6,4,1.0688749144754777
6,5,1.3049925025505877
6,6,0.0
6,7,0.8299649660396518
6,8,1.663845479919499
6,9,1.5013021465782743
6,10,1.7674697340924337
6,11,1.427869215693241
6,12,1.477187411375943
6,13,0.6347073848037856
6,14,1.358405508642131
6,15,1.376921227025656
6,16,1.4895728503615673
6,17,1.4268136439131371
6,18,1.2084343191318188
6,19,1.6559672029352384
6,20,0.2974526814583708
6,21,1.0414495847353384
6,22,1.7073792193313442
6,23,1.6535499934096536
6,24,1.7128371147782686
6,25,1.676687708311174
6,26,1.4089169304212865
6,27,1.249314658374921
6,28,1.1230046696934235
6,29,0.9044826075089842
6,30,1.1322825004087644
6,31,1.3209969684905662
6,32,1.614251204504383
6,33,1.6773327758809102
7,0,0.4389591112617513
7,1,1.1341830332370675
7,2,0.6629603629162366
7,3,0.5758355309264865
7,4,0.23890994843582603
7,5,0.47502753651093604
7,6,0.8299649660396518
7,7,0.0
7,8,0.8338805138798473
7,9,0.6713371805386225
7,10,0.9375047680527819
7,11,1.3379392734372186
7,12,1.3872574691199204
7,13,1.4646723508434374
7,14,0.5284405426024792
7,15,0.5469562609860041
7,16,0.6596078843219156
7,17,0.5968486778734854
7,18,0.3784693530921669
7,19,0.8260022368955866
7,20,0.532512284581281
7,21,0.21148461869568672
7,22,0.8774142532916925
7,23,0.8235850273700019
7,24,1.0165934009380326
7,25,0.8467227422715221
7,26,1.4881912865078002
7,27,1.614984501918459
7,28,1.4886745132369614
7,29,1.2701524510525222
7,30,1.042352558152742
7,31,0.9644311982044826
7,32,1.1111053332225658
7,33,1.174186904599093
8,0,1.2728396251415985
8,1,1.9680635471169148
8,2,1.496840876796084
8,3,1.4097160448063337
8,4,0.5949705654440213
8,5,0.35885297736891125
8,6,1.663845479919499
8,7,0.8338805138798473
8,8,0.0
8,9,0.26123279130832666
8,10,1.0578639876849212
8,11,2.171819787317066
8,12,2.221137982999768
8,13,2.2985528647232845
8,14,0.7756390968065715
8,15,0.9030168779941994
8,16,0.906806438526008
8,17,0.7072309615355653
8,18,0.9256102863168838
8,19,0.47807740251346414
8,20,1.3663927984611282
8,21,1.045365132575534
8,22,1.0034899352109627
8,23,0.9496607092892722
8,24,1.8504739148178801
8,25,1.6806032561513695
8,26,2.3220718003876475
8,27,2.4488650157983063
8,28,2.3225550271168087
8,29,2.1040329649323697
8,30,1.8762330720325893
8,31,1.79831171208433
8,32,1.9449858471024133
8,33,2.0080674184789404
9,0,1.1102962918003738
9,1,1.80552021377569
9,2,1.3342975434548592
9,3,1.247172711465109
9,4,0.8562033567523479
9,5,0.6200857686772379
9,6,1.5013021465782743
9,7,0.6713371805386225
9,8,0.26123279130832666
9,9,0.0
9,10,0.7966311963765944
9,11,2.009276453975841
9,12,2.058594649658543
9,13,2.1360095313820597
9,14,0.5144063054982448
9,15,1.1642496693025262
9,16,0.6455736472176812
9,17,0.44599817022723864
9,18,0.6643774950085573
9,19,0.21684461120513748
9,20,1.2038494651199034
9,21,0.8828217992343091
9,22,0.7422571439026361
9,23,0.6884279179809455
9,24,1.687930581476655
9,25,1.5180599228101446
9,26,2.1595284670464228
9,27,2.2863216824570816
9,28,2.160011693775584
9,29,1.9414896315911447
9,30,1.7136897386913645
9,31,1.635768378743105
9,32,1.7824425137611883
9,33,1.8455240851377155
10,0,1.3764638793145334
10,1,2.0716878012898494
10,2,1.6004651309690185
10,3,1.5133402989792686
10,4,1.0248490463226718
10,5,1.260966634397782
10,6,1.7674697340924337
10,7,0.9375047680527819
10,8,1.0578639876849212
10,9,0.7966311963765944
10,10,0.0
10,11,2.2754440414900006
10,12,2.3247622371727026
10,13,2.4021771188962195
10,14,0.419041161420362
10,15,1.3328953588728498
10,16,0.5502085031397984
10,17,0.3506330261493558
10,18,0.5690123509306744
10,19,0.579786585171457
10,20,1.470017052634063
10,21,1.1489893867484688
10,22,0.060090514761089404
10,23,0.11391974068278
10,24,1.9540981689908148
10,25,1.7842275103243042
10,26,2.425696054560582
10,27,2.552489269971241
10,28,2.4261792812897434
10,29,2.2076572191053043
10,30,1.979857326205524
10,31,1.9019359662572648
10,32,2.0486101012753477
10,33,2.111691672651875
11,0,0.9825934438725121
11,1,1.1236511484958251
11,2,0.7857720186545247
11,3,0.8419814437019445
11,4,1.5768492218730445
11,5,1.8129668099481546
11,6,1.427869215693241
11,7,1.3379392734372186
11,8,2.171819787317066
11,9,2.009276453975841
11,10,2.2754440414900006
11,11,0.0
11,12,0.049318195682701856
11,13,0.7931618308894556
11,14,1.866379816039698
11,15,1.8848955344232228
11,16,1.9975471577591344
11,17,1.9347879513107042
11,18,1.7164086265293856
11,19,2.1639415103328052
11,20,1.725321897151612
11,21,1.2854524930428282
11,22,2.215353526728911
11,23,2.1615243008072205
11,24,0.8761413296539808
11,25,0.9695343980098102
11,26,0.1502520130705815
11,27,0.30985428511694696
11,28,0.4361642737984446
11,29,0.523386608184257
11,30,0.29558671528447666
11,31,0.4843011833662786
11,32,0.7775554193800953
11,33,0.8406369907566225
12,0,1.031911639555214
12,1,1.1729693441785272
12,2,0.8350902143372265
12,3,0.8912996393846464
12,4,1.6261674175557463
12,5,1.8622850056308564
12,6,1.477187411375943
12,7,1.3872574691199204
12,8,2.221137982999768
12,9,2.058594649658543
12,10,2.3247622371727026
12,11,0.049318195682701856
12,12,0.0
12,13,0.8424800265721575
12,14,1.9156980117223998
12,15,1.9342137301059246
12,16,2.046865353441836
12,17,1.984106146993406
12,18,1.7657268222120874
12,19,2.2132597060155073
12,20,1.7746400928343138
12,21,1.3347706887255297
12,22,2.264671722411613
12,23,2.2108424964899225
12,24,0.9254595253366826
12,25,1.018852593692512
12,26,0.10093381738787964
12,27,0.2605360894342451
12,28,0.38684607811574273
12,29,0.5727048038669588
12,30,0.3449049109671785
12,31,0.5336193790489804
12,32,0.8268736150627971
12,33,0.8899551864393243
13,0,1.1845818441930143
13,1,0.3304893176063697
13,2,0.9877604189750269
13,3,1.0439698440224467
13,4,1.7035822992792635
13,5,1.9396998873543736
13,6,0.6347073848037856
13,7,1.4646723508434374
13,8,2.2985528647232845
13,9,2.1360095313820597
13,10,2.4021771188962195
13,11,0.7931618308894556
13,12,0.8424800265721575
13,13,0.0
13,14,1.9931128934459168
13,15,2.0116286118294413
13,16,2.124280235165353
13,17,2.061521028716923
13,18,1.8431417039356042
13,19,2.2906745877390238
13,20,0.9321600662621564
13,21,1.4874408933633303
13,22,2.34208660413513
13,23,2.2882573782134394
13,24,1.078129729974483
13,25,1.1715227983303125
13,26,0.7742095456175009
13,27,0.6146072735711354
13,28,0.48829728488963786
13,29,0.2697752227051986
13,30,0.4975751156049789
13,31,0.6862895836867808
13,32,0.9795438197005975
13,33,1.0426253910771246
14,0,0.9673996538642305
14,1,1.662623575839547
14,2,1.191400905518716
14,3,1.1042760735289658
14,4,0.7673504910383052
14,5,1.0034680791134154
14,6,1.358405508642131
14,7,0.5284405426024792
14,8,0.7756390968065715
14,9,0.5144063054982448
14,10,0.419041161420362
14,11,1.866379816039698
14,12,1.9156980117223998
14,13,1.9931128934459168
14,14,0.0
14,15,1.0753968035884833
14,16,0.13116734171943642
14,17,0.0684081352710062
14,18,0.14997118951031232
14,19,0.29756169429310736
14,20,1.0609528271837603
14,21,0.7399251612981659
14,22,0.36466710894640364
14,23,0.31083788302471305
14,24,1.545033943540512
14,25,1.3751632848740014
14,26,2.0166318291102794
14,27,2.1434250445209386
14,28,2.017115055839441
14,29,1.7985929936550016
14,30,1.5707931007552214
14,31,1.4928717408069618
14,32,1.6395458758250452
14,33,1.7026274472015723
15,0,0.9859153722477554
15,1,1.6811392942230716
15,2,1.2099166239022408
15,3,1.1227917919124906
15,4,0.30804631255017806
15,5,0.5441639006252881
15,6,1.376921227025656
15,7,0.5469562609860041
15,8,0.9030168779941994
15,9,1.1642496693025262
15,10,1.3328953588728498
15,11,1.8848955344232228
15,12,1.9342137301059246
15,13,2.0116286118294413
15,14,1.0753968035884833
15,15,0.0
15,16,1.2065641453079197
15,17,1.1438049388594895
15,18,0.925425614078171
15,19,1.3729584978815907
15,20,1.079468545567285
15,21,0.7584408796816908
15,22,1.2728048441117603
15,23,1.2189756181900697
15,24,1.563549661924037
15,25,1.3936790032575264
15,26,2.0351475474938043
15,27,2.161940762904463
15,28,2.0356307742229656
15,29,1.8171087120385263
15,30,1.589308819138746
15,31,1.5113874591904868
15,32,1.6580615942085701
15,33,1.7211431655850973
16,0,1.098566995583667
16,1,1.7937909175589832
16,2,1.3225682472381524
16,3,1.2354434152484022
16,4,0.8985178327577417
16,5,1.1346354208328517
16,6,1.4895728503615673
16,7,0.6596078843219156
16,8,0.906806438526008
16,9,0.6455736472176812
16,10,0.5502085031397984
16,11,1.9975471577591344
16,12,2.046865353441836
16,13,2.124280235165353
16,14,0.13116734171943642
16,15,1.2065641453079197
16,16,0.0
16,17,0.19957547699044262
16,18,0.28113853122974874
16,19,0.42872903601254375
16,20,1.1921201689031966
16,21,0.8710925030176023
16,22,0.4958344506658401
16,23,0.4420052247441495
16,24,1.6762012852599484
16,25,1.5063306265934377
16,26,2.1477991708297157
16,27,2.274592386240375
16,28,2.1482823975588774
16,29,1.929760335374438
16,30,1.7019604424746577
16,31,1.6240390825263982
16,32,1.7707132175444815
16,33,1.8337947889210087
17,0,1.0358077891352369
17,1,1.731031711110553
17,2,1.2598090407897222
17,3,1.172684208799972
17,4,0.8357586263093114
17,5,1.0660839389044765
17,6,1.4268136439131371
17,7,0.5968486778734854
17,8,0.7072309615355653
17,9,0.44599817022723864
17,10,0.3506330261493558
17,11,1.9347879513107042
17,12,1.984106146993406
17,13,2.061521028716923
17,14,0.0684081352710062
17,15,1.1438049388594895
17,16,0.19957547699044262
17,17,0.0
17,18,0.21837932478131852
17,19,0.22915355902210116
17,20,1.1293609624547665
17,21,0.8083332965691721
17,22,0.29625897367539744
17,23,0.24242974775370685
17,24,1.6134420788115182
17,25,1.4435714201450076
17,26,2.0850399643812856
17,27,2.211833179791945
17,28,2.0855231911104473
17,29,1.8670011289260078
17,30,1.6392012360262276
17,31,1.561279876077968
17,32,1.7079540110960514
17,33,1.7710355824725785
18,0,0.8174284643539182
18,1,1.5126523863292345
18,2,1.0414297160084036
18,3,0.9543048840186534
18,4,0.6173793015279929
18,5,0.853496889603103
18,6,1.2084343191318188
18,7,0.3784693530921669
18,8,0.9256102863168838
18,9,0.6643774950085573
18,10,0.5690123509306744
18,11,1.7164086265293856
18,12,1.7657268222120874
18,13,1.8431417039356042
18,14,0.14997118951031232
18,15,0.925425614078171
18,16,0.28113853122974874
18,17,0.21837932478131852
18,18,0.0
18,19,0.4475328838034197
18,20,0.9109816376734479
18,21,0.5899539717878536
18,22,0.5146382984567159
18,23,0.46080907253502534
18,24,1.3950627540301994
18,25,1.225192095363689
18,26,1.8666606395999672
18,27,1.993453855010626
18,28,1.8671438663291284
18,29,1.6486218041446892
18,30,1.420821911244909
18,31,1.3429005512966494
18,32,1.4895746863147328
18,33,1.55265625769126
19,0,1.264961348157338
19,1,1.960185270132654
19,2,1.4889625998118232
19,3,1.401837767822073
19,4,1.0649121853314125
19,5,0.8369303798823753
19,6,1.6559672029352384
19,7,0.8260022368955866
19,8,0.47807740251346414
19,9,0.21684461120513748
19,10,0.579786585171457
19,11,2.1639415103328052
19,12,2.2132597060155073
19,13,2.2906745877390238
19,14,0.29756169429310736
19,15,1.3729584978815907
19,16,0.42872903601254375
19,17,0.22915355902210116
19,18,0.4475328838034197
19,19,0.0
19,20,1.3585145214768675
19,21,1.0374868555912733
19,22,0.5254125326974987
19,23,0.471583306775808
19,24,1.8425956378336195
19,25,1.6727249791671088
19,26,2.314193523403387
19,27,2.4409867388140456
19,28,2.314676750132548
19,29,2.096154687948109
19,30,1.8683547950483286
19,31,1.790433435100069
19,32,1.9371075701181526
19,33,2.0001891414946797
20,0,0.9714713958430323
20,1,0.6016707486557866
20,2,1.1954726474975175
20,3,1.1083478155077675
20,4,0.771422233017107
20,5,1.007539821092217
20,6,0.2974526814583708
20,7,0.532512284581281
20,8,1.3663927984611282
20,9,1.2038494651199034
20,10,1.470017052634063
20,11,1.725321897151612
20,12,1.7746400928343138
20,13,0.9321600662621564
20,14,1.0609528271837603
20,15,1.079468545567285
20,16,1.1921201689031966
20,17,1.1293609624547665
20,18,0.9109816376734479
20,19,1.3585145214768675
20,20,0.0
20,21,0.7439969032769677
20,22,1.4099265378729735
20,23,1.356097311951283
20,24,1.5491056855193137
20,25,1.379235026852803
20,26,1.7063696118796574
20,27,1.546767339833292
20,28,1.4204573511517944
20,29,1.2019352889673551
20,30,1.4297351818671353
20,31,1.4969434827857637
20,32,1.6436176178038469
20,33,1.706699189180374
21,0,0.650443729957438
21,1,1.3456676519327542
21,2,0.49968047438830343
21,3,0.5868053063780535
21,4,0.4503945671315127
21,5,0.6865121552066228
21,6,1.0414495847353384
21,7,0.21148461869568672
21,8,1.045365132575534
21,9,0.8828217992343091
21,10,1.1489893867484688
21,11,1.2854524930428282
21,12,1.3347706887255297
21,13,1.4874408933633303
21,14,0.7399251612981659
21,15,0.7584408796816908
21,16,0.8710925030176023
21,17,0.8083332965691721
21,18,0.5899539717878536
21,19,1.0374868555912733
21,20,0.7439969032769677
21,21,0.0
21,22,1.0888988719873793
21,23,1.0350696460656887
21,24,0.8533135124100995
21,25,0.6834428537435889
21,26,1.4357045061134095
21,27,1.5624977215240685
21,28,1.436187732842571
21,29,1.2176656706581317
21,30,0.9898657777583514
21,31,0.8011513096765495
21,32,0.9478254446946326
21,33,1.0109070160711597
22,0,1.316373364553444
22,1,2.0115972865287604
22,2,1.540374616207929
22,3,1.453249784218179
22,4,0.9647585315615823
22,5,1.2008761196366924
22,6,1.7073792193313442
22,7,0.8774142532916925
22,8,1.0034899352109627
22,9,0.7422571439026361
22,10,0.060090514761089404
22,11,2.215353526728911
22,12,2.264671722411613
22,13,2.34208660413513
22,14,0.36466710894640364
22,15,1.2728048441117603
22,16,0.4958344506658401
22,17,0.29625897367539744
22,18,0.5146382984567159
22,19,0.5254125326974987
22,20,1.4099265378729735
22,21,1.0888988719873793
22,22,0.0
22,23,0.0538292259216906
22,24,1.8940076542297253
22,25,1.7241369955632146
22,26,2.3656055397994926
22,27,2.4923987552101514
22,28,2.366088766528654
22,29,2.147566704344215
22,30,1.9197668114444344
22,31,1.8418454514961753
22,32,1.9885195865142584
22,33,2.0516011578907856
23,0,1.2625441386317533
23,1,1.9577680606070695
23,2,1.4865453902862384
23,3,1.3994205582964885
23,4,0.9109293056398917
23,5,1.1470468937150018
23,6,1.6535499934096536
23,7,0.8235850273700019
23,8,0.9496607092892722
23,9,0.6884279179809455
23,10,0.11391974068278
23,11,2.1615243008072205
23,12,2.2108424964899225
23,13,2.2882573782134394
23,14,0.31083788302471305
23,15,1.2189756181900697
23,16,0.4420052247441495
23,17,0.24242974775370685
23,18,0.46080907253502534
23,19,0.471583306775808
23,20,1.356097311951283
23,21,1.0350696460656887
23,22,0.0538292259216906
23,23,0.0
23,24,1.8401784283080347
23,25,1.670307769641524
23,26,2.311776313877802
23,27,2.438569529288461
23,28,2.3122595406069633
23,29,2.0937374784225242
23,30,1.8659375855227438
23,31,1.7880162255744847
23,32,1.9346903605925678
23,33,1.997771931969095
24,0,0.5813698701821137
24,1,1.4086190475808527
24,2,0.353633038021796
24,3,0.4407578700115461
24,4,1.2555033493738588
24,5,1.4916209374489688
24,6,1.7128371147782686
24,7,1.0165934009380326
24,8,1.8504739148178801
24,9,1.687930581476655
24,10,1.9540981689908148
24,11,0.8761413296539808
24,12,0.9254595253366826
24,13,1.078129729974483
24,14,1.545033943540512
24,15,1.563549661924037
24,16,1.6762012852599484
24,17,1.6134420788115182
24,18,1.3950627540301994
24,19,1.8425956378336195
24,20,1.5491056855193137
24,21,0.8533135124100995
24,22,1.8940076542297253
24,23,1.8401784283080347
24,24,0.0
24,25,0.16987065866651052
24,26,1.0263933427245624
24,27,1.1531865581352212
24,28,1.0268765694537236
24,29,0.8083545072692844
24,30,0.5805546143695042
24,31,0.6551038733100422
24,32,0.09858591027388554
24,33,0.16166748165041273
25,0,0.41149921151560315
25,1,1.5020121159366822
25,2,0.18376237935528553
25,3,0.2708872113450356
25,4,1.0856326907073481
25,5,1.3217502787824582
25,6,1.676687708311174
25,7,0.8467227422715221
25,8,1.6806032561513695
25,9,1.5180599228101446
25,10,1.7842275103243042
25,11,0.9695343980098102
25,12,1.018852593692512
25,13,1.1715227983303125
25,14,1.3751632848740014
25,15,1.3936790032575264
25,16,1.5063306265934377
25,17,1.4435714201450076
25,18,1.225192095363689
25,19,1.6727249791671088
25,20,1.379235026852803
25,21,0.6834428537435889
25,22,1.7241369955632146
25,23,1.670307769641524
25,24,0.16987065866651052
25,25,0.0
25,26,1.1197864110803917
25,27,1.2465796264910507
25,28,1.1202696378095531
25,29,0.9017475756251139
25,30,0.6739476827253336
25,31,0.48523321464353164
25,32,0.2643825909510437
25,33,0.3274641623275709
26,0,1.1328454569430937
26,1,1.1046988632238706
26,2,0.9360240317251061
26,3,0.992233456772526
26,4,1.727101234943626
26,5,1.9632188230187362
26,6,1.4089169304212865
26,7,1.4881912865078002
26,8,2.3220718003876475
26,9,2.1595284670464228
26,10,2.425696054560582
26,11,0.1502520130705815
26,12,0.10093381738787964
26,13,0.7742095456175009
26,14,2.0166318291102794
26,15,2.0351475474938043
26,16,2.1477991708297157
26,17,2.0850399643812856
26,18,1.8666606395999672
26,19,2.314193523403387
26,20,1.7063696118796574
26,21,1.4357045061134095
26,22,2.3656055397994926
26,23,2.311776313877802
26,24,1.0263933427245624
26,25,1.1197864110803917
26,26,0.0
26,27,0.15960227204636546
26,28,0.2859122607278631
26,29,0.5044343229123023
26,30,0.44583872835505817
26,31,0.63455319643686
26,32,0.9278074324506768
26,33,0.9908890038272039
27,0,1.2596386723537525
27,1,0.9450965911775051
27,2,1.062817247135765
27,3,1.119026672183185
27,4,1.853894450354285
27,5,2.090012038429395
27,6,1.249314658374921
27,7,1.614984501918459
27,8,2.4488650157983063
27,9,2.2863216824570816
27,10,2.552489269971241
27,11,0.30985428511694696
27,12,0.2605360894342451
27,13,0.6146072735711354
27,14,2.1434250445209386
27,15,2.161940762904463
27,16,2.274592386240375
27,17,2.211833179791945
27,18,1.993453855010626
27,19,2.4409867388140456
27,20,1.546767339833292
27,21,1.5624977215240685
27,22,2.4923987552101514
27,23,2.438569529288461
27,24,1.1531865581352212
27,25,1.2465796264910507
27,26,0.15960227204636546
27,27,0.0
27,28,0.12630998868149762
27,29,0.3448320508659368
27,30,0.5726319437657171
27,31,0.7613464118475191
27,32,1.0546006478613357
27,33,1.1176822192378628
28,0,1.133328683672255
28,1,0.8187866024960075
28,2,0.9365072584542675
28,3,0.9927166835016874
28,4,1.7275844616727873
28,5,1.9637020497478974
28,6,1.1230046696934235
28,7,1.4886745132369614
28,8,2.3225550271168087
28,9,2.160011693775584
28,10,2.4261792812897434
28,11,0.4361642737984446
28,12,0.38684607811574273
28,13,0.48829728488963786
28,14,2.017115055839441
28,15,2.0356307742229656
28,16,2.1482823975588774
28,17,2.0855231911104473
28,18,1.8671438663291284
28,19,2.314676750132548
28,20,1.4204573511517944
28,21,1.436187732842571
28,22,2.366088766528654
28,23,2.3122595406069633
28,24,1.0268765694537236
28,25,1.1202696378095531
28,26,0.2859122607278631
28,27,0.12630998868149762
28,28,0.0
28,29,0.21852206218443923
28,30,0.4463219550842195
28,31,0.6350364231660214
28,32,0.9282906591798381
28,33,0.9913722305563653
29,0,0.9148066214878158
29,1,0.6002645403115683
29,2,0.7179851962698283
29,3,0.7741946213172481
29,4,1.509062399488348
29,5,1.7451799875634582
29,6,0.9044826075089842
29,7,1.2701524510525222
29,8,2.1040329649323697
29,9,1.9414896315911447
29,10,2.2076572191053043
29,11,0.523386608184257
29,12,0.5727048038669588
29,13,0.2697752227051986
29,14,1.7985929936550016
29,15,1.8171087120385263
29,16,1.929760335374438
29,17,1.8670011289260078
29,18,1.6486218041446892
29,19,2.096154687948109
29,20,1.2019352889673551
29,21,1.2176656706581317
29,22,2.147566704344215
29,23,2.0937374784225242
29,24,0.8083545072692844
29,25,0.9017475756251139
29,26,0.5044343229123023
29,27,0.3448320508659368
29,28,0.21852206218443923
29,29,0.0
29,30,0.22779989289978028
29,31,0.4165143609815822
29,32,0.7097685969953988
29,33,0.772850168371926
30,0,0.6870067285880355
30,1,0.8280644332113486
30,2,0.49018530337004795
30,3,0.5463947284174678
30,4,1.2812625065885679
30,5,1.517380094663678
30,6,1.1322825004087644
30,7,1.042352558152742
30,8,1.8762330720325893
30,9,1.7136897386913645
30,10,1.979857326205524
30,11,0.29558671528447666
30,12,0.3449049109671785
30,13,0.4975751156049789
30,14,1.5707931007552214
30,15,1.589308819138746
30,16,1.7019604424746577
30,17,1.6392012360262276
30,18,1.420821911244909
30,19,1.8683547950483286
30,20,1.4297351818671353
30,21,0.9898657777583514
30,22,1.9197668114444344
30,23,1.8659375855227438
30,24,0.5805546143695042
30,25,0.6739476827253336
30,26,0.44583872835505817
30,27,0.5726319437657171
30,28,0.4463219550842195
30,29,0.22779989289978028
30,30,0.0
30,31,0.1887144680818019
30,32,0.4819687040956186
30,33,0.5450502754721458
31,0,0.5292076674485637
31,1,1.0167789012931505
31,2,0.3014708352882461
31,3,0.38859566727799616
31,4,1.2033411466403088
31,5,1.4394587347154186
31,6,1.3209969684905662
31,7,0.9644311982044826
31,8,1.79831171208433
31,9,1.635768378743105
31,10,1.9019359662572648
31,11,0.4843011833662786
31,12,0.5336193790489804
31,13,0.6862895836867808
31,14,1.4928717408069618
31,15,1.5113874591904868
31,16,1.6240390825263982
31,17,1.561279876077968
31,18,1.3429005512966494
31,19,1.790433435100069
31,20,1.4969434827857637
31,21,0.8011513096765495
31,22,1.8418454514961753
31,23,1.7880162255744847
31,24,0.6551038733100422
31,25,0.48523321464353164
31,26,0.63455319643686
31,27,0.7613464118475191
31,28,0.6350364231660214
31,29,0.4165143609815822
31,30,0.1887144680818019
31,31,0.0
31,32,0.6706831721774205
31,33,0.7337647435539476
32,0,0.6758818024666469
32,1,1.3100331373069671
32,2,0.44814497030632927
32,3,0.5352698022960793
32,4,1.350015281658392
32,5,1.586132869733502
32,6,1.614251204504383
32,7,1.1111053332225658
32,8,1.9449858471024133
32,9,1.7824425137611883
32,10,2.0486101012753477
32,11,0.7775554193800953
32,12,0.8268736150627971
32,13,0.9795438197005975
32,14,1.6395458758250452
32,15,1.6580615942085701
32,16,1.7707132175444815
32,17,1.7079540110960514
32,18,1.4895746863147328
32,19,1.9371075701181526
32,20,1.6436176178038469
32,21,0.9478254446946326
32,22,1.9885195865142584
32,23,1.9346903605925678
32,24,0.09858591027388554
32,25,0.2643825909510437
32,26,0.9278074324506768
32,27,1.0546006478613357
32,28,0.9282906591798381
32,29,0.7097685969953988
32,30,0.4819687040956186
32,31,0.6706831721774205
32,32,0.0
32,33,0.06308157137652719
33,0,0.738963373843174
33,1,1.3731147086834943
33,2,0.5112265416828564
33,3,0.5983513736726065
33,4,1.413096853034919
33,5,1.6492144411100291
33,6,1.6773327758809102
33,7,1.174186904599093
33,8,2.0080674184789404
33,9,1.8455240851377155
33,10,2.111691672651875
33,11,0.8406369907566225
33,12,0.8899551864393243
33,13,1.0426253910771246
33,14,1.7026274472015723
33,15,1.7211431655850973
33,16,1.8337947889210087
33,17,1.7710355824725785
33,18,1.55265625769126
33,19,2.0001891414946797
33,20,1.706699189180374
33,21,1.0109070160711597
33,22,2.0516011578907856
33,23,1.997771931969095
33,24,0.16166748165041273
33,25,0.3274641623275709
33,26,0.9908890038272039
33,27,1.1176822192378628
33,28,0.9913722305563653
33,29,0.772850168371926
33,30,0.5450502754721458
33,31,0.7337647435539476
33,32,0.06308157137652719
33,33,0.0
