source_id,target_id,rtt
0,0,0.0
0,1,15.89603978094624
0,2,8.289897732367269
0,3,7.056979366489855
0,4,10.898124814297937
0,5,1.4138112812719412
0,6,15.7930004960481
0,7,10.715619432972895
0,8,8.395380111806723
0,9,28.21736259904769
0,10,10.842571885535873
0,11,12.412604254136717
0,12,27.257594724324104
0,13,26.364401192095006
0,15,13.535699558476143
0,16,10.905794081541162
0,17,10.839288651973735
0,18,26.364401192095006
0,20,15.784386443085271
0,21,28.280984710392154
0,22,27.226759434942945
0,23,26.13939076351524
0,24,28.251149550170428
0,25,26.13939076351524
0,26,18.88577691392043
0,27,15.701705686579334
0,28,15.803137080046024
1,0,15.89603978094624
1,1,0.0
1,2,7.681706537960299
1,3,8.882025900054401
1,4,6.016772688895243
1,5,16.44922093614478
1,6,0.8352262958823936
1,7,5.996659848563973
1,8,23.96364969433759
1,9,43.568903912100815
1,10,6.074916306205164
1,11,4.1112001389659
1,12,42.4506621965499
1,13,42.148752963550876
1,15,29.022182014841118
1,16,6.07895625450915
1,17,6.207724608226937
1,18,42.148752963550876
1,20,0.8404440488875015
1,21,43.62011319063323
1,22,42.95528690942028
1,23,41.9273011747921
1,24,43.59326051888891
1,25,41.9273011747921
1,26,34.01669479913915
1,27,0.9349091274096542
1,28,0.8162374556700163
2,0,8.289897732367269
2,1,7.681706537960299
2,2,0.0
2,3,1.8271821561207584
2,4,3.029146818777096
2,5,8.770441146861662
2,6,7.687110381643287
2,7,2.7558765998343957
2,8,16.284028453341037
2,9,36.33852373253884
2,10,2.990737335709035
2,11,4.836708771866844
2,12,35.304966773223555
2,13,34.6451615480226
2,15,21.678803570264115
2,16,3.0814188778912253
2,17,3.078350974603024
2,18,34.6451615480226
2,20,7.679293863068509
2,21,36.39681076970532
2,22,35.49308729392277
2,23,34.420879381870655
2,24,36.36823137965791
2,25,34.420879381870655
2,26,26.873021788083232
2,27,7.611208124318404
2,28,7.6942715694157995
3,0,7.056979366489855
3,1,8.882025900054401
3,2,1.8271821561207584
3,3,0.0
3,4,4.847236549895704
3,5,7.770721671399946
3,6,8.741681042230969
3,7,4.565668053709362
3,8,15.320992203093187
3,9,34.80842393014169
3,10,4.810983037341307
3,11,5.399969494652025
3,12,33.74057486933419
3,13,33.271801420202756
3,15,20.19206547747938
3,16,4.903089108683795
3,17,4.903840828169425
3,18,33.271801420202756
3,20,8.732964547575781
3,21,34.86375474437408
3,22,34.08846515680979
3,23,33.04980182261343
3,24,34.835884570487615
3,25,33.04980182261343
3,26,25.3004620325376
3,27,8.648475790169426
3,28,8.752261019451293
4,0,10.898124814297937
4,1,6.016772688895243
4,2,3.029146818777096
4,3,4.847236549895704
4,4,0.0
4,5,11.134941901582705
4,6,6.334819527393776
4,7,0.3113158996892337
4,8,18.437448896223504
4,9,39.09861518569788
4,10,0.06094240416799782
4,11,4.989443329493157
4,12,38.10635865083016
4,13,37.215200112037884
4,15,24.416546944116888
4,16,0.10097334042360068
4,17,0.22514872341805903
4,18,37.215200112037884
4,20,6.329759667333253
4,21,39.16034218593431
4,22,38.100924594667504
4,23,36.98847964063542
4,24,39.130954344651485
4,25,36.98847964063542
4,26,29.694258628051777
4,27,6.303734638988886
4,28,6.3340062284610035
5,0,1.4138112812719412
5,1,16.44922093614478
5,2,8.770441146861662
5,3,7.770721671399946
5,4,11.134941901582705
5,5,0.0
5,6,16.413241775352567
5,7,10.986105196773197
5,8,7.55416534285931
5,9,28.19305989172189
5,10,11.0766521662453
5,11,13.17065589226887
5,12,27.30040579310998
5,13,26.097558983284728
5,15,13.565877366897897
5,16,11.129763492991563
5,17,11.048873418583211
5,18,26.097558983284728
5,20,16.40500242677761
5,21,28.261563231158448
5,22,27.00338563710692
5,23,25.86993783902863
5,24,28.230627254588686
5,25,25.86993783902863
5,26,19.013708890615106
5,27,16.32923929892271
5,28,16.421902020741232
6,0,15.7930004960481
6,1,0.8352262958823936
6,2,7.687110381643287
6,3,8.741681042230969
6,4,6.334819527393776
6,5,16.413241775352567
6,6,0.0
6,7,6.27550980921645
6,8,23.953883748603847
6,9,43.276385711533564
6,10,6.390236177855763
6,11,3.6758451571268833
6,12,42.1365749734403
6,13,41.952335077732776
6,15,28.78066214795594
6,16,6.406392411146631
6,17,6.538961839753318
6,18,41.952335077732776
6,20,0.009653385005427163
6,21,43.32557665596749
6,22,42.74048426677694
6,23,41.732327951387596
6,24,43.29922739295013
6,25,41.732327951387596
6,26,33.712041877470945
6,27,0.1266247328777529
6,28,0.02076379802288357
7,0,10.715619432972895
7,1,5.996659848563973
7,2,2.7558765998343957
7,3,4.565668053709362
7,4,0.3113158996892337
7,5,10.986105196773197
7,6,6.27550980921645
7,7,0.0
7,8,18.325798928985964
7,9,38.90205569054979
7,10,0.3041772203249973
7,11,4.763285827396306
7,12,37.90176396284393
7,13,37.0511506540139
7,15,24.221872339032547
7,16,0.40020305256393224
7,17,0.483118963335354
7,18,37.0511506540139
7,20,6.270056786872796
7,21,38.96314125163568
7,22,37.93086802883176
7,23,36.824786414013275
7,24,38.933903011414124
7,25,36.824786414013275
7,26,29.48482582595368
7,27,6.238499316723656
7,28,6.275704823357089
8,0,8.395380111806723
8,1,23.96364969433759
8,2,16.284028453341037
8,3,15.320992203093187
8,4,18.437448896223504
8,5,7.55416534285931
8,6,23.953883748603847
8,7,18.325798928985964
8,8,0.0
8,9,22.188998446402717
8,10,18.377279119237517
8,11,20.719492552467493
8,12,21.56968834698705
8,13,19.350024427255914
8,15,8.720050432735734
8,16,18.418442033596996
8,17,18.323125758748947
8,18,19.350024427255914
8,20,23.94576284161472
8,21,22.273640361651445
8,22,20.366782023404518
8,23,19.118716511602262
8,24,22.2394091224247
8,25,19.118716511602262
8,26,14.018684961491191
8,27,23.87201044024037
8,28,23.96210120124169
9,0,28.21736259904769
9,1,43.568903912100815
9,2,36.33852373253884
9,3,34.80842393014169
9,4,39.09861518569788
9,5,28.19305989172189
9,6,43.276385711533564
9,7,38.90205569054979
9,8,22.188998446402717
9,9,0.0
9,10,39.04430866711396
9,11,39.62187652650753
9,12,1.5767063740084872
9,13,4.961619809720276
9,15,14.68305737692308
9,16,39.11077157583467
9,17,39.04866498373399
9,18,4.961619809720276
9,20,43.26695661728099
9,21,0.11519739272283842
9,22,3.94230023409921
9,23,5.08372818416503
9,24,0.08129417383207821
9,25,5.08372818416503
9,26,9.575298039712795
9,27,43.16595171711182
9,28,43.290717360435295
10,0,10.842571885535873
10,1,6.074916306205164
10,2,2.990737335709035
10,3,4.810983037341307
10,4,0.06094240416799782
10,5,11.0766521662453
10,6,6.390236177855763
10,7,0.3041772203249973
10,8,18.377279119237517
10,9,39.04430866711396
10,10,0.0
10,11,5.0200373453623
10,12,38.053017648207415
10,13,37.15780906780845
10,15,24.362088770471452
10,16,0.09836891603858071
10,17,0.19181531400345386
10,18,37.15780906780845
10,20,6.385143480506545
10,21,39.10610912809651
10,22,38.04401448712773
10,23,36.931061632983344
10,24,39.07670414691786
10,25,36.931061632983344
10,26,29.641574030730506
10,27,6.35864995573481
10,28,6.389505419738407
11,0,12.412604254136717
11,1,4.1112001389659
11,2,4.836708771866844
11,3,5.399969494652025
11,4,4.989443329493157
11,5,13.17065589226887
11,6,3.6758451571268833
11,7,4.763285827396306
11,8,20.719492552467493
11,9,39.62187652650753
11,10,5.0200373453623
11,11,0.0
11,12,38.472292785662056
11,13,38.37650924547616
11,15,25.167521808152603
11,16,5.088997519827316
11,17,5.211255294626375
11,18,38.37650924547616
11,20,3.666252574230708
11,21,39.67001061707986
11,22,39.14519512732585
11,23,38.158196025966376
11,24,39.64392462017548
11,25,38.158196025966376
11,26,30.05311826671531
11,27,3.559907522009177
11,28,3.691679202998938
12,0,27.257594724324104
12,1,42.4506621965499
12,2,35.304966773223555
12,3,33.74057486933419
12,4,38.10635865083016
12,5,27.30040579310998
12,6,42.1365749734403
12,7,37.90176396284393
12,8,21.56968834698705
12,9,1.5767063740084872
12,10,38.053017648207415
12,11,38.472292785662056
12,12,0.0
12,13,5.804372612248032
12,15,13.738825195365099
12,16,38.121895449004384
12,17,38.06387087650018
12,18,5.804372612248032
12,20,42.12709251945262
12,21,1.5452481619139058
12,22,4.981239221665102
12,23,5.874060938138665
12,24,1.5417392973054396
12,25,5.874060938138665
12,26,8.440897479371404
12,27,42.02447757791312
12,28,42.15131464095746
13,0,26.364401192095006
13,1,42.148752963550876
13,2,34.6451615480226
13,3,33.271801420202756
13,4,37.215200112037884
13,5,26.097558983284728
13,6,41.952335077732776
13,7,37.0511506540139
13,8,19.350024427255914
13,9,4.961619809720276
13,10,37.15780906780845
13,11,38.37650924547616
13,12,5.804372612248032
13,13,0.0
13,15,13.280289461673647
13,16,37.21448289238078
13,17,37.137675390554534
13,18,0.0
13,20,41.943224867565355
13,21,5.07596749551312
13,22,1.1983203363116721
13,23,0.23138325199799417
13,24,5.042869921343744
13,25,0.23138325199799417
13,26,9.507669226773663
13,27,41.850202686605684
13,28,41.96474780216315
15,0,13.535699558476143
15,1,29.022182014841118
15,2,21.678803570264115
15,3,20.19206547747938
15,4,24.416546944116888
15,5,13.565877366897897
15,6,28.78066214795594
15,7,24.221872339032547
15,8,8.720050432735734
15,9,14.68305737692308
15,10,24.362088770471452
15,11,25.167521808152603
15,12,13.738825195365099
15,13,13.280289461673647
15,15,0.0
15,16,24.428211710817735
15,17,24.365737932658217
15,18,13.280289461673647
15,20,28.771400284466832
15,21,14.745902287980167
15,22,13.99169914273838
15,23,13.069593237565824
15,24,14.71621826514872
15,25,13.069593237565824
15,26,5.5147404122847625
15,27,28.674852188293485
15,28,28.79391330572971
16,0,10.905794081541162
16,1,6.07895625450915
16,2,3.0814188778912253
16,3,4.903089108683795
16,4,0.10097334042360068
16,5,11.129763492991563
16,6,6.406392411146631
16,7,0.40020305256393224
16,8,18.418442033596996
16,9,39.11077157583467
16,10,0.09836891603858071
16,11,5.088997519827316
16,12,38.121895449004384
16,13,37.21448289238078
16,15,24.428211710817735
16,16,0.0
16,17,0.13457327385134807
16,18,37.21448289238078
16,20,6.4014249099386
16,21,39.172763750209924
16,22,38.102498927796205
16,23,36.98763020969375
16,24,39.14331420919501
16,25,36.98763020969375
16,26,29.711996756832644
16,27,6.3766738958815345
16,28,6.405346415425278
17,0,10.839288651973735
17,1,6.207724608226937
17,2,3.078350974603024
17,3,4.903840828169425
17,4,0.22514872341805903
17,5,11.048873418583211
17,6,6.538961839753318
17,7,0.483118963335354
17,8,18.323125758748947
17,9,39.04866498373399
17,10,0.19181531400345386
17,11,5.211255294626375
17,12,38.06387087650018
17,13,37.137675390554534
17,15,24.365737932658217
17,16,0.13457327385134807
17,17,0.0
17,18,37.137675390554534
17,20,6.534023911885389
17,21,39.110972820335135
17,22,38.02821269756859
17,23,36.91068010673968
17,24,39.081449930838666
17,25,36.91068010673968
17,26,29.65678249527221
17,27,6.509661064993572
17,28,6.537840904223189
18,0,26.364401192095006
18,1,42.148752963550876
18,2,34.6451615480226
18,3,33.271801420202756
18,4,37.215200112037884
18,5,26.097558983284728
18,6,41.952335077732776
18,7,37.0511506540139
18,8,19.350024427255914
18,9,4.961619809720276
18,10,37.15780906780845
18,11,38.37650924547616
18,12,5.804372612248032
18,13,0.0
18,15,13.280289461673647
18,16,37.21448289238078
18,17,37.137675390554534
18,18,0.0
18,20,41.943224867565355
18,21,5.07596749551312
18,22,1.1983203363116721
18,23,0.23138325199799417
18,24,5.042869921343744
18,25,0.23138325199799417
18,26,9.507669226773663
18,27,41.850202686605684
18,28,41.96474780216315
20,0,15.784386443085271
20,1,0.8404440488875015
20,2,7.679293863068509
20,3,8.732964547575781
20,4,6.329759667333253
20,5,16.40500242677761
20,6,0.009653385005427163
20,7,6.270056786872796
20,8,23.94576284161472
20,9,43.26695661728099
20,10,6.385143480506545
20,11,3.666252574230708
20,12,42.12709251945262
20,13,41.943224867565355
20,15,28.771400284466832
20,16,6.4014249099386
20,17,6.534023911885389
20,18,41.943224867565355
20,20,0.0
20,21,43.31614221288705
20,22,42.73130314044048
20,23,41.72322363763536
20,24,43.28979428550499
20,25,41.72322363763536
20,26,33.70258721255123
20,27,0.11742092030994446
20,28,0.0292698027501826
21,0,28.280984710392154
21,1,43.62011319063323
21,2,36.39681076970532
21,3,34.86375474437408
21,4,39.16034218593431
21,5,28.261563231158448
21,6,43.32557665596749
21,7,38.96314125163568
21,8,22.273640361651445
21,9,0.11519739272283842
21,10,39.10610912809651
21,11,39.67001061707986
21,12,1.5452481619139058
21,13,5.07596749551312
21,15,14.745902287980167
21,16,39.172763750209924
21,17,39.110972820335135
21,18,5.07596749551312
21,20,43.31614221288705
21,21,0.0
21,22,4.053570236435507
21,23,5.198530690430838
21,24,0.03711105606634286
21,25,5.198530690430838
21,26,9.62044495862964
21,27,43.21498168980593
21,28,43.33994732042173
22,0,27.226759434942945
22,1,42.95528690942028
22,2,35.49308729392277
22,3,34.08846515680979
22,4,38.100924594667504
22,5,27.00338563710692
22,6,42.74048426677694
22,7,37.93086802883176
22,8,20.366782023404518
22,9,3.94230023409921
22,10,38.04401448712773
22,11,39.14519512732585
22,12,4.981239221665102
22,13,1.1983203363116721
22,15,13.99169914273838
22,16,38.102498927796205
22,17,38.02821269756859
22,18,1.1983203363116721
22,20,42.73130314044048
22,21,4.053570236435507
22,22,0.0
22,23,1.4010200602866816
22,24,4.023117336426125
22,25,1.4010200602866816
22,26,9.859344714499642
22,27,42.636656876131475
22,28,42.75327582842078
23,0,26.13939076351524
23,1,41.9273011747921
23,2,34.420879381870655
23,3,33.04980182261343
23,4,36.98847964063542
23,5,25.86993783902863
23,6,41.732327951387596
23,7,36.824786414013275
23,8,19.118716511602262
23,9,5.08372818416503
23,10,36.931061632983344
23,11,38.158196025966376
23,12,5.874060938138665
23,13,0.23138325199799417
23,15,13.069593237565824
23,16,36.98763020969375
23,17,36.91068010673968
23,18,0.23138325199799417
23,20,41.72322363763536
23,21,5.198530690430838
23,22,1.4010200602866816
23,23,0.0
23,24,5.164812901832182
23,25,0.0
23,26,9.345286916198834
23,27,41.63033414346893
23,28,41.744710023081936
24,0,28.251149550170428
24,1,43.59326051888891
24,2,36.36823137965791
24,3,34.835884570487615
24,4,39.130954344651485
24,5,28.230627254588686
24,6,43.29922739295013
24,7,38.933903011414124
24,8,22.2394091224247
24,9,0.08129417383207821
24,10,39.07670414691786
24,11,39.64392462017548
24,12,1.5417392973054396
24,13,5.042869921343744
24,15,14.71621826514872
24,16,39.14331420919501
24,17,39.081449930838666
24,18,5.042869921343744
24,20,43.28979428550499
24,21,0.03711105606634286
24,22,4.023117336426125
24,23,5.164812901832182
24,24,0.0
24,25,5.164812901832182
24,26,9.595030731443433
24,27,43.188672748488464
24,28,43.31358828148396
25,0,26.13939076351524
25,1,41.9273011747921
25,2,34.420879381870655
25,3,33.04980182261343
25,4,36.98847964063542
25,5,25.86993783902863
25,6,41.732327951387596
25,7,36.824786414013275
25,8,19.118716511602262
25,9,5.08372818416503
25,10,36.931061632983344
25,11,38.158196025966376
25,12,5.874060938138665
25,13,0.23138325199799417
25,15,13.069593237565824
25,16,36.98763020969375
25,17,36.91068010673968
25,18,0.23138325199799417
25,20,41.72322363763536
25,21,5.198530690430838
25,22,1.4010200602866816
25,23,0.0
25,24,5.164812901832182
25,25,0.0
25,26,9.345286916198834
25,27,41.63033414346893
25,28,41.744710023081936
26,0,18.88577691392043
26,1,34.01669479913915
26,2,26.873021788083232
26,3,25.3004620325376
26,4,29.694258628051777
26,5,19.013708890615106
26,6,33.712041877470945
26,7,29.48482582595368
26,8,14.018684961491191
26,9,9.575298039712795
26,10,29.641574030730506
26,11,30.05311826671531
26,12,8.440897479371404
26,13,9.507669226773663
26,15,5.5147404122847625
26,16,29.711996756832644
26,17,29.65678249527221
26,18,9.507669226773663
26,20,33.70258721255123
26,21,9.62044495862964
26,22,9.859344714499642
26,23,9.345286916198834
26,24,9.595030731443433
26,25,9.345286916198834
26,26,0.0
26,27,33.60084061658436
26,28,33.726564495479515
27,0,15.701705686579334
27,1,0.9349091274096542
27,2,7.611208124318404
27,3,8.648475790169426
27,4,6.303734638988886
27,5,16.32923929892271
27,6,0.1266247328777529
27,7,6.238499316723656
27,8,23.87201044024037
27,9,43.16595171711182
27,10,6.35864995573481
27,11,3.559907522009177
27,12,42.02447757791312
27,13,41.850202686605684
27,15,28.674852188293485
27,16,6.3766738958815345
27,17,6.509661064993572
27,18,41.850202686605684
27,20,0.11742092030994446
27,21,43.21498168980593
27,22,42.636656876131475
27,23,41.63033414346893
27,24,43.188672748488464
27,25,41.63033414346893
27,26,33.60084061658436
27,27,0.0
27,28,0.14659754174660483
28,0,15.803137080046024
28,1,0.8162374556700163
28,2,7.6942715694157995
28,3,8.752261019451293
28,4,6.3340062284610035
28,5,16.421902020741232
28,6,0.02076379802288357
28,7,6.275704823357089
28,8,23.96210120124169
28,9,43.290717360435295
28,10,6.389505419738407
28,11,3.691679202998938
28,12,42.15131464095746
28,13,41.96474780216315
28,15,28.79391330572971
28,16,6.405346415425278
28,17,6.537840904223189
28,18,41.96474780216315
28,20,0.0292698027501826
28,21,43.33994732042173
28,22,42.75327582842078
28,23,41.744710023081936
28,24,43.31358828148396
28,25,41.744710023081936
28,26,33.726564495479515
28,27,0.14659754174660483
28,28,0.0
