source_id,target_id,rtt
0,0,0.0
0,1,15.89603978094624
0,2,8.289897732367269
0,3,7.056979366489855
0,4,10.898124814297937
0,5,1.4138112812719412
0,6,15.7930004960481
0,7,10.715619432972895
0,8,8.395380111806723
0,9,28.21736259904769
0,10,12.412604254136717
0,11,27.257594724324104
0,12,26.364401192095006
0,14,26.364401192095006
0,16,15.784386443085271
0,17,28.280984710392154
0,18,27.226759434942945
0,19,26.13939076351524
0,20,28.251149550170428
0,21,26.13939076351524
0,22,18.88577691392043
0,23,15.701705686579334
0,24,15.803137080046024
1,0,15.89603978094624
1,1,0.0
1,2,7.681706537960299
1,3,8.882025900054401
1,4,6.016772688895243
1,5,16.44922093614478
1,6,0.8352262958823936
1,7,5.996659848563973
1,8,23.96364969433759
1,9,43.568903912100815
1,10,4.1112001389659
1,11,42.4506621965499
1,12,42.148752963550876
1,14,42.148752963550876
1,16,0.8404440488875015
1,17,43.62011319063323
1,18,42.95528690942028
1,19,41.9273011747921
1,20,43.59326051888891
1,21,41.9273011747921
1,22,34.01669479913915
1,23,0.9349091274096542
1,24,0.8162374556700163
2,0,8.289897732367269
2,1,7.681706537960299
2,2,0.0
2,3,1.8271821561207584
2,4,3.029146818777096
2,5,8.770441146861662
2,6,7.687110381643287
2,7,2.7558765998343957
2,8,16.284028453341037
2,9,36.33852373253884
2,10,4.836708771866844
2,11,35.304966773223555
2,12,34.6451615480226
2,14,34.6451615480226
2,16,7.679293863068509
2,17,36.39681076970532
2,18,35.49308729392277
2,19,34.420879381870655
2,20,36.36823137965791
2,21,34.420879381870655
2,22,26.873021788083232
2,23,7.611208124318404
2,24,7.6942715694157995
3,0,7.056979366489855
3,1,8.882025900054401
3,2,1.8271821561207584
3,3,0.0
3,4,4.847236549895704
3,5,7.770721671399946
3,6,8.741681042230969
3,7,4.565668053709362
3,8,15.320992203093187
3,9,34.80842393014169
3,10,5.399969494652025
3,11,33.74057486933419
3,12,33.271801420202756
3,14,33.271801420202756
3,16,8.732964547575781
3,17,34.86375474437408
3,18,34.08846515680979
3,19,33.04980182261343
3,20,34.835884570487615
3,21,33.04980182261343
3,22,25.3004620325376
3,23,8.648475790169426
3,24,8.752261019451293
4,0,10.898124814297937
4,1,6.016772688895243
4,2,3.029146818777096
4,3,4.847236549895704
4,4,0.0
4,5,11.134941901582705
4,6,6.334819527393776
4,7,0.3113158996892337
4,8,18.437448896223504
4,9,39.09861518569788
4,10,4.989443329493157
4,11,38.10635865083016
4,12,37.215200112037884
4,14,37.215200112037884
4,16,6.329759667333253
4,17,39.16034218593431
4,18,38.100924594667504
4,19,36.98847964063542
4,20,39.130954344651485
4,21,36.98847964063542
4,22,29.694258628051777
4,23,6.303734638988886
4,24,6.3340062284610035
5,0,1.4138112812719412
5,1,16.44922093614478
5,2,8.770441146861662
5,3,7.770721671399946
5,4,11.134941901582705
5,5,0.0
5,6,16.413241775352567
5,7,10.986105196773197
5,8,7.55416534285931
5,9,28.19305989172189
5,10,13.17065589226887
5,11,27.30040579310998
5,12,26.097558983284728
5,14,26.097558983284728
5,16,16.40500242677761
5,17,28.261563231158448
5,18,27.00338563710692
5,19,25.86993783902863
5,20,28.230627254588686
5,21,25.86993783902863
5,22,19.013708890615106
5,23,16.32923929892271
5,24,16.421902020741232
6,0,15.7930004960481
6,1,0.8352262958823936
6,2,7.687110381643287
6,3,8.741681042230969
6,4,6.334819527393776
6,5,16.413241775352567
6,6,0.0
6,7,6.27550980921645
6,8,23.953883748603847
6,9,43.276385711533564
6,10,3.6758451571268833
6,11,42.1365749734403
6,12,41.952335077732776
6,14,41.952335077732776
6,16,0.009653385005427163
6,17,43.32557665596749
6,18,42.74048426677694
6,19,41.732327951387596
6,20,43.29922739295013
6,21,41.732327951387596
6,22,33.712041877470945
6,23,0.1266247328777529
6,24,0.02076379802288357
7,0,10.715619432972895
7,1,5.996659848563973
7,2,2.7558765998343957
7,3,4.565668053709362
7,4,0.3113158996892337
7,5,10.986105196773197
7,6,6.27550980921645
7,7,0.0
7,8,18.325798928985964
7,9,38.90205569054979
7,10,4.763285827396306
7,11,37.90176396284393
7,12,37.0511506540139
7,14,37.0511506540139
7,16,6.270056786872796
7,17,38.96314125163568
7,18,37.93086802883176
7,19,36.824786414013275
7,20,38.933903011414124
7,21,36.824786414013275
7,22,29.48482582595368
7,23,6.238499316723656
7,24,6.275704823357089
8,0,8.395380111806723
8,1,23.96364969433759
8,2,16.284028453341037
8,3,15.320992203093187
8,4,18.437448896223504
8,5,7.55416534285931
8,6,23.953883748603847
8,7,18.325798928985964
8,8,0.0
8,9,22.188998446402717
8,10,20.719492552467493
8,11,21.56968834698705
8,12,19.350024427255914
8,14,19.350024427255914
8,16,23.94576284161472
8,17,22.273640361651445
8,18,20.366782023404518
8,19,19.118716511602262
8,20,22.2394091224247
8,21,19.118716511602262
8,22,14.018684961491191
8,23,23.87201044024037
8,24,23.96210120124169
9,0,28.21736259904769
9,1,43.568903912100815
9,2,36.33852373253884
9,3,34.80842393014169
9,4,39.09861518569788
9,5,28.19305989172189
9,6,43.276385711533564
9,7,38.90205569054979
9,8,22.188998446402717
9,9,0.0
9,10,39.62187652650753
9,11,1.5767063740084872
9,12,4.961619809720276
9,14,4.961619809720276
9,16,43.26695661728099
9,17,0.11519739272283842
9,18,3.94230023409921
9,19,5.08372818416503
9,20,0.08129417383207821
9,21,5.08372818416503
9,22,9.575298039712795
9,23,43.16595171711182
9,24,43.290717360435295
10,0,12.412604254136717
10,1,4.1112001389659
10,2,4.836708771866844
10,3,5.399969494652025
10,4,4.989443329493157
10,5,13.17065589226887
10,6,3.6758451571268833
10,7,4.763285827396306
10,8,20.719492552467493
10,9,39.62187652650753
10,10,0.0
10,11,38.472292785662056
10,12,38.37650924547616
10,14,38.37650924547616
10,16,3.666252574230708
10,17,39.67001061707986
10,18,39.14519512732585
10,19,38.158196025966376
10,20,39.64392462017548
10,21,38.158196025966376
10,22,30.05311826671531
10,23,3.559907522009177
10,24,3.691679202998938
11,0,27.257594724324104
11,1,42.4506621965499
11,2,35.304966773223555
11,3,33.74057486933419
11,4,38.10635865083016
11,5,27.30040579310998
11,6,42.1365749734403
11,7,37.90176396284393
11,8,21.56968834698705
11,9,1.5767063740084872
11,10,38.472292785662056
11,11,0.0
11,12,5.804372612248032
11,14,5.804372612248032
11,16,42.12709251945262
11,17,1.5452481619139058
11,18,4.981239221665102
11,19,5.874060938138665
11,20,1.5417392973054396
11,21,5.874060938138665
11,22,8.440897479371404
11,23,42.02447757791312
11,24,42.15131464095746
12,0,26.364401192095006
12,1,42.148752963550876
12,2,34.6451615480226
12,3,33.271801420202756
12,4,37.215200112037884
12,5,26.097558983284728
12,6,41.952335077732776
12,7,37.0511506540139
12,8,19.350024427255914
12,9,4.961619809720276
12,10,38.37650924547616
12,11,5.804372612248032
12,12,0.0
12,14,0.0
12,16,41.943224867565355
12,17,5.07596749551312
12,18,1.1983203363116721
12,19,0.23138325199799417
12,20,5.042869921343744
12,21,0.23138325199799417
12,22,9.507669226773663
12,23,41.850202686605684
12,24,41.96474780216315
14,0,26.364401192095006
14,1,42.148752963550876
14,2,34.6451615480226
14,3,33.271801420202756
14,4,37.215200112037884
14,5,26.097558983284728
14,6,41.952335077732776
14,7,37.0511506540139
14,8,19.350024427255914
14,9,4.961619809720276
14,10,38.37650924547616
14,11,5.804372612248032
14,12,0.0
14,14,0.0
14,16,41.943224867565355
14,17,5.07596749551312
14,18,1.1983203363116721
14,19,0.23138325199799417
14,20,5.042869921343744
14,21,0.23138325199799417
14,22,9.507669226773663
14,23,41.850202686605684
14,24,41.96474780216315
16,0,15.784386443085271
16,1,0.8404440488875015
16,2,7.679293863068509
16,3,8.732964547575781
16,4,6.329759667333253
16,5,16.40500242677761
16,6,0.009653385005427163
16,7,6.270056786872796
16,8,23.94576284161472
16,9,43.26695661728099
16,10,3.666252574230708
16,11,42.12709251945262
16,12,41.943224867565355
16,14,41.943224867565355
16,16,0.0
16,17,43.31614221288705
16,18,42.73130314044048
16,19,41.72322363763536
16,20,43.28979428550499
16,21,41.72322363763536
16,22,33.70258721255123
16,23,0.11742092030994446
16,24,0.0292698027501826
17,0,28.280984710392154
17,1,43.62011319063323
17,2,36.39681076970532
17,3,34.86375474437408
17,4,39.16034218593431
17,5,28.261563231158448
17,6,43.32557665596749
17,7,38.96314125163568
17,8,22.273640361651445
17,9,0.11519739272283842
17,10,39.67001061707986
17,11,1.5452481619139058
17,12,5.07596749551312
17,14,5.07596749551312
17,16,43.31614221288705
17,17,0.0
17,18,4.053570236435507
17,19,5.198530690430838
17,20,0.03711105606634286
17,21,5.198530690430838
17,22,9.62044495862964
17,23,43.21498168980593
17,24,43.33994732042173
18,0,27.226759434942945
18,1,42.95528690942028
18,2,35.49308729392277
18,3,34.08846515680979
18,4,38.100924594667504
18,5,27.00338563710692
18,6,42.74048426677694
18,7,37.93086802883176
18,8,20.366782023404518
18,9,3.94230023409921
18,10,39.14519512732585
18,11,4.981239221665102
18,12,1.1983203363116721
18,14,1.1983203363116721
18,16,42.73130314044048
18,17,4.053570236435507
18,18,0.0
18,19,1.4010200602866816
18,20,4.023117336426125
18,21,1.4010200602866816
18,22,9.859344714499642
18,23,42.636656876131475
18,24,42.75327582842078
19,0,26.13939076351524
19,1,41.9273011747921
19,2,34.420879381870655
19,3,33.04980182261343
19,4,36.98847964063542
19,5,25.86993783902863
19,6,41.732327951387596
19,7,36.824786414013275
19,8,19.118716511602262
19,9,5.08372818416503
19,10,38.158196025966376
19,11,5.874060938138665
19,12,0.23138325199799417
19,14,0.23138325199799417
19,16,41.72322363763536
19,17,5.198530690430838
19,18,1.4010200602866816
19,19,0.0
19,20,5.164812901832182
19,21,0.0
19,22,9.345286916198834
19,23,41.63033414346893
19,24,41.744710023081936
20,0,28.251149550170428
20,1,43.59326051888891
20,2,36.36823137965791
20,3,34.835884570487615
20,4,39.130954344651485
20,5,28.230627254588686
20,6,43.29922739295013
20,7,38.933903011414124
20,8,22.2394091224247
20,9,0.08129417383207821
20,10,39.64392462017548
20,11,1.5417392973054396
20,12,5.042869921343744
20,14,5.042869921343744
20,16,43.28979428550499
20,17,0.03711105606634286
20,18,4.023117336426125
20,19,5.164812901832182
20,20,0.0
20,21,5.164812901832182
20,22,9.595030731443433
20,23,43.188672748488464
20,24,43.31358828148396
21,0,26.13939076351524
21,1,41.9273011747921
21,2,34.420879381870655
21,3,33.04980182261343
21,4,36.98847964063542
21,5,25.86993783902863
21,6,41.732327951387596
21,7,36.824786414013275
21,8,19.118716511602262
21,9,5.08372818416503
21,10,38.158196025966376
21,11,5.874060938138665
21,12,0.23138325199799417
21,14,0.23138325199799417
21,16,41.72322363763536
21,17,5.198530690430838
21,18,1.4010200602866816
21,19,0.0
21,20,5.164812901832182
21,21,0.0
21,22,9.345286916198834
21,23,41.63033414346893
21,24,41.744710023081936
22,0,18.88577691392043
22,1,34.01669479913915
22,2,26.873021788083232
22,3,25.3004620325376
22,4,29.694258628051777
22,5,19.013708890615106
22,6,33.712041877470945
22,7,29.48482582595368
22,8,14.018684961491191
22,9,9.575298039712795
22,10,30.05311826671531
22,11,8.440897479371404
22,12,9.507669226773663
22,14,9.507669226773663
22,16,33.70258721255123
22,17,9.62044495862964
22,18,9.859344714499642
22,19,9.345286916198834
22,20,9.595030731443433
22,21,9.345286916198834
22,22,0.0
22,23,33.60084061658436
22,24,33.726564495479515
23,0,15.701705686579334
23,1,0.9349091274096542
23,2,7.611208124318404
23,3,8.648475790169426
23,4,6.303734638988886
23,5,16.32923929892271
23,6,0.1266247328777529
23,7,6.238499316723656
23,8,23.87201044024037
23,9,43.16595171711182
23,10,3.559907522009177
23,11,42.02447757791312
23,12,41.850202686605684
23,14,41.850202686605684
23,16,0.11742092030994446
23,17,43.21498168980593
23,18,42.636656876131475
23,19,41.63033414346893
23,20,43.188672748488464
23,21,41.63033414346893
23,22,33.60084061658436
23,23,0.0
23,24,0.14659754174660483
24,0,15.803137080046024
24,1,0.8162374556700163
24,2,7.6942715694157995
24,3,8.752261019451293
24,4,6.3340062284610035
24,5,16.421902020741232
24,6,0.02076379802288357
24,7,6.275704823357089
24,8,23.96210120124169
24,9,43.290717360435295
24,10,3.691679202998938
24,11,42.15131464095746
24,12,41.96474780216315
24,14,41.96474780216315
24,16,0.0292698027501826
24,17,43.33994732042173
24,18,42.75327582842078
24,19,41.744710023081936
24,20,43.31358828148396
24,21,41.744710023081936
24,22,33.726564495479515
24,23,0.14659754174660483
24,24,0.0
