source_id,target_id,rtt
0,0,0.0
0,1,7.056979366489855
0,2,8.732964547575781
0,3,1.8271821561207584
0,4,8.882025900054401
0,5,34.80842393014169
0,6,8.741681042230969
0,7,8.741681042230969
0,8,8.752261019451293
0,10,34.86375474437408
0,11,34.08846515680979
0,12,33.04980182261343
0,13,34.835884570487615
0,14,33.271801420202756
0,15,33.271801420202756
0,16,25.3004620325376
0,17,8.648475790169426
1,0,7.056979366489855
1,1,0.0
1,2,15.784386443085271
1,3,8.289897732367269
1,4,15.89603978094624
1,5,28.21736259904769
1,6,15.7930004960481
1,7,15.7930004960481
1,8,15.803137080046024
1,10,28.280984710392154
1,11,27.226759434942945
1,12,26.13939076351524
1,13,28.251149550170428
1,14,26.364401192095006
1,15,26.364401192095006
1,16,18.88577691392043
1,17,15.701705686579334
2,0,8.732964547575781
2,1,15.784386443085271
2,2,0.0
2,3,7.679293863068509
2,4,0.8404440488875015
2,5,43.26695661728099
2,6,0.009653385005427163
2,7,0.009653385005427163
2,8,0.0292698027501826
2,10,43.31614221288705
2,11,42.73130314044048
2,12,41.72322363763536
2,13,43.28979428550499
2,14,41.943224867565355
2,15,41.943224867565355
2,16,33.70258721255123
2,17,0.11742092030994446
3,0,1.8271821561207584
3,1,8.289897732367269
3,2,7.679293863068509
3,3,0.0
3,4,7.681706537960299
3,5,36.33852373253884
3,6,7.687110381643287
3,7,7.687110381643287
3,8,7.6942715694157995
3,10,36.39681076970532
3,11,35.49308729392277
3,12,34.420879381870655
3,13,36.36823137965791
3,14,34.6451615480226
3,15,34.6451615480226
3,16,26.873021788083232
3,17,7.611208124318404
4,0,8.882025900054401
4,1,15.89603978094624
4,2,0.8404440488875015
4,3,7.681706537960299
4,4,0.0
4,5,43.568903912100815
4,6,0.8352262958823936
4,7,0.8352262958823936
4,8,0.8162374556700163
4,10,43.62011319063323
4,11,42.95528690942028
4,12,41.9273011747921
4,13,43.59326051888891
4,14,42.148752963550876
4,15,42.148752963550876
4,16,34.01669479913915
4,17,0.9349091274096542
5,0,34.80842393014169
5,1,28.21736259904769
5,2,43.26695661728099
5,3,36.33852373253884
5,4,43.568903912100815
5,5,0.0
5,6,43.276385711533564
5,7,43.276385711533564
5,8,43.290717360435295
5,10,0.11519739272283842
5,11,3.94230023409921
5,12,5.08372818416503
5,13,0.08129417383207821
5,14,4.961619809720276
5,15,4.961619809720276
5,16,9.575298039712795
5,17,43.16595171711182
6,0,8.741681042230969
6,1,15.7930004960481
6,2,0.009653385005427163
6,3,7.687110381643287
6,4,0.8352262958823936
6,5,43.276385711533564
6,6,0.0
6,7,0.0
6,8,0.02076379802288357
6,10,43.32557665596749
6,11,42.74048426677694
6,12,41.732327951387596
6,13,43.29922739295013
6,14,41.952335077732776
6,15,41.952335077732776
6,16,33.712041877470945
6,17,0.1266247328777529
7,0,8.741681042230969
7,1,15.7930004960481
7,2,0.009653385005427163
7,3,7.687110381643287
7,4,0.8352262958823936
7,5,43.276385711533564
7,6,0.0
7,7,0.0
7,8,0.02076379802288357
7,10,43.32557665596749
7,11,42.74048426677694
7,12,41.732327951387596
7,13,43.29922739295013
7,14,41.952335077732776
7,15,41.952335077732776
7,16,33.712041877470945
7,17,0.1266247328777529
8,0,8.752261019451293
8,1,15.803137080046024
8,2,0.0292698027501826
8,3,7.6942715694157995
8,4,0.8162374556700163
8,5,43.290717360435295
8,6,0.02076379802288357
8,7,0.02076379802288357
8,8,0.0
8,10,43.33994732042173
8,11,42.75327582842078
8,12,41.744710023081936
8,13,43.31358828148396
8,14,41.96474780216315
8,15,41.96474780216315
8,16,33.726564495479515
8,17,0.14659754174660483
10,0,34.86375474437408
10,1,28.280984710392154
10,2,43.31614221288705
10,3,36.39681076970532
10,4,43.62011319063323
10,5,0.11519739272283842
10,6,43.32557665596749
10,7,43.32557665596749
10,8,43.33994732042173
10,10,0.0
10,11,4.053570236435507
10,12,5.198530690430838
10,13,0.03711105606634286
10,14,5.07596749551312
10,15,5.07596749551312
10,16,9.62044495862964
10,17,43.21498168980593
11,0,34.08846515680979
11,1,27.226759434942945
11,2,42.73130314044048
11,3,35.49308729392277
11,4,42.95528690942028
11,5,3.94230023409921
11,6,42.74048426677694
11,7,42.74048426677694
11,8,42.75327582842078
11,10,4.053570236435507
11,11,0.0
11,12,1.4010200602866816
11,13,4.023117336426125
11,14,1.1983203363116721
11,15,1.1983203363116721
11,16,9.859344714499642
11,17,42.636656876131475
12,0,33.04980182261343
12,1,26.13939076351524
12,2,41.72322363763536
12,3,34.420879381870655
12,4,41.9273011747921
12,5,5.08372818416503
12,6,41.732327951387596
12,7,41.732327951387596
12,8,41.744710023081936
12,10,5.198530690430838
12,11,1.4010200602866816
12,12,0.0
12,13,5.164812901832182
12,14,0.23138325199799417
12,15,0.23138325199799417
12,16,9.345286916198834
12,17,41.63033414346893
13,0,34.835884570487615
13,1,28.251149550170428
13,2,43.28979428550499
13,3,36.36823137965791
13,4,43.59326051888891
13,5,0.08129417383207821
13,6,43.29922739295013
13,7,43.29922739295013
13,8,43.31358828148396
13,10,0.03711105606634286
13,11,4.023117336426125
13,12,5.164812901832182
13,13,0.0
13,14,5.042869921343744
13,15,5.042869921343744
13,16,9.595030731443433
13,17,43.188672748488464
14,0,33.271801420202756
14,1,26.364401192095006
14,2,41.943224867565355
14,3,34.6451615480226
14,4,42.148752963550876
14,5,4.961619809720276
14,6,41.952335077732776
14,7,41.952335077732776
14,8,41.96474780216315
14,10,5.07596749551312
14,11,1.1983203363116721
14,12,0.23138325199799417
14,13,5.042869921343744
14,14,0.0
14,15,0.0
14,16,9.507669226773663
14,17,41.850202686605684
15,0,33.271801420202756
15,1,26.364401192095006
15,2,41.943224867565355
15,3,34.6451615480226
15,4,42.148752963550876
15,5,4.961619809720276
15,6,41.952335077732776
15,7,41.952335077732776
15,8,41.96474780216315
15,10,5.07596749551312
15,11,1.1983203363116721
15,12,0.23138325199799417
15,13,5.042869921343744
15,14,0.0
15,15,0.0
15,16,9.507669226773663
15,17,41.850202686605684
16,0,25.3004620325376
16,1,18.88577691392043
16,2,33.70258721255123
16,3,26.873021788083232
16,4,34.01669479913915
16,5,9.575298039712795
16,6,33.712041877470945
16,7,33.712041877470945
16,8,33.726564495479515
16,10,9.62044495862964
16,11,9.859344714499642
16,12,9.345286916198834
16,13,9.595030731443433
16,14,9.507669226773663
16,15,9.507669226773663
16,16,0.0
16,17,33.60084061658436
17,0,8.648475790169426
17,1,15.701705686579334
17,2,0.11742092030994446
17,3,7.611208124318404
17,4,0.9349091274096542
17,5,43.16595171711182
17,6,0.1266247328777529
17,7,0.1266247328777529
17,8,0.14659754174660483
17,10,43.21498168980593
17,11,42.636656876131475
17,12,41.63033414346893
17,13,43.188672748488464
17,14,41.850202686605684
17,15,41.850202686605684
17,16,33.60084061658436
17,17,0.0
