source_id,target_id,rtt
0,0,0.0
0,1,70.50164615407488
0,2,2.6478769313610604
0,3,4.793582555835806
0,4,88.18202471752294
0,5,87.44815644565676
0,6,73.68893702024037
0,7,79.48626347013807
0,8,91.02046444273603
0,9,80.99925005198865
0,10,59.77177886320488
0,11,55.41325653088045
0,12,3.4439424426047984
0,13,4.312873519229884
0,14,89.84804730091703
0,15,89.69728013203056
0,16,80.56166775692797
0,17,66.65959636434269
0,18,63.07651112967762
0,19,61.970991150740126
0,20,58.51587938324822
0,21,58.476271123404025
1,0,70.50164615407488
1,1,0.0
1,2,71.00689229997488
1,3,74.14890586940672
1,4,25.6131805757419
1,5,28.08438623410146
1,6,9.762933447312628
1,7,11.609877544360785
1,8,31.159726504725874
1,9,11.296030758061224
1,10,10.729880190311397
1,11,15.089627418407408
1,12,67.82319059173479
1,13,70.72190790396486
1,14,34.0073135099159
1,15,34.43126685000454
1,16,35.120385918339565
1,17,9.467968989912421
1,18,8.200071179957952
1,19,8.543087330725324
1,20,11.986918564242423
1,21,12.025922493876049
2,0,2.6478769313610604
2,1,71.00689229997488
2,2,0.0
2,3,3.1787422031176336
2,4,87.85885241451487
2,5,86.9557119260539
2,6,74.59755610315645
2,7,79.65493659746646
2,8,90.48707232772833
2,9,81.30984962551666
2,10,60.28846547371614
2,11,55.92711735782408
2,12,3.208950988047834
2,13,1.7379584160769277
2,14,89.12030356106222
2,15,88.9432540578111
2,16,79.57120325370025
2,17,66.76436779455561
2,18,63.42566946965819
2,19,62.46399593965217
2,20,59.026995716978405
2,21,58.98990775815486
3,0,4.793582555835806
3,1,74.14890586940672
3,2,3.1787422031176336
3,3,0.0
3,4,90.68955061486578
3,5,89.68808215170897
3,6,77.77628771590396
3,7,82.70709788625072
3,8,93.19041059769596
3,9,84.40452223265528
3,10,63.43503882897312
3,11,59.07436589164559
3,12,6.386972129668482
3,13,3.6489506301500474
3,14,91.69132992449893
3,15,91.49504636810948
3,16,81.9447160979306
3,17,69.80081860667035
3,18,66.53646015756063
3,19,65.60583465777785
3,20,62.17294163461624
3,21,62.13629481422089
4,0,88.18202471752294
4,1,25.6131805757419
4,2,87.85885241451487
4,3,90.68955061486578
4,4,0.0
4,5,4.131589746724919
4,6,31.897003956648437
4,7,14.251268995048516
4,8,5.753022391878221
4,9,16.356239094187018
4,10,33.50258800679928
4,11,37.00337632067301
4,12,84.96471330765131
4,13,87.04185735268887
4,14,9.908652168803973
4,15,10.527224275355099
4,16,17.968328299037623
4,17,23.381220386512595
4,18,28.915213851159834
4,19,31.49420750295099
4,20,34.43936006493772
4,21,34.49952335991073
5,0,87.44815644565676
5,1,28.08438623410146
5,2,86.9557119260539
5,3,89.68808215170897
5,4,4.131589746724919
5,5,0.0
5,6,35.1046835912908
5,7,17.223033444795043
5,8,3.688047928815864
5,9,19.766521550672056
5,10,35.01643891904863
5,11,38.19627769948234
5,12,84.15764622294598
5,13,86.0417200291331
5,14,6.167598568673924
5,15,6.719301597856874
5,16,14.047344784243851
5,17,24.500843048802725
5,18,30.36250111461614
5,19,33.141227464721
5,20,35.84764552907214
5,21,35.90934765786606
6,0,73.68893702024037
6,1,9.762933447312628
6,2,74.59755610315645
6,3,77.77628771590396
6,4,31.897003956648437
6,5,35.1046835912908
6,6,0.0
6,7,17.901269641683932
6,8,37.64856934840638
6,9,15.584188920493375
6,10,16.472325885061053
6,11,20.27583368133095
6,12,71.39035385300437
6,13,74.58188032054458
6,14,41.25337586347758
6,15,41.76480803571543
6,16,44.02947012918029
6,17,19.171902717983585
6,18,16.368464798920655
6,19,14.997056487642718
6,20,17.593247758346095
6,21,17.60023003792631
7,0,79.48626347013807
7,1,11.609877544360785
7,2,79.65493659746646
7,3,82.70709788625072
7,4,14.251268995048516
7,5,17.223033444795043
7,6,17.901269641683932
7,7,0.0
7,8,19.945830299780674
7,9,3.6336910833204548
7,10,20.9233551032069
7,11,24.978783858148905
7,12,76.55185001317787
7,13,79.14401031630211
7,14,23.358163409352507
7,15,23.864718454475085
7,16,27.07085978667867
7,17,12.938096758300642
7,18,16.786769801000045
7,19,18.72602052256988
7,20,22.048327423619593
7,21,22.102038705180583
8,0,91.02046444273603
8,1,31.159726504725874
8,2,90.48707232772833
8,3,93.19041059769596
8,4,5.753022391878221
8,5,3.688047928815864
8,6,37.64856934840638
8,7,19.945830299780674
8,8,0.0
8,9,22.107610556589055
8,10,38.505418895797916
8,11,41.77103761468218
8,12,87.71497478211332
8,13,89.54717154427789
8,14,4.930636597238762
8,15,5.601367548298173
8,16,15.48105368711362
8,17,28.069565050612916
8,18,33.86293999962755
8,19,36.58617907559393
8,20,39.367346918725666
8,21,39.42871868556034
9,0,80.99925005198865
9,1,11.296030758061224
9,2,81.30984962551666
9,3,84.40452223265528
9,4,16.356239094187018
9,5,19.766521550672056
9,6,15.584188920493375
9,7,3.6336910833204548
9,8,22.107610556589055
9,9,0.0
9,10,21.59579966937469
9,11,25.851775699587133
9,12,78.16727573236729
9,13,80.88747492238706
9,14,25.93279229227861
9,15,26.482589287730224
9,16,30.461931092194973
9,17,15.144463074446293
9,18,17.927977792404317
9,19,19.356845055500838
9,20,22.800721028298167
9,21,22.848593685931807
10,0,59.77177886320488
10,1,10.729880190311397
10,2,60.28846547371614
10,3,63.43503882897312
10,4,33.50258800679928
10,5,35.01643891904863
10,6,16.472325885061053
10,7,20.9233551032069
10,8,38.505418895797916
10,9,21.59579966937469
10,10,0.0
10,11,4.361735726781445
10,12,57.10145959058609
10,13,60.02441649487099
10,14,40.29602206205495
10,15,40.57857368364146
10,16,38.262974446452326
10,17,10.713307413939306
10,18,4.659816582224157
10,19,2.2391330460708323
10,20,1.2638663308483207
10,21,1.2988416681142185
11,0,55.41325653088045
11,1,15.089627418407408
11,2,55.92711735782408
11,3,59.07436589164559
11,4,37.00337632067301
11,5,38.19627769948234
11,6,20.27583368133095
11,7,24.978783858148905
11,8,41.77103761468218
11,9,25.851775699587133
11,10,4.361735726781445
11,11,0.0
11,12,52.739796478682315
11,13,55.66759854578762
11,14,43.184747433018416
11,15,43.41488925754684
11,16,40.073377041551616
11,17,13.70147257624713
11,18,8.240648913385936
11,19,6.562143430678859
11,20,3.102750975420039
11,21,3.0639462196638463
12,0,3.4439424426047984
12,1,67.82319059173479
12,2,3.208950988047834
12,3,6.386972129668482
12,4,84.96471330765131
12,5,84.15764622294598
12,6,71.39035385300437
12,7,76.55185001317787
12,8,87.71497478211332
12,9,78.16727573236729
12,10,57.10145959058609
12,11,52.739796478682315
12,12,0.0
12,13,3.5757785635491297
12,14,86.47859288640045
12,15,86.3205876167496
12,16,77.13507429572849
12,17,63.67911624863786
12,18,60.270542187169106
12,19,59.28095632711846
12,20,55.84060796718559
12,21,55.80314062973163
13,0,4.312873519229884
13,1,70.72190790396486
13,2,1.7379584160769277
13,3,3.6489506301500474
13,4,87.04185735268887
13,5,86.0417200291331
13,6,74.58188032054458
13,7,79.14401031630211
13,8,89.54717154427789
13,9,80.88747492238706
13,10,60.02441649487099
13,11,55.66759854578762
13,12,3.5757785635491297
13,13,0.0
13,14,88.073394957437
13,15,87.88214163015371
13,16,78.39027035203551
13,17,66.22701953291076
13,18,63.04792739236546
13,19,62.18137401973272
13,20,58.76104856775864
13,21,58.72567804188871
14,0,89.84804730091703
14,1,34.0073135099159
14,2,89.12030356106222
14,3,91.69132992449893
14,4,9.908652168803973
14,5,6.167598568673924
14,6,41.25337586347758
14,7,23.358163409352507
14,8,4.930636597238762
14,9,25.93279229227861
14,10,40.29602206205495
14,11,43.184747433018416
14,12,86.47859288640045
14,13,88.073394957437
14,14,0.0
14,15,0.6707437355540913
14,16,11.442468664119668
14,17,29.620236028125092
14,18,35.640980114973424
14,19,38.53716523937707
14,20,41.03704733729137
14,21,41.09937831218462
15,0,89.69728013203056
15,1,34.43126685000454
15,2,88.9432540578111
15,3,91.49504636810948
15,4,10.527224275355099
15,5,6.719301597856874
15,6,41.76480803571543
15,7,23.864718454475085
15,8,5.601367548298173
15,9,26.482589287730224
15,10,40.57857368364146
15,11,43.41488925754684
15,12,86.3205876167496
15,13,87.88214163015371
15,14,0.6707437355540913
15,15,0.0
15,16,10.951938797455377
15,17,29.88801726825495
15,18,35.9277755320956
15,19,38.842484227012726
15,20,41.30304657348961
15,21,41.36543276696387
16,0,80.56166775692797
16,1,35.120385918339565
16,2,79.57120325370025
16,3,81.9447160979306
16,4,17.968328299037623
16,5,14.047344784243851
16,6,44.02947012918029
16,7,27.07085978667867
16,8,15.48105368711362
16,9,30.461931092194973
16,10,38.262974446452326
16,11,40.073377041551616
16,12,77.13507429572849
16,13,78.39027035203551
16,14,11.442468664119668
16,15,10.951938797455377
16,16,0.0
16,17,27.937193035810175
16,18,33.91769729919469
16,19,37.01620628545981
16,20,38.663905002249706
16,21,38.72460764740807
17,0,66.65959636434269
17,1,9.467968989912421
17,2,66.76436779455561
17,3,69.80081860667035
17,4,23.381220386512595
17,5,24.500843048802725
17,6,19.171902717983585
17,7,12.938096758300642
17,8,28.069565050612916
17,9,15.144463074446293
17,10,10.713307413939306
17,11,13.70147257624713
17,12,63.67911624863786
17,13,66.22701953291076
17,14,29.620236028125092
17,15,29.88801726825495
17,16,27.937193035810175
17,17,0.0
17,18,6.108401746998501
17,19,9.157767614908998
17,20,11.416815055755377
17,21,11.479149278444435
18,0,63.07651112967762
18,1,8.200071179957952
18,2,63.42566946965819
18,3,66.53646015756063
18,4,28.915213851159834
18,5,30.36250111461614
18,6,16.368464798920655
18,7,16.786769801000045
18,8,33.86293999962755
18,9,17.927977792404317
18,10,4.659816582224157
18,11,8.240648913385936
18,12,60.270542187169106
18,13,63.04792739236546
18,14,35.640980114973424
18,15,35.9277755320956
18,16,33.91769729919469
18,17,6.108401746998501
18,18,0.0
18,19,3.1002763515893728
18,20,5.524260343863868
18,21,5.584542594599286
19,0,61.970991150740126
19,1,8.543087330725324
19,2,62.46399593965217
19,3,65.60583465777785
19,4,31.49420750295099
19,5,33.141227464721
19,6,14.997056487642718
19,7,18.72602052256988
19,8,36.58617907559393
19,9,19.356845055500838
19,10,2.2391330460708323
19,11,6.562143430678859
19,12,59.28095632711846
19,13,62.18137401973272
19,14,38.53716523937707
19,15,38.842484227012726
19,16,37.01620628545981
19,17,9.157767614908998
19,18,3.1002763515893728
19,19,0.0
19,20,3.465993564383059
19,21,3.5096728633783174
20,0,58.51587938324822
20,1,11.986918564242423
20,2,59.026995716978405
20,3,62.17294163461624
20,4,34.43936006493772
20,5,35.84764552907214
20,6,17.593247758346095
20,7,22.048327423619593
20,8,39.367346918725666
20,9,22.800721028298167
20,10,1.2638663308483207
20,11,3.102750975420039
20,12,55.84060796718559
20,13,58.76104856775864
20,14,41.03704733729137
20,15,41.30304657348961
20,16,38.663905002249706
20,17,11.416815055755377
20,18,5.524260343863868
20,19,3.465993564383059
20,20,0.0
20,21,0.06245559412084403
21,0,58.476271123404025
21,1,12.025922493876049
21,2,58.98990775815486
21,3,62.13629481422089
21,4,34.49952335991073
21,5,35.90934765786606
21,6,17.60023003792631
21,7,22.102038705180583
21,8,39.42871868556034
21,9,22.848593685931807
21,10,1.2988416681142185
21,11,3.0639462196638463
21,12,55.80314062973163
21,13,58.72567804188871
21,14,41.09937831218462
21,15,41.36543276696387
21,16,38.72460764740807
21,17,11.479149278444435
21,18,5.584542594599286
21,19,3.5096728633783174
21,20,0.06245559412084403
21,21,0.0
