source_id,target_id,rtt
0,0,0.0
0,1,5.649134886531215
0,2,20.199266943520907
0,3,20.892703514212453
0,4,25.639175964515307
0,5,26.222391073420173
0,6,27.689818151740628
0,7,24.186012364714543
0,8,29.15495741538161
0,9,34.879014338496965
0,10,18.973915541321364
0,11,17.675073873207147
0,12,20.71946776612901
0,13,42.85642999162874
0,14,15.923780469982066
0,15,14.384210145358777
0,16,14.957248670941345
0,17,43.9355294128144
0,18,17.259012430892
0,19,43.8513493297571
0,20,42.75062779764478
0,21,42.88550987223021
0,22,42.38293889697151
0,23,42.13547932791143
0,24,37.204842730672674
0,25,39.00456292146862
0,26,37.67080791129663
1,0,5.649134886531215
1,1,0.0
1,2,14.55013205698969
1,3,15.24356862768124
1,4,19.990041077984092
1,5,20.57325618688896
1,6,22.040683265209413
1,7,18.536877478183328
1,8,23.505822528850395
1,9,29.22987945196575
1,10,13.32478065479015
1,11,12.02593898667593
1,12,15.070332879597796
1,13,37.20729510509752
1,14,10.274645583450852
1,15,8.735075258827562
1,16,9.30811378441013
1,17,38.28639452628318
1,18,11.609877544360785
1,19,38.202214443225884
1,20,37.10149291111357
1,21,37.236374985698994
1,22,36.733804010440295
1,23,36.48634444138022
1,24,31.55570784414146
1,25,33.355428034937404
1,26,32.02167302476541
2,0,20.199266943520907
2,1,14.55013205698969
2,2,0.0
2,3,6.573945595949361
2,4,34.540173134973784
2,5,35.12338824387865
2,6,36.590815322199106
2,7,33.08700953517302
2,8,38.055954585840084
2,9,43.78001150895544
2,10,27.874912711779846
2,11,26.576071043665625
2,12,29.620464936587492
2,13,51.75742716208722
2,14,24.824777640440544
2,15,23.285207315817257
2,16,23.858245841399825
2,17,43.57446757680691
2,18,2.9402545126289064
2,19,29.53259141149401
2,20,28.43186987938169
2,21,28.566751953967113
2,22,28.064180978708414
2,23,27.816721409648345
2,24,22.88608481240958
2,25,24.685805003205527
2,26,23.352049993033535
3,0,20.892703514212453
3,1,15.24356862768124
3,2,6.573945595949361
3,3,0.0
3,4,35.23360970566534
3,5,35.816824814570204
3,6,37.28425189289066
3,7,33.78044610586457
3,8,38.74939115653164
3,9,44.47344807964699
3,10,28.56834928247139
3,11,27.26950761435717
3,12,30.313901507279038
3,13,52.45086373277877
3,14,25.51821421113209
3,15,23.978643886508802
3,16,24.55168241209137
3,17,44.267904147498456
3,18,3.6336910833204548
3,19,30.226027982185556
3,20,29.125306450073236
3,21,29.26018852465866
3,22,28.75761754939996
3,23,28.51015798033989
3,24,23.579521383101127
3,25,25.379241573897072
3,26,24.04548656372508
4,0,25.639175964515307
4,1,19.990041077984092
4,2,34.540173134973784
4,3,35.23360970566534
4,4,0.0
4,5,3.489542308506394
4,6,4.956969386826849
4,7,1.453163599800763
4,8,6.422108650467829
4,9,12.146165573583186
4,10,9.26294375942238
4,11,7.964102091308161
4,12,11.008495984230025
4,13,20.12358122671496
4,14,12.794536143779819
4,15,11.25496581915653
4,16,11.828004344739098
4,17,21.20268064790062
4,18,31.59991862234488
4,19,37.44599987743817
4,20,36.345278345325845
4,21,36.48016041991127
4,22,37.20788638411926
4,23,36.96042681505919
4,24,41.89106341229795
4,25,43.6907836030939
4,26,42.35702859292191
5,0,26.222391073420173
5,1,20.57325618688896
5,2,35.12338824387865
5,3,35.816824814570204
5,4,3.489542308506394
5,5,0.0
5,6,5.540184495731716
5,7,2.0363787087056306
5,8,7.005323759372697
5,9,12.729380682488054
5,10,9.846158868327247
5,11,8.547317200213028
5,12,11.591711093134894
5,13,20.706796335619828
5,14,13.377751252684686
5,15,11.838180928061396
5,16,12.411219453643964
5,17,21.785895756805488
5,18,32.18313373124975
5,19,38.029214986343035
5,20,36.92849345423071
5,21,37.06337552881614
5,22,37.79110149302413
5,23,37.54364192396406
5,24,42.47427852120282
5,25,44.273998711998765
5,26,42.94024370182677
6,0,27.689818151740628
6,1,22.040683265209413
6,2,36.590815322199106
6,3,37.28425189289066
6,4,4.956969386826849
6,5,5.540184495731716
6,6,0.0
6,7,3.5038057870260855
6,8,8.472750837693152
6,9,14.19680776080851
6,10,11.313585946647702
6,11,10.014744278533483
6,12,13.059138171455348
6,13,22.174223413940283
6,14,14.84517833100514
6,15,13.305608006381851
6,16,13.878646531964419
6,17,23.253322835125942
6,18,33.6505608095702
6,19,39.49664206466349
6,20,38.395920532551166
6,21,38.53080260713659
6,22,39.258528571344584
6,23,39.011069002284515
6,24,43.941705599523274
6,25,45.74142579031922
6,26,44.40767078014723
7,0,24.186012364714543
7,1,18.536877478183328
7,2,33.08700953517302
7,3,33.78044610586457
7,4,1.453163599800763
7,5,2.0363787087056306
7,6,3.5038057870260855
7,7,0.0
7,8,4.968945050667066
7,9,10.693001973782422
7,10,7.809780159621616
7,11,6.510938491507398
7,12,9.555332384429263
7,13,18.670417626914197
7,14,11.341372543979055
7,15,9.801802219355766
7,16,10.374840744938334
7,17,19.749517048099857
7,18,30.146755022544113
7,19,35.99283627763741
7,20,34.892114745525085
7,21,35.02699682011051
7,22,35.7547227843185
7,23,35.50726321525843
7,24,40.43789981249719
7,25,42.23762000329314
7,26,40.90386499312115
8,0,29.15495741538161
8,1,23.505822528850395
8,2,38.055954585840084
8,3,38.74939115653164
8,4,6.422108650467829
8,5,7.005323759372697
8,6,8.472750837693152
8,7,4.968945050667066
8,8,0.0
8,9,5.7240569231153575
8,10,12.77872521028868
8,11,11.479883542174463
8,12,14.524277435096327
8,13,13.70147257624713
8,14,16.31031759464612
8,15,14.77074727002283
8,16,15.343785795605399
8,17,14.78057199743279
8,18,35.11570007321118
8,19,31.02389122697034
8,20,29.923169694858018
8,21,30.05805176944344
8,22,30.785777733651436
8,23,30.538318164591363
8,24,35.468954761830126
8,25,37.26867495262607
8,26,35.93491994245408
9,0,34.879014338496965
9,1,29.22987945196575
9,2,43.78001150895544
9,3,44.47344807964699
9,4,12.146165573583186
9,5,12.729380682488054
9,6,14.19680776080851
9,7,10.693001973782422
9,8,5.7240569231153575
9,9,0.0
9,10,18.502782133404036
9,11,17.20394046528982
9,12,20.248334358211682
9,13,19.42552949936249
9,14,22.034374517761474
9,15,20.494804193138187
9,16,21.067842718720755
9,17,20.50462892054815
9,18,40.839756996326535
9,19,36.7479481500857
9,20,35.647226617973374
9,21,35.7821086925588
9,22,36.50983465676679
9,23,36.26237508770672
9,24,41.19301168494548
9,25,42.99273187574143
9,26,41.658976865569436
10,0,18.973915541321364
10,1,13.32478065479015
10,2,27.874912711779846
10,3,28.56834928247139
10,4,9.26294375942238
10,5,9.846158868327247
10,6,11.313585946647702
10,7,7.809780159621616
10,8,12.77872521028868
10,9,18.502782133404036
10,10,0.0
10,11,1.2988416681142185
10,12,4.343235561036083
10,13,26.48019778653581
10,14,6.129275720585877
10,15,4.5897053959625875
10,16,5.162743921545156
10,17,27.55929720772147
10,18,24.934658199150938
10,19,43.80261643725902
10,20,42.701894905146695
10,21,42.83677697973212
10,22,43.56450294394011
10,23,43.31704337488004
10,24,44.88048849893161
10,25,46.68020868972756
10,26,45.346453679555566
11,0,17.675073873207147
11,1,12.02593898667593
11,2,26.576071043665625
11,3,27.26950761435717
11,4,7.964102091308161
11,5,8.547317200213028
11,6,10.014744278533483
11,7,6.510938491507398
11,8,11.479883542174463
11,9,17.20394046528982
11,10,1.2988416681142185
11,11,0.0
11,12,3.044393892921865
11,13,25.181356118421593
11,14,4.830434052471658
11,15,3.2908637278483686
11,16,3.863902253430936
11,17,26.260455539607253
11,18,23.635816531036717
11,19,42.503774769144805
11,20,41.40305323703248
11,21,41.53793531161791
11,22,42.2656612758259
11,23,42.01820170676583
11,24,43.58164683081739
11,25,45.381367021613336
11,26,44.047612011441345
12,0,20.71946776612901
12,1,15.070332879597796
12,2,29.620464936587492
12,3,30.313901507279038
12,4,11.008495984230025
12,5,11.591711093134894
12,6,13.059138171455348
12,7,9.555332384429263
12,8,14.524277435096327
12,9,20.248334358211682
12,10,4.343235561036083
12,11,3.044393892921865
12,12,0.0
12,13,28.225750011343457
12,14,7.874827945393523
12,15,6.335257620770234
12,16,6.908296146352802
12,17,29.304849432529117
12,18,26.680210423958584
12,19,45.548168662066665
12,20,44.44744712995434
12,21,44.58232920453977
12,22,45.31005516874776
12,23,45.06259559968769
12,24,46.62604072373926
12,25,48.4257609145352
12,26,47.09200590436321
13,0,42.85642999162874
13,1,37.20729510509752
13,2,51.75742716208722
13,3,52.45086373277877
13,4,20.12358122671496
13,5,20.706796335619828
13,6,22.174223413940283
13,7,18.670417626914197
13,8,13.70147257624713
13,9,19.42552949936249
13,10,26.48019778653581
13,11,25.181356118421593
13,12,28.225750011343457
13,13,0.0
13,14,30.01179017089325
13,15,28.47221984626996
13,16,29.04525837185253
13,17,28.48204457367992
13,18,48.817172649458314
13,19,44.72536380321747
13,20,43.624642271105145
13,21,43.75952434569057
13,22,44.48725030989856
13,23,44.239790740838494
13,24,49.17042733807725
13,25,50.9701475288732
13,26,49.63639251870121
14,0,15.923780469982066
14,1,10.274645583450852
14,2,24.824777640440544
14,3,25.51821421113209
14,4,12.794536143779819
14,5,13.377751252684686
14,6,14.84517833100514
14,7,11.341372543979055
14,8,16.31031759464612
14,9,22.034374517761474
14,10,6.129275720585877
14,11,4.830434052471658
14,12,7.874827945393523
14,13,30.01179017089325
14,14,0.0
14,15,1.539570324623289
14,16,2.1126088502058566
14,17,31.09088959207891
14,18,21.884523127811637
14,19,42.20877694736233
14,20,41.108055415250014
14,21,41.242937489835434
14,22,40.740366514576735
14,23,40.492906945516665
14,24,41.830353427592314
14,25,43.63007361838826
14,26,42.29631860821627
15,0,14.384210145358777
15,1,8.735075258827562
15,2,23.285207315817257
15,3,23.978643886508802
15,4,11.25496581915653
15,5,11.838180928061396
15,6,13.305608006381851
15,7,9.801802219355766
15,8,14.77074727002283
15,9,20.494804193138187
15,10,4.5897053959625875
15,11,3.2908637278483686
15,12,6.335257620770234
15,13,28.47221984626996
15,14,1.539570324623289
15,15,0.0
15,16,0.5730385255825676
15,17,29.55131926745562
15,18,20.34495280318835
15,19,40.66920662273904
15,20,39.56848509062672
15,21,39.70336716521214
15,22,39.200796189953444
15,23,38.953336620893374
15,24,40.29078310296902
15,25,42.09050329376497
15,26,40.75674828359298
16,0,14.957248670941345
16,1,9.30811378441013
16,2,23.858245841399825
16,3,24.55168241209137
16,4,11.828004344739098
16,5,12.411219453643964
16,6,13.878646531964419
16,7,10.374840744938334
16,8,15.343785795605399
16,9,21.067842718720755
16,10,5.162743921545156
16,11,3.863902253430936
16,12,6.908296146352802
16,13,29.04525837185253
16,14,2.1126088502058566
16,15,0.5730385255825676
16,16,0.0
16,17,30.12435779303819
16,18,20.917991328770917
16,19,41.24224514832161
16,20,40.14152361620929
16,21,40.27640569079471
16,22,39.77383471553601
16,23,39.52637514647594
16,24,40.86382162855159
16,25,42.663541819347536
16,26,41.329786809175545
17,0,43.9355294128144
17,1,38.28639452628318
17,2,43.57446757680691
17,3,44.267904147498456
17,4,21.20268064790062
17,5,21.785895756805488
17,6,23.253322835125942
17,7,19.749517048099857
17,8,14.78057199743279
17,9,20.50462892054815
17,10,27.55929720772147
17,11,26.260455539607253
17,12,29.304849432529117
17,13,28.48204457367992
17,14,31.09088959207891
17,15,29.55131926745562
17,16,30.12435779303819
17,17,0.0
17,18,40.634213064178006
17,19,16.243319229537548
17,20,15.142597697425225
17,21,15.27747977201065
17,22,16.00520573621864
17,23,15.75774616715857
17,24,20.688382764397332
17,25,22.488102955193277
17,26,21.154347945021286
18,0,17.259012430892
18,1,11.609877544360785
18,2,2.9402545126289064
18,3,3.6336910833204548
18,4,31.59991862234488
18,5,32.18313373124975
18,6,33.6505608095702
18,7,30.146755022544113
18,8,35.11570007321118
18,9,40.839756996326535
18,10,24.934658199150938
18,11,23.635816531036717
18,12,26.680210423958584
18,13,48.817172649458314
18,14,21.884523127811637
18,15,20.34495280318835
18,16,20.917991328770917
18,17,40.634213064178006
18,18,0.0
18,19,26.592336898865103
18,20,25.491615366752782
18,21,25.626497441338206
18,22,25.12392646607951
18,23,24.876466897019437
18,24,19.945830299780674
18,25,21.74555049057662
18,26,20.411795480404628
19,0,43.8513493297571
19,1,38.202214443225884
19,2,29.53259141149401
19,3,30.226027982185556
19,4,37.44599987743817
19,5,38.029214986343035
19,6,39.49664206466349
19,7,35.99283627763741
19,8,31.02389122697034
19,9,36.7479481500857
19,10,43.80261643725902
19,11,42.503774769144805
19,12,45.548168662066665
19,13,44.72536380321747
19,14,42.20877694736233
19,15,40.66920662273904
19,16,41.24224514832161
19,17,16.243319229537548
19,18,26.592336898865103
19,19,0.0
19,20,1.1007215321123207
19,21,1.235603606697745
19,22,1.9633295709057381
19,23,1.7158700018456665
19,24,6.646506599084429
19,25,8.446226789880374
19,26,7.112471779708383
20,0,42.75062779764478
20,1,37.10149291111357
20,2,28.43186987938169
20,3,29.125306450073236
20,4,36.345278345325845
20,5,36.92849345423071
20,6,38.395920532551166
20,7,34.892114745525085
20,8,29.923169694858018
20,9,35.647226617973374
20,10,42.701894905146695
20,11,41.40305323703248
20,12,44.44744712995434
20,13,43.624642271105145
20,14,41.108055415250014
20,15,39.56848509062672
20,16,40.14152361620929
20,17,15.142597697425225
20,18,25.491615366752782
20,19,1.1007215321123207
20,20,0.0
20,21,0.13488207458542426
20,22,0.8626080387934176
20,23,0.6151484697333459
20,24,5.545785066972108
20,25,7.345505257768052
20,26,6.011750247596063
21,0,42.88550987223021
21,1,37.236374985698994
21,2,28.566751953967113
21,3,29.26018852465866
21,4,36.48016041991127
21,5,37.06337552881614
21,6,38.53080260713659
21,7,35.02699682011051
21,8,30.05805176944344
21,9,35.7821086925588
21,10,42.83677697973212
21,11,41.53793531161791
21,12,44.58232920453977
21,13,43.75952434569057
21,14,41.242937489835434
21,15,39.70336716521214
21,16,40.27640569079471
21,17,15.27747977201065
21,18,25.626497441338206
21,19,1.235603606697745
21,20,0.13488207458542426
21,21,0.0
21,22,0.9974901133788419
21,23,0.7500305443187701
21,24,5.6806671415575325
21,25,7.480387332353477
21,26,6.146632322181487
22,0,42.38293889697151
22,1,36.733804010440295
22,2,28.064180978708414
22,3,28.75761754939996
22,4,37.20788638411926
22,5,37.79110149302413
22,6,39.258528571344584
22,7,35.7547227843185
22,8,30.785777733651436
22,9,36.50983465676679
22,10,43.56450294394011
22,11,42.2656612758259
22,12,45.31005516874776
22,13,44.48725030989856
22,14,40.740366514576735
22,15,39.200796189953444
22,16,39.77383471553601
22,17,16.00520573621864
22,18,25.12392646607951
22,19,1.9633295709057381
22,20,0.8626080387934176
22,21,0.9974901133788419
22,22,0.0
22,23,0.2474595690600717
22,24,5.178096166298834
22,25,6.977816357094778
22,26,5.644061346922789
23,0,42.13547932791143
23,1,36.48634444138022
23,2,27.816721409648345
23,3,28.51015798033989
23,4,36.96042681505919
23,5,37.54364192396406
23,6,39.011069002284515
23,7,35.50726321525843
23,8,30.538318164591363
23,9,36.26237508770672
23,10,43.31704337488004
23,11,42.01820170676583
23,12,45.06259559968769
23,13,44.239790740838494
23,14,40.492906945516665
23,15,38.953336620893374
23,16,39.52637514647594
23,17,15.75774616715857
23,18,24.876466897019437
23,19,1.7158700018456665
23,20,0.6151484697333459
23,21,0.7500305443187701
23,22,0.2474595690600717
23,23,0.0
23,24,4.930636597238762
23,25,6.730356788034706
23,26,5.396601777862717
24,0,37.204842730672674
24,1,31.55570784414146
24,2,22.88608481240958
24,3,23.579521383101127
24,4,41.89106341229795
24,5,42.47427852120282
24,6,43.941705599523274
24,7,40.43789981249719
24,8,35.468954761830126
24,9,41.19301168494548
24,10,44.88048849893161
24,11,43.58164683081739
24,12,46.62604072373926
24,13,49.17042733807725
24,14,41.830353427592314
24,15,40.29078310296902
24,16,40.86382162855159
24,17,20.688382764397332
24,18,19.945830299780674
24,19,6.646506599084429
24,20,5.545785066972108
24,21,5.6806671415575325
24,22,5.178096166298834
24,23,4.930636597238762
24,24,0.0
24,25,1.7997201907959441
24,26,0.46596518062395453
25,0,39.00456292146862
25,1,33.355428034937404
25,2,24.685805003205527
25,3,25.379241573897072
25,4,43.6907836030939
25,5,44.273998711998765
25,6,45.74142579031922
25,7,42.23762000329314
25,8,37.26867495262607
25,9,42.99273187574143
25,10,46.68020868972756
25,11,45.381367021613336
25,12,48.4257609145352
25,13,50.9701475288732
25,14,43.63007361838826
25,15,42.09050329376497
25,16,42.663541819347536
25,17,22.488102955193277
25,18,21.74555049057662
25,19,8.446226789880374
25,20,7.345505257768052
25,21,7.480387332353477
25,22,6.977816357094778
25,23,6.730356788034706
25,24,1.7997201907959441
25,25,0.0
25,26,2.265685371419899
26,0,37.67080791129663
26,1,32.02167302476541
26,2,23.352049993033535
26,3,24.04548656372508
26,4,42.35702859292191
26,5,42.94024370182677
26,6,44.40767078014723
26,7,40.90386499312115
26,8,35.93491994245408
26,9,41.658976865569436
26,10,45.346453679555566
26,11,44.047612011441345
26,12,47.09200590436321
26,13,49.63639251870121
26,14,42.29631860821627
26,15,40.75674828359298
26,16,41.329786809175545
26,17,21.154347945021286
26,18,20.411795480404628
26,19,7.112471779708383
26,20,6.011750247596063
26,21,6.146632322181487
26,22,5.644061346922789
26,23,5.396601777862717
26,24,0.46596518062395453
26,25,2.265685371419899
26,26,0.0
