source_id,target_id,rtt
0,0,0.0
0,1,6.263413516351969
0,2,2.3621418825131117
0,3,6.14784369134339
0,4,8.040316629020849
0,5,45.06912750401954
0,6,7.388558273600601
0,7,10.006130549548388
0,8,9.22136145348815
0,9,9.675452151997462
0,10,43.98497716966581
0,11,44.00618542574396
0,12,35.94463255655123
0,13,33.73822957791223
0,14,35.390643618169136
0,15,36.71577615056786
0,16,37.727425761385554
0,17,39.530282667967704
0,18,41.407173489436765
0,19,42.305805672685906
0,20,42.23607062335982
0,21,42.70723915338392
0,22,44.32238579572309
0,23,41.35366484729176
0,24,52.61962098918703
0,25,44.15375030656843
0,26,6.931186726237272
0,27,5.1785757298431
0,28,31.231280298103812
0,29,30.22541717099372
0,30,11.521144061319367
0,31,12.514056034985016
0,32,13.352991450867794
0,33,10.59307439151422
0,34,25.89555886733578
0,35,27.995109722098633
0,36,23.83782342440388
0,37,23.465994832440394
0,38,7.841040578260055
0,39,3.8091407516828424
0,40,39.23549628439959
0,41,47.97057154322715
0,42,38.833655625636425
0,43,26.880432570208967
0,44,20.260299919204602
0,45,14.322609722576104
0,46,7.228377472486877
0,47,12.17266333059991
1,0,6.263413516351969
1,1,0.0
1,2,3.901271633838857
1,3,7.686973442669134
1,4,7.724345097563637
1,5,44.753155972562325
1,6,1.125144757248632
1,7,3.7427170331964197
1,8,10.760491204813894
1,9,11.214581903323207
1,10,45.52410692099156
1,11,45.5453151770697
1,12,37.48376230787697
1,13,35.277359329237974
1,14,36.92977336949488
1,15,38.25490590189361
1,16,39.26655551271129
1,17,41.06941241929345
1,18,42.94630324076251
1,19,43.84493542401165
1,20,43.77520037468557
1,21,44.24636890470966
1,22,45.86151554704884
1,23,42.892794598617506
1,24,54.15875074051277
1,25,45.69288005789418
1,26,8.470316477563017
1,27,6.717705481168846
1,28,32.77041004942956
1,29,31.764546922319465
1,30,11.205172529862155
1,31,12.198084503527804
1,32,13.037019919410582
1,33,10.277102860057008
1,34,27.434688618661525
1,35,27.679138190641424
1,36,23.52185189294667
1,37,23.15002330098318
1,38,9.3801703295858
1,39,5.348270503008587
1,40,40.77462603572533
1,41,49.5097012945529
1,42,40.37278537696217
1,43,28.419562321534713
1,44,21.799429670530348
1,45,15.86173947390185
1,46,8.767507223812622
1,47,13.711793081925656
2,0,2.3621418825131117
2,1,3.901271633838857
2,2,0.0
2,3,3.7857018088302774
2,4,5.678174746507737
2,5,42.706985621506426
2,6,5.026416391087489
2,7,7.643988667035277
2,8,6.859219570975037
2,9,7.313310269484351
2,10,41.6228352871527
2,11,41.64404354323085
2,12,33.58249067403811
2,13,31.376087695399118
2,14,33.02850173565602
2,15,34.35363426805475
2,16,35.36528387887244
2,17,37.1681407854546
2,18,39.04503160692366
2,19,39.94366379017279
2,20,39.87392874084671
2,21,40.34509727087081
2,22,41.96024391320998
2,23,38.99152296477865
2,24,50.25747910667391
2,25,41.791608424055326
2,26,4.569044843724161
2,27,2.8164338473299884
2,28,28.8691384155907
2,29,27.863275288480608
2,30,9.159002178806256
2,31,10.151914152471905
2,32,10.990849568354683
2,33,8.230932509001109
2,34,23.53341698482267
2,35,25.632967839585525
2,36,21.475681541890772
2,37,21.10385294992728
2,38,5.478898695746944
2,39,1.4469988691697304
2,40,36.87335440188647
2,41,45.60842966071404
2,42,36.47151374312331
2,43,24.518290687695856
2,44,17.89815803669149
2,45,11.960467840062993
2,46,4.8662355899737655
2,47,9.8105214480868
3,0,6.14784369134339
3,1,7.686973442669134
3,2,3.7857018088302774
3,3,0.0
3,4,9.463876555338015
3,5,46.4926874303367
3,6,8.812118199917766
3,7,11.429690475865554
3,8,10.644921379805314
3,9,11.099012078314628
3,10,45.40853709598298
3,11,45.429745352061126
3,12,37.36819248286839
3,13,35.1617895042294
3,14,36.814203544486304
3,15,38.13933607688502
3,16,39.150985687702715
3,17,40.95384259428487
3,18,42.83073341575393
3,19,43.729365599003074
3,20,43.65963054967699
3,21,44.130799079701085
3,22,45.74594572204026
3,23,42.77722477360893
3,24,54.043180915504195
3,25,45.5773102328856
3,26,8.354746652554438
3,27,6.602135656160266
3,28,32.65484022442098
3,29,31.648977097310883
3,30,12.944703987636533
3,31,13.937615961302182
3,32,14.776551377184962
3,33,12.016634317831386
3,34,27.319118793652947
3,35,29.4186696484158
3,36,25.261383350721047
3,37,24.88955475875756
3,38,9.26460050457722
3,39,5.232700678000008
3,40,40.659056210716756
3,41,49.39413146954432
3,42,40.25721555195359
3,43,28.303992496526135
3,44,21.683859845521766
3,45,15.746169648893268
3,46,8.651937398804042
3,47,13.596223256917076
4,0,8.040316629020849
4,1,7.724345097563637
4,2,5.678174746507737
4,3,9.463876555338015
4,4,0.0
4,5,37.02881087499869
4,6,6.599200340315004
4,7,3.9816280643672166
4,8,5.270865557017329
4,9,5.724956255526642
4,10,47.30101003366043
4,11,47.322218289738586
4,12,39.26066542054585
4,13,37.05426244190686
4,14,38.70667648216376
4,15,40.031809014562484
4,16,41.043458625380175
4,17,42.84631553196233
4,18,44.723206353431394
4,19,45.62183853668053
4,20,45.552103487354444
4,21,46.023272017378545
4,22,47.638418659717715
4,23,44.66969771128639
4,24,55.93565385318165
4,25,47.46978317056306
4,26,10.247219590231897
4,27,8.494608593837725
4,28,34.54731316209843
4,29,33.541450034988344
4,30,3.4808274322985198
4,31,4.473739405964167
4,32,5.312674821846947
4,33,2.5527577624933717
4,34,29.211591731330405
4,35,19.954793093077786
4,36,15.797506795383033
4,37,15.425678203419544
4,38,11.157073442254681
4,39,7.125173615677467
4,40,42.55152914839421
4,41,51.28660440722177
4,42,42.149688489631046
4,43,30.196465434203592
4,44,23.576332783199227
4,45,17.63864258657073
4,46,10.544410336481501
4,47,15.488696194594535
5,0,45.06912750401954
5,1,44.753155972562325
5,2,42.706985621506426
5,3,46.4926874303367
5,4,37.02881087499869
5,5,0.0
5,6,43.62801121531369
5,7,41.010438939365905
5,8,36.460146463227005
5,9,36.91423716173632
5,10,82.52493216467352
5,11,82.54614042075164
5,12,74.48458755155892
5,13,72.27818457291991
5,14,73.93059861317683
5,15,75.25573114557555
5,16,76.26738075639324
5,17,78.07023766297539
5,18,79.94712848444445
5,19,80.8457606676936
5,20,80.77602561836751
5,21,81.24719414839161
5,22,82.8623407907308
5,23,79.89361984229944
5,24,91.15957598419472
5,25,82.69370530157613
5,26,42.25554318326623
5,27,40.50293218687205
5,28,69.7712352931115
5,29,68.76537216600141
5,30,40.10632392755611
5,31,41.09923590122176
5,32,41.93817131710454
5,33,39.178254257750964
5,34,64.43551386234347
5,35,56.580289588335376
5,36,52.42300329064062
5,37,52.05117469867714
5,38,43.165397035289004
5,39,41.87236716503231
5,40,77.77545127940728
5,41,86.51052653823484
5,42,77.37361062064411
5,43,65.42038756521666
5,44,58.80025491421229
5,45,52.862564717583794
5,46,47.57322121148019
5,47,47.49701978762886
6,0,7.388558273600601
6,1,1.125144757248632
6,2,5.026416391087489
6,3,8.812118199917766
6,4,6.599200340315004
6,5,43.62801121531369
6,6,0.0
6,7,2.6175722759477877
6,8,11.870065897332331
6,9,12.324156595841647
6,10,46.64925167824019
6,11,46.67045993431834
6,12,38.6089070651256
6,13,36.40250408648661
6,14,38.054918126743516
6,15,39.380050659142235
6,16,40.39170026995993
6,17,42.194557176542084
6,18,44.071447998011145
6,19,44.970080181260286
6,20,44.9003451319342
6,21,45.371513661958296
6,22,46.98666030429747
6,23,44.01793935586614
6,24,55.28389549776141
6,25,46.81802481514281
6,26,9.59546123481165
6,27,7.842850238417478
6,28,33.89555480667819
6,29,32.889691679568095
6,30,10.080027772613523
6,31,11.072939746279172
6,32,11.911875162161952
6,33,9.151958102808376
6,34,28.55983337591016
6,35,26.55399343339279
6,36,22.396707135698037
6,37,22.02487854373455
6,38,10.505315086834432
6,39,6.4734152602572195
6,40,41.89977079297397
6,41,50.63484605180153
6,42,41.497930134210804
6,43,29.544707078783347
6,44,22.92457442777898
6,45,16.98688423115048
6,46,9.892651981061254
6,47,14.836937839174288
7,0,10.006130549548388
7,1,3.7427170331964197
7,2,7.643988667035277
7,3,11.429690475865554
7,4,3.9816280643672166
7,5,41.010438939365905
7,6,2.6175722759477877
7,7,0.0
7,8,9.252493621384545
7,9,9.706584319893858
7,10,49.26682395418798
7,11,49.288032210266124
7,12,41.226479341073386
7,13,39.020076362434395
7,14,40.6724904026913
7,15,41.99762293509002
7,16,43.00927254590772
7,17,44.81212945248987
7,18,46.68902027395893
7,19,47.58765245720807
7,20,47.51791740788199
7,21,47.98908593790608
7,22,49.60423258024526
7,23,46.63551163181393
7,24,57.90146777370919
7,25,49.4355970910906
7,26,12.213033510759438
7,27,10.460422514365266
7,28,36.51312708262598
7,29,35.50726395551588
7,30,7.462455496665736
7,31,8.455367470331383
7,32,9.294302886214163
7,33,6.534385826860588
7,34,31.177405651857946
7,35,23.936421157445004
7,36,19.77913485975025
7,37,19.407306267786762
7,38,13.12288736278222
7,39,9.090987536205008
7,40,44.517343068921754
7,41,53.25241832774932
7,42,44.11550241015859
7,43,32.16227935473113
7,44,25.542146703726768
7,45,19.60445650709827
7,46,12.510224257009043
7,47,17.454510115122076
8,0,9.22136145348815
8,1,10.760491204813894
8,2,6.859219570975037
8,3,10.644921379805314
8,4,5.270865557017329
8,5,36.460146463227005
8,6,11.870065897332331
8,7,9.252493621384545
8,8,0.0
8,9,0.45409069850931344
8,10,46.06478570144651
8,11,46.08599395752465
8,12,38.02444108833191
8,13,35.81803810969292
8,14,37.47045214994983
8,15,38.79558468234855
8,16,39.80723429316624
8,17,41.610091199748396
8,18,43.48698202121746
8,19,44.3856142044666
8,20,44.315879155140514
8,21,44.787047685164616
8,22,46.40219432750379
8,23,43.43347337907245
8,24,54.69942952096772
8,25,46.23355883834913
8,26,5.7953967200392205
8,27,4.042785723645048
8,28,33.311088829884504
8,29,32.30522570277441
8,30,3.6461774643291047
8,31,4.639089437994752
8,32,5.478024853877532
8,33,2.7181077945239567
8,34,27.97536739911647
8,35,20.12014312510837
8,36,15.962856827413617
8,37,15.591028235450128
8,38,6.705250572062003
8,39,5.412220701805307
8,40,41.31530481618028
8,41,50.050380075007844
8,42,40.91346415741712
8,43,28.96024110198966
8,44,22.34010845098529
8,45,16.402418254356796
8,46,11.725455160948803
8,47,11.036873324401858
9,0,9.675452151997462
9,1,11.214581903323207
9,2,7.313310269484351
9,3,11.099012078314628
9,4,5.724956255526642
9,5,36.91423716173632
9,6,12.324156595841647
9,7,9.706584319893858
9,8,0.45409069850931344
9,9,0.0
9,10,46.51887639995582
9,11,46.54008465603396
9,12,38.47853178684123
9,13,36.27212880820223
9,14,37.92454284845914
9,15,39.249675380857866
9,16,40.26132499167555
9,17,42.06418189825771
9,18,43.94107271972677
9,19,44.83970490297591
9,20,44.769969853649826
9,21,45.24113838367393
9,22,46.856285026013104
9,23,43.887564077581764
9,24,55.15352021947703
9,25,46.687649536858444
9,26,6.249487418548534
9,27,4.496876422154362
9,28,33.765179528393816
9,29,32.759316401283726
9,30,4.100268162838418
9,31,5.093180136504065
9,32,5.932115552386845
9,33,3.17219849303327
9,34,28.429458097625787
9,35,20.574233823617686
9,36,16.416947525922932
9,37,16.045118933959444
9,38,7.159341270571316
9,39,5.86631140031462
9,40,41.76939551468959
9,41,50.504470773517156
9,42,41.36755485592643
9,43,29.41433180049897
9,44,22.794199149494606
9,45,16.856508952866108
9,46,12.179545859458116
9,47,11.490964022911172
10,0,43.98497716966581
10,1,45.52410692099156
10,2,41.6228352871527
10,3,45.40853709598298
10,4,47.30101003366043
10,5,82.52493216467352
10,6,46.64925167824019
10,7,49.26682395418798
10,8,46.06478570144651
10,9,46.51887639995582
10,10,0.0
10,11,12.536311072638672
10,12,13.946111127216076
10,13,10.246747591753584
10,14,8.59433355149668
10,15,7.917140239844482
10,16,6.257551408280264
10,17,4.4546945016981105
10,18,2.57780368022905
10,19,1.6791714969799085
10,20,10.766196270254536
10,21,11.237364800278636
10,22,12.85251144261781
10,23,9.883790494186474
10,24,21.149746636081744
10,25,12.68387595346315
10,26,43.77461097419563
10,27,42.02199997780146
10,28,14.765423125782188
10,29,13.759559998672096
10,30,49.698242406166145
10,31,50.69115437983179
10,32,51.53008979571457
10,33,48.77017273636099
10,34,20.796944811673775
10,35,54.225454495699864
10,36,59.39026739753204
10,37,59.8342734103496
10,38,39.359535129384504
10,39,43.06983415632243
10,40,17.236974855064446
10,41,25.97205011389201
10,42,33.73504156997441
10,43,17.104544599456847
10,44,23.724677250461212
10,45,29.66236744708971
10,46,36.756599697178935
10,47,35.02791237704465
11,0,44.00618542574396
11,1,45.5453151770697
11,2,41.64404354323085
11,3,45.429745352061126
11,4,47.322218289738586
11,5,82.54614042075164
11,6,46.67045993431834
11,7,49.288032210266124
11,8,46.08599395752465
11,9,46.54008465603396
11,10,12.536311072638672
11,11,0.0
11,12,13.96731938329422
11,13,10.267955847831727
11,14,8.615541807574823
11,15,7.938348495922624
11,16,6.2787596643584065
11,17,8.081616570940561
11,18,9.958507392409622
11,19,10.857139575658763
11,20,2.6599333238748835
11,21,1.2989462723600351
11,22,1.8099973911379168
11,23,3.5423390999429456
11,24,9.440724203150577
11,25,0.9748535205319826
11,26,43.79581923027377
11,27,42.0432082338796
11,28,14.786631381860332
11,29,13.780768254750239
11,30,49.719450662244284
11,31,50.712362635909926
11,32,51.551298051792706
11,33,48.79138099243913
11,34,20.81815306775192
11,35,54.246662751778004
11,36,59.41147565361018
11,37,59.85548166642774
11,38,39.380743385462644
11,39,43.091042412400576
11,40,17.258183111142586
11,41,25.99325836997015
11,42,33.75624982605256
11,43,17.12575285553499
11,44,23.745885506539356
11,45,29.683575703167854
11,46,36.77780795325708
11,47,35.04912063312279
12,0,35.94463255655123
12,1,37.48376230787697
12,2,33.58249067403811
12,3,37.36819248286839
12,4,39.26066542054585
12,5,74.48458755155892
12,6,38.6089070651256
12,7,41.226479341073386
12,8,38.02444108833191
12,9,38.47853178684123
12,10,13.946111127216076
12,11,13.96731938329422
12,12,0.0
12,13,7.0041916159763
12,14,5.351777575719396
12,15,6.676910108118122
12,16,7.688559718935812
12,17,9.491416625517965
12,18,11.368307446987027
12,19,12.266939630236168
12,20,12.197204580910084
12,21,12.668373110934184
12,22,14.283519753273358
12,23,11.314798804842022
12,24,22.580754946737294
12,25,14.114884264118698
12,26,35.73426636108104
12,27,33.981655364686866
12,28,4.713352258447413
12,29,5.719215385557505
12,30,41.657897793051546
12,31,42.650809766717195
12,32,43.489745182599975
12,33,40.7298281232464
12,34,12.756600198559186
12,35,40.27934336848379
12,36,45.444156270315965
12,37,45.888162283133525
12,38,31.319190516269913
12,39,35.029489543207845
12,40,3.2908637278483686
12,41,12.02593898667593
12,42,23.635816531036717
12,43,9.064199986342256
12,44,15.684332637346621
12,45,21.62202283397512
12,46,28.716255084064347
12,47,26.987567763930056
13,0,33.73822957791223
13,1,35.277359329237974
13,2,31.376087695399118
13,3,35.1617895042294
13,4,37.05426244190686
13,5,72.27818457291991
13,6,36.40250408648661
13,7,39.020076362434395
13,8,35.81803810969292
13,9,36.27212880820223
13,10,10.246747591753584
13,11,10.267955847831727
13,12,7.0041916159763
13,13,0.0
13,14,1.6524140402569039
13,15,2.9775465726556294
13,16,3.9891961834733194
13,17,5.792053090055473
13,18,7.668943911524535
13,19,8.567576094773676
13,20,8.497841045447592
13,21,8.969009575471691
13,22,10.584156217810865
13,23,7.615435269379529
13,24,18.881391411274798
13,25,10.415520728656206
13,26,33.52786338244204
13,27,31.77525238604787
13,28,4.518675534028604
13,29,3.5128124069185116
13,30,39.451494814412555
13,31,40.4444067880782
13,32,41.28334220396098
13,33,38.5234251446074
13,34,10.550197219920193
13,35,47.28353498446009
13,36,51.768174177497066
13,37,51.396345585533574
13,38,29.112787537630915
13,39,32.82308656456885
13,40,10.295055343824668
13,41,19.03013060265223
13,42,23.488293978220835
13,43,6.8577970077032635
13,44,13.477929658707628
13,45,19.415619855336125
13,46,26.509852105425352
13,47,24.78116478529106
14,0,35.390643618169136
14,1,36.92977336949488
14,2,33.02850173565602
14,3,36.814203544486304
14,4,38.70667648216376
14,5,73.93059861317683
14,6,38.054918126743516
14,7,40.6724904026913
14,8,37.47045214994983
14,9,37.92454284845914
14,10,8.59433355149668
14,11,8.615541807574823
14,12,5.351777575719396
14,13,1.6524140402569039
14,14,0.0
14,15,1.3251325323987255
14,16,2.3367821432164155
14,17,4.13963904979857
14,18,6.016529871267631
14,19,6.915162054516772
14,20,6.845427005190687
14,21,7.316595535214788
14,22,8.93174217755396
14,23,5.963021229122625
14,24,17.228977371017898
14,25,8.763106688399303
14,26,35.18027742269895
14,27,33.42766642630478
14,28,6.171089574285507
14,29,5.1652264471754155
14,30,41.103908854669456
14,31,42.09682082833511
14,32,42.935756244217885
14,33,40.175839184864316
14,34,12.202611260177097
14,35,45.63112094420318
14,36,50.79593384603536
14,37,51.23993985885292
14,38,30.765201577887822
14,39,34.475500604825754
14,40,8.642641303567764
14,41,17.377716562395328
14,42,25.14070801847774
14,43,8.510211047960167
14,44,15.130343698964532
14,45,21.068033895593032
14,46,28.16226614568226
14,47,26.43357882554797
15,0,36.71577615056786
15,1,38.25490590189361
15,2,34.35363426805475
15,3,38.13933607688502
15,4,40.031809014562484
15,5,75.25573114557555
15,6,39.380050659142235
15,7,41.99762293509002
15,8,38.79558468234855
15,9,39.249675380857866
15,10,7.917140239844482
15,11,7.938348495922624
15,12,6.676910108118122
15,13,2.9775465726556294
15,14,1.3251325323987255
15,15,0.0
15,16,1.659588831564218
15,17,3.4624457381463714
15,18,5.3393365596154325
15,19,6.237968742864574
15,20,6.16823369353849
15,21,6.639402223562589
15,22,8.254548865901764
15,23,5.285827917470428
15,24,16.551784059365698
15,25,8.085913376747104
15,26,36.505409955097676
15,27,34.7527989587035
15,28,7.496222106684233
15,29,6.490358979574141
15,30,42.42904138706818
15,31,43.42195336073383
15,32,44.26088877661661
15,33,41.500971717263035
15,34,13.527743792575823
15,35,46.95625347660191
15,36,52.12106637843409
15,37,52.56507239125165
15,38,32.09033411028655
15,39,35.80063313722448
15,40,9.96777383596649
15,41,18.702849094794054
15,42,26.465840550876464
15,43,9.835343580358893
15,44,16.455476231363257
15,45,22.393166427991755
15,46,29.487398678080982
15,47,27.75871135794669
16,0,37.727425761385554
16,1,39.26655551271129
16,2,35.36528387887244
16,3,39.150985687702715
16,4,41.043458625380175
16,5,76.26738075639324
16,6,40.39170026995993
16,7,43.00927254590772
16,8,39.80723429316624
16,9,40.26132499167555
16,10,6.257551408280264
16,11,6.2787596643584065
16,12,7.688559718935812
16,13,3.9891961834733194
16,14,2.3367821432164155
16,15,1.659588831564218
16,16,0.0
16,17,1.8028569065821536
16,18,3.6797477280512143
16,19,4.578379911300356
16,20,4.508644861974272
16,21,4.979813391998372
16,22,6.5949600343375465
16,23,3.6262390859062097
16,24,14.89219522780148
16,25,6.426324545182886
16,26,37.51705956591536
16,27,35.76444856952119
16,28,8.507871717501924
16,29,7.502008590391831
16,30,43.44069099788587
16,31,44.43360297155152
16,32,45.272538387434295
16,33,42.512621328080726
16,34,14.539393403393511
16,35,47.9679030874196
16,36,53.13271598925178
16,37,53.57672200206934
16,38,33.10198372110424
16,39,36.81228274804217
16,40,10.97942344678418
16,41,19.714498705611742
16,42,27.477490161694153
16,43,10.846993191176583
16,44,17.46712584218095
16,45,23.404816038809447
16,46,30.499048288898674
16,47,28.770360968764383
17,0,39.530282667967704
17,1,41.06941241929345
17,2,37.1681407854546
17,3,40.95384259428487
17,4,42.84631553196233
17,5,78.07023766297539
17,6,42.194557176542084
17,7,44.81212945248987
17,8,41.610091199748396
17,9,42.06418189825771
17,10,4.4546945016981105
17,11,8.081616570940561
17,12,9.491416625517965
17,13,5.792053090055473
17,14,4.13963904979857
17,15,3.4624457381463714
17,16,1.8028569065821536
17,17,0.0
17,18,1.8768908214690607
17,19,2.775523004718202
17,20,6.311501768556425
17,21,6.782670298580525
17,22,8.3978169409197
17,23,5.429095992488364
17,24,16.695052134383634
17,25,8.22918145176504
17,26,39.31991647249752
17,27,37.56730547610334
17,28,10.310728624084078
17,29,9.304865496973985
17,30,45.24354790446803
17,31,46.23645987813367
17,32,47.07539529401645
17,33,44.315478234662876
17,34,16.342250309975665
17,35,49.77075999400175
17,36,54.93557289583393
17,37,55.37957890865149
17,38,34.90484062768639
17,39,38.61513965462432
17,40,12.782280353366334
17,41,21.517355612193896
17,42,29.280347068276306
17,43,12.649850097758737
17,44,19.269982748763102
17,45,25.2076729453916
17,46,32.30190519548083
17,47,30.573217875346536
18,0,41.407173489436765
18,1,42.94630324076251
18,2,39.04503160692366
18,3,42.83073341575393
18,4,44.723206353431394
18,5,79.94712848444445
18,6,44.071447998011145
18,7,46.68902027395893
18,8,43.48698202121746
18,9,43.94107271972677
18,10,2.57780368022905
18,11,9.958507392409622
18,12,11.368307446987027
18,13,7.668943911524535
18,14,6.016529871267631
18,15,5.3393365596154325
18,16,3.6797477280512143
18,17,1.8768908214690607
18,18,0.0
18,19,0.8986321832491414
18,20,8.188392590025487
18,21,8.659561120049586
18,22,10.274707762388761
18,23,7.305986813957425
18,24,18.571942955852695
18,25,10.106072273234101
18,26,41.19680729396658
18,27,39.444196297572404
18,28,12.187619445553139
18,29,11.181756318443046
18,30,47.12043872593709
18,31,48.113350699602734
18,32,48.952286115485514
18,33,46.19236905613194
18,34,18.219141131444726
18,35,51.64765081547081
18,36,56.81246371730299
18,37,57.25646973012055
18,38,36.78173144915545
18,39,40.49203047609338
18,40,14.659171174835395
18,41,23.394246433662957
18,42,31.157237889745367
18,43,14.526740919227798
18,44,21.146873570232163
18,45,27.08456376686066
18,46,34.17879601694989
18,47,32.4501086968156
19,0,42.305805672685906
19,1,43.84493542401165
19,2,39.94366379017279
19,3,43.729365599003074
19,4,45.62183853668053
19,5,80.8457606676936
19,6,44.970080181260286
19,7,47.58765245720807
19,8,44.3856142044666
19,9,44.83970490297591
19,10,1.6791714969799085
19,11,10.857139575658763
19,12,12.266939630236168
19,13,8.567576094773676
19,14,6.915162054516772
19,15,6.237968742864574
19,16,4.578379911300356
19,17,2.775523004718202
19,18,0.8986321832491414
19,19,0.0
19,20,9.087024773274628
19,21,9.558193303298728
19,22,11.173339945637903
19,23,8.204618997206566
19,24,19.470575139101836
19,25,11.004704456483243
19,26,42.09543947721572
19,27,40.34282848082155
19,28,13.08625162880228
19,29,12.080388501692187
19,30,48.019070909186226
19,31,49.01198288285188
19,32,49.850918298734655
19,33,47.091001239381086
19,34,19.117773314693867
19,35,52.54628299871995
19,36,57.71109590055213
19,37,58.15510191336969
19,38,37.68036363240459
19,39,41.390662659342524
19,40,15.557803358084536
19,41,24.2928786169121
19,42,32.05587007299451
19,43,15.42537310247694
19,44,22.045505753481304
19,45,27.983195950109803
19,46,35.07742820019903
19,47,33.34874088006474
20,0,42.23607062335982
20,1,43.77520037468557
20,2,39.87392874084671
20,3,43.65963054967699
20,4,45.552103487354444
20,5,80.77602561836751
20,6,44.9003451319342
20,7,47.51791740788199
20,8,44.315879155140514
20,9,44.769969853649826
20,10,10.766196270254536
20,11,2.6599333238748835
20,12,12.197204580910084
20,13,8.497841045447592
20,14,6.845427005190687
20,15,6.16823369353849
20,16,4.508644861974272
20,17,6.311501768556425
20,18,8.188392590025487
20,19,9.087024773274628
20,20,0.0
20,21,1.3609870515148483
20,22,2.0863151723632747
20,23,0.8824057760680618
20,24,11.075445703813719
20,25,2.8074982046993626
20,26,42.025704427889636
20,27,40.27309343149547
20,28,13.016516579476196
20,29,12.010653452366103
20,30,47.94933585986014
20,31,48.9422478335258
20,32,49.78118324940857
20,33,47.021266190055
20,34,19.048038265367783
20,35,52.47654794939387
20,36,57.64136085122605
20,37,58.08536686404361
20,38,37.61062858307851
20,39,41.32092761001644
20,40,15.488068308758452
20,41,24.223143567586014
20,42,31.986135023668425
20,43,15.355638053150855
20,44,21.97577070415522
20,45,27.91346090078372
20,46,35.007693150872946
20,47,33.279005830738654
21,0,42.70723915338392
21,1,44.24636890470966
21,2,40.34509727087081
21,3,44.130799079701085
21,4,46.023272017378545
21,5,81.24719414839161
21,6,45.371513661958296
21,7,47.98908593790608
21,8,44.787047685164616
21,9,45.24113838367393
21,10,11.237364800278636
21,11,1.2989462723600351
21,12,12.668373110934184
21,13,8.969009575471691
21,14,7.316595535214788
21,15,6.639402223562589
21,16,4.979813391998372
21,17,6.782670298580525
21,18,8.659561120049586
21,19,9.558193303298728
21,20,1.3609870515148483
21,21,0.0
21,22,2.2816550237904485
21,23,2.2433928275829103
21,24,9.912381835803108
21,25,1.4465111531845143
21,26,42.49687295791374
21,27,40.74426196151957
21,28,13.487685109500294
21,29,12.481821982390203
21,30,48.42050438988424
21,31,49.4134163635499
21,32,50.25235177943267
21,33,47.4924347200791
21,34,19.519206795391884
21,35,52.94771647941797
21,36,58.11252938125015
21,37,58.55653539406771
21,38,38.08179711310261
21,39,41.792096140040535
21,40,15.959236838782552
21,41,24.694312097610116
21,42,32.457303553692526
21,43,15.826806583174955
21,44,22.446939234179318
21,45,28.384629430807816
21,46,35.47886168089704
21,47,33.750174360762756
22,0,44.32238579572309
22,1,45.86151554704884
22,2,41.96024391320998
22,3,45.74594572204026
22,4,47.638418659717715
22,5,82.8623407907308
22,6,46.98666030429747
22,7,49.60423258024526
22,8,46.40219432750379
22,9,46.856285026013104
22,10,12.85251144261781
22,11,1.8099973911379168
22,12,14.283519753273358
22,13,10.584156217810865
22,14,8.93174217755396
22,15,8.254548865901764
22,16,6.5949600343375465
22,17,8.3978169409197
22,18,10.274707762388761
22,19,11.173339945637903
22,20,2.0863151723632747
22,21,2.2816550237904485
22,22,0.0
22,23,2.9687209484313364
22,24,8.989130531450444
22,25,0.8351438706059342
22,26,44.112019600252914
22,27,42.35940860385874
22,28,15.10283175183947
22,29,14.096968624729378
22,30,50.03565103222343
22,31,51.02856300588907
22,32,51.86749842177185
22,33,49.10758136241827
22,34,21.134353437731058
22,35,54.56286312175715
22,36,59.727676023589325
22,37,60.171682036406885
22,38,39.69694375544179
22,39,43.40724278237971
22,40,17.57438348112173
22,41,26.309458739949292
22,42,34.072450196031696
22,43,17.44195322551413
22,44,24.062085876518495
22,45,29.999776073146993
22,46,37.09400832323622
22,47,35.36532100310193
23,0,41.35366484729176
23,1,42.892794598617506
23,2,38.99152296477865
23,3,42.77722477360893
23,4,44.66969771128639
23,5,79.89361984229944
23,6,44.01793935586614
23,7,46.63551163181393
23,8,43.43347337907245
23,9,43.887564077581764
23,10,9.883790494186474
23,11,3.5423390999429456
23,12,11.314798804842022
23,13,7.615435269379529
23,14,5.963021229122625
23,15,5.285827917470428
23,16,3.6262390859062097
23,17,5.429095992488364
23,18,7.305986813957425
23,19,8.204618997206566
23,20,0.8824057760680618
23,21,2.2433928275829103
23,22,2.9687209484313364
23,23,0.0
23,24,11.95785147988178
23,25,3.6899039807674248
23,26,41.143298651821574
23,27,39.3906876554274
23,28,12.134110803408134
23,29,11.128247676298042
23,30,47.06693008379209
23,31,48.05984205745773
23,32,48.89877747334051
23,33,46.13886041398693
23,34,18.16563248929972
23,35,51.59414217332581
23,36,56.758955075157985
23,37,57.202961087975545
23,38,36.72822280701045
23,39,40.43852183394838
23,40,14.60566253269039
23,41,23.340737791517952
23,42,31.103729247600363
23,43,14.473232277082793
23,44,21.09336492808716
23,45,27.031055124715657
23,46,34.125287374804884
23,47,32.39660005467059
24,0,52.61962098918703
24,1,54.15875074051277
24,2,50.25747910667391
24,3,54.043180915504195
24,4,55.93565385318165
24,5,91.15957598419472
24,6,55.28389549776141
24,7,57.90146777370919
24,8,54.69942952096772
24,9,55.15352021947703
24,10,21.149746636081744
24,11,9.440724203150577
24,12,22.580754946737294
24,13,18.881391411274798
24,14,17.228977371017898
24,15,16.551784059365698
24,16,14.89219522780148
24,17,16.695052134383634
24,18,18.571942955852695
24,19,19.470575139101836
24,20,11.075445703813719
24,21,9.912381835803108
24,22,8.989130531450444
24,23,11.95785147988178
24,24,0.0
24,25,8.465870682618593
24,26,52.40925479371684
24,27,50.65664379732267
24,28,23.400066945303404
24,29,22.39420381819331
24,30,58.332886225687346
24,31,59.325798199353
24,32,60.164733615235775
24,33,57.404816555882206
24,34,29.43158863119499
24,35,62.86009831522108
24,36,68.02491121705326
24,37,68.46891722987081
24,38,47.99417894890571
24,39,51.704477975843645
24,40,25.87161867458566
24,41,34.60669393341322
24,42,42.36968538949563
24,43,25.739188418978063
24,44,32.35932106998243
24,45,38.29701126661092
24,46,45.39124351670015
24,47,43.66255619656586
25,0,44.15375030656843
25,1,45.69288005789418
25,2,41.791608424055326
25,3,45.5773102328856
25,4,47.46978317056306
25,5,82.69370530157613
25,6,46.81802481514281
25,7,49.4355970910906
25,8,46.23355883834913
25,9,46.687649536858444
25,10,12.68387595346315
25,11,0.9748535205319826
25,12,14.114884264118698
25,13,10.415520728656206
25,14,8.763106688399303
25,15,8.085913376747104
25,16,6.426324545182886
25,17,8.22918145176504
25,18,10.106072273234101
25,19,11.004704456483243
25,20,2.8074982046993626
25,21,1.4465111531845143
25,22,0.8351438706059342
25,23,3.6899039807674248
25,24,8.465870682618593
25,25,0.0
25,26,43.943384111098254
25,27,42.190773114704086
25,28,14.93419626268481
25,29,13.928333135574718
25,30,49.86701554306876
25,31,50.859927516734416
25,32,51.69886293261719
25,33,48.93894587326362
25,34,20.965717948576398
25,35,54.39422763260248
25,36,59.55904053443466
25,37,60.003046547252225
25,38,39.52830826628713
25,39,43.23860729322505
25,40,17.405747991967065
25,41,26.140823250794625
25,42,33.90381470687704
25,43,17.27331773635947
25,44,23.893450387363835
25,45,29.831140583992333
25,46,36.92537283408156
25,47,35.19668551394727
26,0,6.931186726237272
26,1,8.470316477563017
26,2,4.569044843724161
26,3,8.354746652554438
26,4,10.247219590231897
26,5,42.25554318326623
26,6,9.59546123481165
26,7,12.213033510759438
26,8,5.7953967200392205
26,9,6.249487418548534
26,10,43.77461097419563
26,11,43.79581923027377
26,12,35.73426636108104
26,13,33.52786338244204
26,14,35.18027742269895
26,15,36.505409955097676
26,16,37.51705956591536
26,17,39.31991647249752
26,18,41.19680729396658
26,19,42.09543947721572
26,20,42.025704427889636
26,21,42.49687295791374
26,22,44.112019600252914
26,23,41.143298651821574
26,24,52.40925479371684
26,25,43.943384111098254
26,26,0.0
26,27,1.752610996394172
26,28,31.020914102633625
26,29,30.015050975523533
26,30,9.428853424758852
26,31,10.421765398424501
26,32,11.260700814307281
26,33,8.500783754953705
26,34,25.685192671865597
26,35,25.90281908553812
26,36,21.745532787843366
26,37,21.373704195879878
26,38,4.415075844811127
26,39,3.12204597455443
26,40,39.0251300889294
26,41,47.760205347756965
26,42,38.62328943016624
26,43,26.67006637473878
26,44,20.049933723734416
26,45,14.112243527105917
26,46,9.435280433697926
26,47,8.746698597150981
27,0,5.1785757298431
27,1,6.717705481168846
27,2,2.8164338473299884
27,3,6.602135656160266
27,4,8.494608593837725
27,5,40.50293218687205
27,6,7.842850238417478
27,7,10.460422514365266
27,8,4.042785723645048
27,9,4.496876422154362
27,10,42.02199997780146
27,11,42.0432082338796
27,12,33.981655364686866
27,13,31.77525238604787
27,14,33.42766642630478
27,15,34.7527989587035
27,16,35.76444856952119
27,17,37.56730547610334
27,18,39.444196297572404
27,19,40.34282848082155
27,20,40.27309343149547
27,21,40.74426196151957
27,22,42.35940860385874
27,23,39.3906876554274
27,24,50.65664379732267
27,25,42.190773114704086
27,26,1.752610996394172
27,27,0.0
27,28,29.268303106239454
27,29,28.26243997912936
27,30,7.676242428364682
27,31,8.66915440203033
27,32,9.50808981791311
27,33,6.748172758559534
27,34,23.932581675471425
27,35,24.15020808914395
27,36,19.992921791449195
27,37,19.621093199485706
27,38,2.662464848416955
27,39,1.3694349781602582
27,40,37.272519092535234
27,41,46.0075943513628
27,42,36.87067843377207
27,43,24.91745537834461
27,44,18.297322727340244
27,45,12.359632530711746
27,46,7.682669437303755
27,47,6.99408760075681
28,0,31.231280298103812
28,1,32.77041004942956
28,2,28.8691384155907
28,3,32.65484022442098
28,4,34.54731316209843
28,5,69.7712352931115
28,6,33.89555480667819
28,7,36.51312708262598
28,8,33.311088829884504
28,9,33.765179528393816
28,10,14.765423125782188
28,11,14.786631381860332
28,12,4.713352258447413
28,13,4.518675534028604
28,14,6.171089574285507
28,15,7.496222106684233
28,16,8.507871717501924
28,17,10.310728624084078
28,18,12.187619445553139
28,19,13.08625162880228
28,20,13.016516579476196
28,21,13.487685109500294
28,22,15.10283175183947
28,23,12.134110803408134
28,24,23.400066945303404
28,25,14.93419626268481
28,26,31.020914102633625
28,27,29.268303106239454
28,28,0.0
28,29,1.005863127110092
28,30,36.94454553460413
28,31,37.93745750826979
28,32,38.77639292415256
28,33,36.01647586479899
28,34,8.043247940111772
28,35,44.9926956269312
28,36,49.26122489768865
28,37,48.88939630572516
28,38,26.605838257822498
28,39,30.31613728476043
28,40,8.004215986295781
28,41,16.739291245123344
28,42,20.981344698412414
28,43,4.350847727894844
28,44,10.97098037889921
28,45,16.908670575527708
28,46,24.002902825616935
28,47,22.274215505482644
29,0,30.22541717099372
29,1,31.764546922319465
29,2,27.863275288480608
29,3,31.648977097310883
29,4,33.541450034988344
29,5,68.76537216600141
29,6,32.889691679568095
29,7,35.50726395551588
29,8,32.30522570277441
29,9,32.759316401283726
29,10,13.759559998672096
29,11,13.780768254750239
29,12,5.719215385557505
29,13,3.5128124069185116
29,14,5.1652264471754155
29,15,6.490358979574141
29,16,7.502008590391831
29,17,9.304865496973985
29,18,11.181756318443046
29,19,12.080388501692187
29,20,12.010653452366103
29,21,12.481821982390203
29,22,14.096968624729378
29,23,11.128247676298042
29,24,22.39420381819331
29,25,13.928333135574718
29,26,30.015050975523533
29,27,28.26243997912936
29,28,1.005863127110092
29,29,0.0
29,30,35.93868240749404
29,31,36.93159438115969
29,32,37.77052979704247
29,33,35.010612737688895
29,34,7.0373848130016805
29,35,45.99855875404129
29,36,48.25536177057856
29,37,47.88353317861507
29,38,25.59997513071241
29,39,29.31027415765034
29,40,9.010079113405872
29,41,17.745154372233436
29,42,19.97548157130232
29,43,3.344984600784752
29,44,9.965117251789117
29,45,15.902807448417615
29,46,22.997039698506843
29,47,21.26835237837255
30,0,11.521144061319367
30,1,11.205172529862155
30,2,9.159002178806256
30,3,12.944703987636533
30,4,3.4808274322985198
30,5,40.10632392755611
30,6,10.080027772613523
30,7,7.462455496665736
30,8,3.6461774643291047
30,9,4.100268162838418
30,10,49.698242406166145
30,11,49.719450662244284
30,12,41.657897793051546
30,13,39.451494814412555
30,14,41.103908854669456
30,15,42.42904138706818
30,16,43.44069099788587
30,17,45.24354790446803
30,18,47.12043872593709
30,19,48.019070909186226
30,20,47.94933585986014
30,21,48.42050438988424
30,22,50.03565103222343
30,23,47.06693008379209
30,24,58.332886225687346
30,25,49.86701554306876
30,26,9.428853424758852
30,27,7.676242428364682
30,28,36.94454553460413
30,29,35.93868240749404
30,30,0.0
30,31,1.2022393814686063
30,32,1.8318473895484273
30,33,0.9280696698051479
30,34,31.608824103836106
30,35,16.683293068582227
30,36,12.526006770887472
30,37,12.154178178923983
30,38,10.338707276781635
30,39,9.04567740652494
30,40,44.948761520899915
30,41,53.68383677972747
30,42,44.546920862136744
30,43,32.59369780670929
30,44,25.973565155704925
30,45,20.035874959076427
30,46,14.02523776878002
30,47,14.67033002912149
31,0,12.514056034985016
31,1,12.198084503527804
31,2,10.151914152471905
31,3,13.937615961302182
31,4,4.473739405964167
31,5,41.09923590122176
31,6,11.072939746279172
31,7,8.455367470331383
31,8,4.639089437994752
31,9,5.093180136504065
31,10,50.69115437983179
31,11,50.712362635909926
31,12,42.650809766717195
31,13,40.4444067880782
31,14,42.09682082833511
31,15,43.42195336073383
31,16,44.43360297155152
31,17,46.23645987813367
31,18,48.113350699602734
31,19,49.01198288285188
31,20,48.9422478335258
31,21,49.4134163635499
31,22,51.02856300588907
31,23,48.05984205745773
31,24,59.325798199353
31,25,50.859927516734416
31,26,10.421765398424501
31,27,8.66915440203033
31,28,37.93745750826979
31,29,36.93159438115969
31,30,1.2022393814686063
31,31,0.0
31,32,3.0340867710170336
31,33,1.9209816434707954
31,34,32.601736077501755
31,35,15.48105368711362
31,36,11.323767389418865
31,37,10.951938797455377
31,38,11.331619250447284
31,39,10.038589380190588
31,40,45.94167349456556
31,41,54.67674875339313
31,42,45.5398328358024
31,43,33.58660978037494
31,44,26.966477129370574
31,45,21.028786932742076
31,46,15.018149742445669
31,47,15.66324200278714
32,0,13.352991450867794
32,1,13.037019919410582
32,2,10.990849568354683
32,3,14.776551377184962
32,4,5.312674821846947
32,5,41.93817131710454
32,6,11.911875162161952
32,7,9.294302886214163
32,8,5.478024853877532
32,9,5.932115552386845
32,10,51.53008979571457
32,11,51.551298051792706
32,12,43.489745182599975
32,13,41.28334220396098
32,14,42.935756244217885
32,15,44.26088877661661
32,16,45.272538387434295
32,17,47.07539529401645
32,18,48.952286115485514
32,19,49.850918298734655
32,20,49.78118324940857
32,21,50.25235177943267
32,22,51.86749842177185
32,23,48.89877747334051
32,24,60.164733615235775
32,25,51.69886293261719
32,26,11.260700814307281
32,27,9.50808981791311
32,28,38.77639292415256
32,29,37.77052979704247
32,30,1.8318473895484273
32,31,3.0340867710170336
32,32,0.0
32,33,2.759917059353575
32,34,33.44067149338453
32,35,18.515140458130652
32,36,14.357854160435899
32,37,13.98602556847241
32,38,12.170554666330062
32,39,10.877524796073367
32,40,46.780608910448336
32,41,55.5156841692759
32,42,46.37876825168517
32,43,34.425545196257715
32,44,27.80541254525335
32,45,21.867722348624852
32,46,15.857085158328449
32,47,16.502177418669916
33,0,10.59307439151422
33,1,10.277102860057008
33,2,8.230932509001109
33,3,12.016634317831386
33,4,2.5527577624933717
33,5,39.178254257750964
33,6,9.151958102808376
33,7,6.534385826860588
33,8,2.7181077945239567
33,9,3.17219849303327
33,10,48.77017273636099
33,11,48.79138099243913
33,12,40.7298281232464
33,13,38.5234251446074
33,14,40.175839184864316
33,15,41.500971717263035
33,16,42.512621328080726
33,17,44.315478234662876
33,18,46.19236905613194
33,19,47.091001239381086
33,20,47.021266190055
33,21,47.4924347200791
33,22,49.10758136241827
33,23,46.13886041398693
33,24,57.404816555882206
33,25,48.93894587326362
33,26,8.500783754953705
33,27,6.748172758559534
33,28,36.01647586479899
33,29,35.010612737688895
33,30,0.9280696698051479
33,31,1.9209816434707954
33,32,2.759917059353575
33,33,0.0
33,34,30.68075443403096
33,35,17.402035330584415
33,36,13.244749032889661
33,37,12.872920440926173
33,38,9.410637606976488
33,39,8.117607736719792
33,40,44.02069185109477
33,41,52.75576710992233
33,42,43.618851192331604
33,43,31.665628136904143
33,44,25.045495485899778
