source_id,target_id,rtt
0,0,0.0
0,1,10.75739046051147
0,2,5.148504278674421
0,3,5.676330208398238
0,4,9.366415149726237
0,5,10.93353086894769
0,6,18.370889051961775
0,7,2.338524378660127
0,8,9.963736652112868
0,9,8.668251227060498
0,10,7.479946365721603
0,11,10.736763559506837
0,12,9.768232379432156
0,13,16.230460083364516
0,14,15.922786354034058
0,15,15.053404792400757
0,16,18.432415636722
0,17,12.91693860175881
0,18,19.895377585544754
0,19,13.73924728259503
0,20,12.436230571537157
0,21,13.4879352783605
0,22,102.85136977712037
0,23,12.277675558280928
0,24,14.04073024920587
0,25,10.915046739967064
0,26,11.869428115271075
0,27,10.381582962453907
0,28,11.433511163676163
0,29,11.575040647673521
0,30,12.088521540472028
0,31,14.10840842096348
0,32,14.564152700445868
0,33,10.883804497510747
0,34,8.942310781213468
0,35,7.267803715227594
0,36,8.232114364328774
0,37,15.355196511923799
0,38,16.17043684159626
0,39,10.035056507434046
0,40,9.521536673753557
0,41,4.480710248519012
0,42,4.7501051805027625
0,43,12.108926827738541
0,44,9.47642262143002
0,45,9.912071735797866
0,47,14.82625030657354
0,48,0.7941275346712561
0,49,4.089748190696629
0,50,4.089748190696629
1,0,10.75739046051147
1,1,0.0
1,2,7.7263983577926325
1,3,8.254224287516449
1,4,1.390975310785232
1,5,9.654470333886128
1,6,17.091828516900215
1,7,11.507659769829086
1,8,8.684676117051307
1,9,7.389190691998937
1,10,6.200885830660042
1,11,9.457703024445276
1,12,8.489171844370595
1,13,14.951399548302955
1,14,14.643725818972495
1,15,13.774344257339195
1,16,17.153355101660438
1,17,11.637878066697247
1,18,18.616317050483193
1,19,12.46018674753347
1,20,11.157170036475595
1,21,12.208874743298939
1,22,101.5723092420588
1,23,10.998615023219365
1,24,12.761669714144308
1,25,9.635986204905503
1,26,10.590367580209513
1,27,9.102522427392344
1,28,10.154450628614601
1,29,10.29598011261196
1,30,10.809461005410466
1,31,12.829347885901917
1,32,13.285092165384306
1,33,9.604743962449188
1,34,7.663250246151906
1,35,5.988743180166033
1,36,6.953053829267213
1,37,14.076135976862236
1,38,14.8913763065347
1,39,8.755995972372485
1,40,8.242476138691996
1,41,7.058604327637223
1,42,7.327999259620974
1,43,10.829866292676979
1,44,8.197362086368457
1,45,8.633011200736304
1,47,13.547189771511977
1,48,9.963262925840214
1,49,6.6676422698148405
1,50,6.6676422698148405
2,0,5.148504278674421
2,1,7.7263983577926325
2,2,0.0
2,3,2.645338105679401
2,4,6.335423047007401
2,5,14.487416689010518
2,6,16.10340087860368
2,7,5.8987735879920375
2,8,13.517622472175693
2,9,12.222137047123326
2,10,11.03383218578443
2,11,14.290649379569663
2,12,13.322118199494982
2,13,19.784345903427344
2,14,19.476672174096883
2,15,18.60729061246358
2,16,21.986301456784823
2,17,14.454273447724253
2,18,17.627889412186658
2,19,17.293133102657855
2,20,15.990116391599983
2,21,17.041821098423323
2,22,106.4052555971832
2,23,15.831561378343753
2,24,17.594616069268696
2,25,14.46893256002989
2,26,15.423313935333901
2,27,13.935468782516734
2,28,14.98739698373899
2,29,15.128926467736347
2,30,15.642407360534854
2,31,11.840920247605386
2,32,12.296664527087774
2,33,14.437690317573574
2,34,12.496196601276294
2,35,10.821689535290421
2,36,11.7860001843916
2,37,13.087708338565704
2,38,14.64159397267551
2,39,13.588942327496873
2,40,13.075422493816385
2,41,1.4497181458001749
2,42,0.3983990981716596
2,43,13.961412259721405
2,44,13.030308441492846
2,45,13.465957555860692
2,47,18.380136126636366
2,48,4.354376744003166
2,49,1.0587560879777924
2,50,1.0587560879777924
3,0,5.676330208398238
3,1,8.254224287516449
3,2,2.645338105679401
3,3,0.0
3,4,6.863248976731217
3,5,15.015242618734334
3,6,16.631226808327497
3,7,6.426599517715854
3,8,14.04544840189951
3,9,12.749962976847142
3,10,11.561658115508246
3,11,14.81847530929348
3,12,13.849944129218798
3,13,20.31217183315116
3,14,20.0044981038207
3,15,19.135116542187397
3,16,22.51412738650864
3,17,14.982099377448069
3,18,18.155715341910476
3,19,17.820959032381673
3,20,16.517942321323797
3,21,17.56964702814714
3,22,106.933081526907
3,23,16.359387308067568
3,24,18.122441998992514
3,25,14.996758489753706
3,26,15.951139865057717
3,27,14.46329471224055
3,28,15.515222913462805
3,29,15.656752397460163
3,30,16.17023329025867
3,31,12.368746177329202
3,32,12.82449045681159
3,33,14.96551624729739
3,34,13.02402253100011
3,35,11.349515465014237
3,36,12.313826114115416
3,37,13.61553426828952
3,38,15.169419902399326
3,39,14.11676825722069
3,40,13.603248423540201
3,41,1.9775440755239915
3,42,2.246939007507742
3,43,14.48923818944522
3,44,13.558134371216662
3,45,13.993783485584508
3,47,18.907962056360184
3,48,4.882202673726982
3,49,1.5865820177016088
3,50,1.5865820177016088
4,0,9.366415149726237
4,1,1.390975310785232
4,2,6.335423047007401
4,3,6.863248976731217
4,4,0.0
4,5,8.263495023100896
4,6,15.700853206114981
4,7,10.116684459043853
4,8,7.293700806266074
4,9,5.998215381213705
4,10,4.809910519874809
4,11,8.066727713660043
4,12,7.098196533585362
4,13,13.560424237517722
4,14,13.252750508187262
4,15,12.383368946553961
4,16,15.762379790875205
4,17,10.246902755912014
4,18,17.22534173969796
4,19,11.069211436748237
4,20,9.766194725690362
4,21,10.817899432513705
4,22,100.18133393127357
4,23,9.607639712434132
4,24,11.370694403359074
4,25,8.24501089412027
4,26,9.19939226942428
4,27,7.711547116607113
4,28,8.763475317829368
4,29,8.905004801826728
4,30,9.418485694625232
4,31,11.438372575116684
4,32,11.894116854599073
4,33,8.213768651663955
4,34,6.272274935366674
4,35,4.5977678693808
4,36,5.5620785184819805
4,37,12.685160666077003
4,38,13.500400995749466
4,39,7.365020661587252
4,40,6.851500827906763
4,41,5.667629016851991
4,42,5.9370239488357415
4,43,9.438890981891745
4,44,6.806386775583225
4,45,7.2420358899510715
4,47,12.156214460726744
4,48,8.572287615054982
4,49,5.276666959029608
4,50,5.276666959029608
5,0,10.93353086894769
5,1,9.654470333886128
5,2,14.487416689010518
5,3,15.015242618734334
5,4,8.263495023100896
5,5,0.0
5,6,14.761702829392885
5,7,11.683800178265304
5,8,5.937374789617351
5,9,4.641889364564982
5,10,3.453584503226087
5,11,7.134686997999339
5,12,6.166155817924658
5,13,12.204098220869
5,14,11.89642449153854
5,15,11.027042929905239
5,16,14.406053774226482
5,17,9.31486204025131
5,18,16.286191362975863
5,19,10.137170721087532
5,20,8.834154010029657
5,21,9.885858716853
5,22,99.24929321561287
5,23,8.675598996773427
5,24,10.43865368769837
5,25,7.312970178459565
5,26,8.267351553763575
5,27,6.779506400946408
5,28,7.831434602168664
5,29,7.972964086166023
5,30,8.486444978964528
5,31,10.499222198394587
5,32,10.954966477876976
5,33,7.281727936003249
5,34,5.34023421970597
5,35,3.6657271537200957
5,36,4.205752501833258
5,37,11.746010289354906
5,38,12.568360280088761
5,39,6.0086946449385294
5,40,5.919460112246059
5,41,13.819622658855108
5,42,14.089017590838857
5,43,8.50685026623104
5,44,5.87434605992252
5,45,6.309995174290367
5,47,11.22417374506604
5,48,10.139403334276434
5,49,13.428660601032725
5,50,13.428660601032725
6,0,18.370889051961775
6,1,17.091828516900215
6,2,16.10340087860368
6,3,16.631226808327497
6,4,15.700853206114981
6,5,14.761702829392885
6,6,0.0
6,7,19.12115836127939
6,8,13.791908612558062
6,9,12.496423187505695
6,10,11.308118326166799
6,11,11.831529204224005
6,12,13.081490840518285
6,13,20.058632043809713
6,14,19.750958314479252
6,15,18.88157675284595
6,16,22.260587597167195
6,17,6.8758338311171645
6,18,10.049449795579571
6,19,15.628106308444774
6,20,14.3250895973869
6,21,15.376794304210243
6,22,104.59183551989778
6,23,8.73105395268338
6,24,10.494108643608323
6,25,14.722304944507616
6,26,8.322806509673528
6,27,13.915380892931722
6,28,14.967309094153979
6,29,15.108838578151339
6,30,15.622319470949844
6,31,4.262480630998296
6,32,4.718224910480685
6,33,10.663120915992444
6,34,11.485654912044748
6,35,11.103085336734182
6,36,12.06028632477397
6,37,5.509268721958614
6,38,7.063154356068422
6,39,8.753008184454355
6,40,9.300853092235254
6,41,15.435606848448272
6,42,15.70500178043202
6,43,6.382972643114316
6,44,13.311704242936607
6,45,13.747353357304453
6,47,11.279628700975993
6,48,17.57676151729052
6,49,15.044644790625888
6,50,15.044644790625888
7,0,2.338524378660127
7,1,11.507659769829086
7,2,5.8987735879920375
7,3,6.426599517715854
7,4,10.116684459043853
7,5,11.683800178265304
7,6,19.12115836127939
7,7,0.0
7,8,10.714005961430482
7,9,9.418520536378114
7,10,8.230215675039219
7,11,11.487032868824452
7,12,10.51850168874977
7,13,16.980729392682132
7,14,16.673055663351672
7,15,15.803674101718372
7,16,19.182684946039615
7,17,13.667207911076424
7,18,20.64564689486237
7,19,14.489516591912645
7,20,13.186499880854772
7,21,14.238204587678114
7,22,103.60163908643798
7,23,13.027944867598542
7,24,14.790999558523485
7,25,11.665316049284678
7,26,12.61969742458869
7,27,11.131852271771521
7,28,12.183780472993778
7,29,12.325309956991136
7,30,12.838790849789643
7,31,14.858677730281094
7,32,15.314422009763483
7,33,11.634073806828361
7,34,9.692580090531083
7,35,8.01807302454521
7,36,8.982383673646389
7,37,16.105465821241413
7,38,16.920706150913876
7,39,10.78532581675166
7,40,10.271805983071172
7,41,5.230979557836627
7,42,5.500374489820378
7,43,12.859196137056156
7,44,10.226691930747634
7,45,10.66234104511548
7,47,15.576519615891154
7,48,1.5443968439888707
7,49,4.840017500014245
7,50,4.840017500014245
8,0,9.963736652112868
8,1,8.684676117051307
8,2,13.517622472175693
8,3,14.04544840189951
8,4,7.293700806266074
8,5,5.937374789617351
8,6,13.791908612558062
8,7,10.714005961430482
8,8,0.0
8,9,3.6720951477301598
8,10,2.4837902863912644
8,11,6.164892781164516
8,12,5.196361601089835
8,13,11.234304004034179
8,14,10.926630274703719
8,15,10.057248713070418
8,16,13.436259557391661
8,17,8.345067823416489
8,18,15.31639714614104
8,19,9.16737650425271
8,20,7.8643597931948355
8,21,8.916064500018178
8,22,98.27949899877804
8,23,7.705804779938606
8,24,9.46885947086355
8,25,6.343175961624743
8,26,7.297557336928754
8,27,5.809712184111586
8,28,6.861640385333842
8,29,7.003169869331201
8,30,7.516650762129706
8,31,9.529427981559765
8,32,9.985172261042154
8,33,6.311933719168427
8,34,4.370440002871147
8,35,2.6959329368852734
8,36,3.235958284998435
8,37,10.776216072520082
8,38,11.59856606325394
8,39,5.038900428103707
8,40,4.949665895411236
8,41,12.849828442020284
8,42,13.119223374004033
8,43,7.537056049396219
8,44,4.904551843087698
8,45,5.3402009574555445
8,47,10.254379528231219
8,48,9.169609117441611
8,49,12.4588663841979
8,50,12.4588663841979
9,0,8.668251227060498
9,1,7.389190691998937
9,2,12.222137047123326
9,3,12.749962976847142
9,4,5.998215381213705
9,5,4.641889364564982
9,6,12.496423187505695
9,7,9.418520536378114
9,8,3.6720951477301598
9,9,0.0
9,10,1.1883048613388953
9,11,4.869407356112148
9,12,3.9008761760374666
9,13,9.93881857898181
9,14,9.63114484965135
9,15,8.761763288018049
9,16,12.140774132339292
9,17,7.0495823983641195
9,18,14.020911721088673
9,19,7.871891079200341
9,20,6.568874368142467
9,21,7.62057907496581
9,22,96.98401357372568
9,23,6.410319354886237
9,24,8.17337404581118
9,25,5.047690536572374
9,26,6.002071911876385
9,27,4.514226759059217
9,28,5.566154960281473
9,29,5.707684444278832
9,30,6.221165337077338
9,31,8.233942556507397
9,32,8.689686835989786
9,33,5.016448294116058
9,34,3.0749545778187777
9,35,1.4004475118329045
9,36,1.940472859946066
9,37,9.480730647467714
9,38,10.303080638201571
9,39,3.7434150030513385
9,40,3.6541804703588676
9,41,11.554343016967916
9,42,11.823737948951665
9,43,6.241570624343851
9,44,3.6090664180353293
9,45,4.044715532403176
9,47,8.95889410317885
9,48,7.874123692389243
9,49,11.163380959145533
9,50,11.163380959145533
10,0,7.479946365721603
10,1,6.200885830660042
10,2,11.03383218578443
10,3,11.561658115508246
10,4,4.809910519874809
10,5,3.453584503226087
10,6,11.308118326166799
10,7,8.230215675039219
10,8,2.4837902863912644
10,9,1.1883048613388953
10,10,0.0
10,11,3.681102494773252
10,12,2.712571314698571
10,13,8.750513717642914
10,14,8.442839988312453
10,15,7.573458426679153
10,16,10.952469271000396
10,17,5.861277537025224
10,18,12.832606859749777
10,19,6.683586217861445
10,20,5.380569506803571
10,21,6.432274213626914
10,22,95.79570871238678
10,23,5.222014493547341
10,24,6.985069184472284
10,25,3.8593856752334785
10,26,4.813767050537489
10,27,3.3259218977203213
10,28,4.377850098942577
10,29,4.519379582939936
10,30,5.032860475738442
10,31,7.045637695168502
10,32,7.50138197465089
10,33,3.828143432777163
10,34,1.8866497164798826
10,35,0.2121426504940091
10,36,0.7521679986071709
10,37,8.292425786128819
10,38,9.114775776862675
10,39,2.555110141712443
10,40,2.4658756090199723
10,41,10.36603815562902
10,42,10.63543308761277
10,43,5.053265763004955
10,44,2.4207615566964336
10,45,2.85641067106428
10,47,7.770589241839954
10,48,6.685818831050347
10,49,9.975076097806637
10,50,9.975076097806637
11,0,10.736763559506837
11,1,9.457703024445276
11,2,14.290649379569663
11,3,14.81847530929348
11,4,8.066727713660043
11,5,7.134686997999339
11,6,11.831529204224005
11,7,11.487032868824452
11,8,6.164892781164516
11,9,4.869407356112148
11,10,3.681102494773252
11,11,0.0
11,12,5.969388508483805
11,13,12.431616212416166
11,14,12.123942483085706
11,15,11.254560921452406
11,16,14.633571765773649
11,17,9.118094730810459
11,18,13.356017737806983
11,19,9.94040341164668
11,20,8.637386700588806
11,21,9.689091407412148
11,22,99.05252590617201
11,23,8.478831687332576
11,24,10.241886378257519
11,25,7.1162028690187125
11,26,8.070584244322724
11,27,6.582739091505555
11,28,7.634667292727811
11,29,7.77619677672517
11,30,8.289677669523677
11,31,7.569048573225707
11,32,8.024792852708096
11,33,7.084960626562396
11,34,5.143466910265117
11,35,3.468959844279243
11,36,4.433270493380423
11,37,8.815836664186026
11,38,10.369722298295834
11,39,6.2362126364856945
11,40,5.722692802805206
11,41,13.622855349414253
11,42,13.892250281398002
11,43,8.31008295679019
11,44,5.6775787504816675
11,45,6.113227864849514
11,47,11.027406435625188
11,48,9.942636024835581
11,49,13.23189329159187
11,50,13.23189329159187
12,0,9.768232379432156
12,1,8.489171844370595
12,2,13.322118199494982
12,3,13.849944129218798
12,4,7.098196533585362
12,5,6.166155817924658
12,6,13.081490840518285
12,7,10.51850168874977
12,8,5.196361601089835
12,9,3.9008761760374666
12,10,2.712571314698571
12,11,5.969388508483805
12,12,0.0
12,13,11.463085032341485
12,14,11.155411303011025
12,15,10.286029741377725
12,16,13.665040585698968
12,17,8.149563550735778
12,18,14.605979374101263
12,19,8.971872231571998
12,20,7.668855520514124
12,21,8.720560227337467
12,22,98.08399472609733
12,23,7.510300507257894
12,24,9.273355198182838
12,25,6.1476716889440315
12,26,7.102053064248042
12,27,5.614207911430874
12,28,6.66613611265313
12,29,6.807665596650489
12,30,7.321146489448995
12,31,8.819010209519988
12,32,9.274754489002376
12,33,6.116429446487715
12,34,4.174935730190436
12,35,2.500428664204562
12,36,3.464739313305742
12,37,10.065798300480306
12,38,11.40306179057323
12,39,5.2676814564110135
12,40,4.754161622730525
12,41,12.654324169339572
12,42,12.923719101323321
12,43,7.341551776715508
12,44,4.7090475704069865
12,45,5.144696684774833
12,47,10.058875255550507
12,48,8.9741048447609
12,49,12.26336211151719
12,50,12.26336211151719
13,0,16.230460083364516
13,1,14.951399548302955
13,2,19.784345903427344
13,3,20.31217183315116
13,4,13.560424237517722
13,5,12.204098220869
13,6,20.058632043809713
13,7,16.980729392682132
13,8,11.234304004034179
13,9,9.93881857898181
13,10,8.750513717642914
13,11,12.431616212416166
13,12,11.463085032341485
13,13,0.0
13,14,2.0464368525970618
13,15,1.1770552909637604
13,16,4.556066135285004
13,17,14.611791254668137
13,18,21.58312057739269
13,19,15.43409993550436
13,20,14.131083224446485
13,21,15.182787931269829
13,22,104.54622243002969
13,23,13.972528211190255
13,24,15.735582902115198
13,25,12.609899392876393
13,26,13.564280768180403
13,27,12.076435615363234
13,28,13.128363816585491
13,29,13.26989330058285
13,30,13.783374193381356
13,31,15.796151412811415
13,32,16.251895692293804
13,33,12.578657150420078
13,34,10.637163434122796
13,35,8.962656368136923
13,36,9.502681716250084
13,37,17.042939503771734
13,38,17.86528949450559
13,39,11.305623859355357
13,40,11.216389326662886
13,41,19.116551873271934
13,42,19.385946805255685
13,43,13.803779480647869
13,44,11.171275274339347
13,45,11.606924388707194
13,47,16.521102959482867
13,48,15.436332548693262
13,49,18.725589815449553
13,50,18.725589815449553
14,0,15.922786354034058
14,1,14.643725818972495
14,2,19.476672174096883
14,3,20.0044981038207
14,4,13.252750508187262
14,5,11.89642449153854
14,6,19.750958314479252
14,7,16.673055663351672
14,8,10.926630274703719
14,9,9.63114484965135
14,10,8.442839988312453
14,11,12.123942483085706
14,12,11.155411303011025
14,13,2.0464368525970618
14,14,0.0
14,15,0.8693815616333014
14,16,4.248392405954545
14,17,14.304117525337677
14,18,21.27544684806223
14,19,15.1264262061739
14,20,13.823409495116024
14,21,14.875114201939368
14,22,104.23854870069923
14,23,13.664854481859795
14,24,15.427909172784737
14,25,12.302225663545933
14,26,13.256607038849943
14,27,11.768761886032774
14,28,12.82069008725503
14,29,12.96221957125239
14,30,13.475700464050895
14,31,15.488477683480955
14,32,15.944221962963343
14,33,12.270983421089618
14,34,10.329489704792335
14,35,8.654982638806462
14,36,9.195007986919624
14,37,16.735265774441274
14,38,17.55761576517513
14,39,10.997950130024897
14,40,10.908715597332426
14,41,18.808878143941474
14,42,19.078273075925225
14,43,13.496105751317408
14,44,10.863601545008887
14,45,11.299250659376733
14,47,16.213429230152407
14,48,15.128658819362801
14,49,18.417916086119092
14,50,18.417916086119092
15,0,15.053404792400757
15,1,13.774344257339195
15,2,18.60729061246358
15,3,19.135116542187397
15,4,12.383368946553961
15,5,11.027042929905239
15,6,18.88157675284595
15,7,15.803674101718372
15,8,10.057248713070418
15,9,8.761763288018049
15,10,7.573458426679153
15,11,11.254560921452406
15,12,10.286029741377725
15,13,1.1770552909637604
15,14,0.8693815616333014
15,15,0.0
15,16,3.379010844321243
15,17,13.434735963704377
15,18,20.40606528642893
15,19,14.2570446445406
15,20,12.954027933482724
15,21,14.005732640306068
15,22,103.36916713906592
15,23,12.795472920226494
15,24,14.558527611151437
15,25,11.432844101912632
15,26,12.387225477216642
15,27,10.899380324399473
15,28,11.95130852562173
15,29,12.09283800961909
15,30,12.606318902417595
15,31,14.619096121847655
15,32,15.074840401330043
15,33,11.401601859456317
15,34,9.460108143159035
15,35,7.785601077173162
15,36,8.325626425286323
15,37,15.865884212807973
15,38,16.68823420354183
15,39,10.128568568391596
15,40,10.039334035699126
15,41,17.93949658230817
15,42,18.20889151429192
15,43,12.626724189684108
15,44,9.994219983375586
15,45,10.429869097743433
15,47,15.344047668519107
15,48,14.2592772577295
15,49,17.548534524485788
15,50,17.548534524485788
16,0,18.432415636722
16,1,17.153355101660438
16,2,21.986301456784823
16,3,22.51412738650864
16,4,15.762379790875205
16,5,14.406053774226482
16,6,22.260587597167195
16,7,19.182684946039615
16,8,13.436259557391661
16,9,12.140774132339292
16,10,10.952469271000396
16,11,14.633571765773649
16,12,13.665040585698968
16,13,4.556066135285004
16,14,4.248392405954545
16,15,3.379010844321243
16,16,0.0
16,17,16.81374680802562
16,18,23.785076130750173
16,19,17.636055488861842
16,20,16.333038777803967
16,21,17.38474348462731
16,22,106.74817798338717
16,23,16.174483764547738
16,24,17.93753845547268
16,25,14.811854946233876
16,26,15.766236321537885
16,27,14.278391168720717
16,28,15.330319369942973
16,29,15.471848853940333
16,30,15.985329746738838
16,31,17.998106966168898
16,32,18.453851245651286
16,33,14.78061270377756
16,34,12.839118987480278
16,35,11.164611921494405
16,36,11.704637269607566
16,37,19.244895057129217
16,38,20.06724504786307
16,39,13.50757941271284
16,40,13.418344880020369
16,41,21.318507426629413
16,42,21.587902358613164
16,43,16.00573503400535
16,44,13.37323082769683
16,45,13.808879942064676
16,47,18.72305851284035
16,48,17.638288102050744
16,49,20.92754536880703
16,50,20.92754536880703
17,0,12.91693860175881
17,1,11.637878066697247
17,2,14.454273447724253
17,3,14.982099377448069
17,4,10.246902755912014
17,5,9.31486204025131
17,6,6.8758338311171645
17,7,13.667207911076424
17,8,8.345067823416489
17,9,7.0495823983641195
17,10,5.861277537025224
17,11,9.118094730810459
17,12,8.149563550735778
17,13,14.611791254668137
17,14,14.304117525337677
17,15,13.434735963704377
17,16,16.81374680802562
17,17,0.0
17,18,8.400322364700143
17,19,12.120578453898652
17,20,10.817561742840777
17,21,11.86926644966412
17,22,101.23270094842398
17,23,10.659006729584547
17,24,12.42206142050949
17,25,9.296377911270685
17,26,10.250759286574695
17,27,8.762914133757526
17,28,9.814842334979783
17,29,9.956371818977143
17,30,10.469852711775648
17,31,2.613353200118868
17,32,3.0690974796012562
17,33,9.013993485113016
17,34,7.323641952517088
17,35,5.649134886531215
17,36,6.613445535632395
17,37,3.860141291079186
17,38,5.414026925188994
17,39,7.103880753574926
17,40,7.651725661355826
17,41,13.786479417568843
17,42,14.055874349552592
17,43,4.733845212234888
17,44,7.857753792733639
17,45,8.293402907101486
17,47,13.20758147787716
17,48,12.122811067087554
17,49,13.39551735974646
17,50,13.39551735974646
18,0,19.895377585544754
18,1,18.616317050483193
18,2,17.627889412186658
18,3,18.155715341910476
18,4,17.22534173969796
18,5,16.286191362975863
18,6,10.049449795579571
18,7,20.64564689486237
18,8,15.31639714614104
18,9,14.020911721088673
18,10,12.832606859749777
18,11,13.356017737806983
18,12,14.605979374101263
18,13,21.58312057739269
18,14,21.27544684806223
18,15,20.40606528642893
18,16,23.785076130750173
18,17,8.400322364700143
18,18,0.0
18,19,17.152594842027753
18,20,15.849578130969878
18,21,16.90128283779322
18,22,106.11632405348077
18,23,17.637445713370493
18,24,19.400500404295435
18,25,16.246793478090595
18,26,17.22919827036064
18,27,15.4398694265147
18,28,16.491797627736958
18,29,16.633327111734317
18,30,17.146808004532822
18,31,5.786969164581275
18,32,6.242713444063663
18,33,12.187609449575422
18,34,13.010143445627726
18,35,12.62757387031716
18,36,13.584774858356948
18,37,7.033757255541593
18,38,8.5876428896514
18,39,10.277496718037334
18,40,10.825341625818233
18,41,16.96009538203125
18,42,17.229490314015
18,43,7.907461176697295
18,44,14.836192776519585
18,45,15.271841890887432
18,47,20.186020461663105
18,48,19.1012500508735
18,49,16.569133324208867
18,50,16.569133324208867
19,0,13.73924728259503
19,1,12.46018674753347
19,2,17.293133102657855
19,3,17.820959032381673
19,4,11.069211436748237
19,5,10.137170721087532
19,6,15.628106308444774
19,7,14.489516591912645
19,8,9.16737650425271
19,9,7.871891079200341
19,10,6.683586217861445
19,11,9.94040341164668
19,12,8.971872231571998
19,13,15.43409993550436
19,14,15.1264262061739
19,15,14.2570446445406
19,16,17.636055488861842
19,17,12.120578453898652
19,18,17.152594842027753
19,19,0.0
19,20,1.303016711057874
19,21,2.3547214178812172
19,22,102.0550096292602
19,23,11.48131541042077
19,24,13.244370101345712
19,25,10.118686592106906
19,26,11.073067967410918
19,27,9.585222814593749
19,28,10.637151015816006
19,29,10.778680499813364
19,30,11.29216139261187
19,31,11.365625677446477
19,32,11.821369956928866
19,33,10.087444349650589
19,34,8.14595063335331
19,35,6.471443567367436
19,36,7.435754216468617
19,37,12.612413768406796
19,38,14.166299402516604
19,39,9.238696359573888
19,40,8.7251765258934
19,41,16.625339072502445
19,42,16.894734004486196
19,43,11.312566679878383
19,44,8.680062473569862
19,45,9.115711587937708
19,47,14.029890158713382
19,48,12.945119747923775
19,49,16.234377014680064
19,50,16.234377014680064
20,0,12.436230571537157
20,1,11.157170036475595
20,2,15.990116391599983
20,3,16.517942321323797
20,4,9.766194725690362
20,5,8.834154010029657
20,6,14.3250895973869
20,7,13.186499880854772
20,8,7.8643597931948355
20,9,6.568874368142467
20,10,5.380569506803571
20,11,8.637386700588806
20,12,7.668855520514124
20,13,14.131083224446485
20,14,13.823409495116024
20,15,12.954027933482724
20,16,16.333038777803967
20,17,10.817561742840777
20,18,15.849578130969878
20,19,1.303016711057874
20,20,0.0
20,21,1.0517047068233432
20,22,100.75199291820233
20,23,10.178298699362895
20,24,11.941353390287837
20,25,8.815669881049033
20,26,9.770051256353042
20,27,8.282206103535874
20,28,9.33413430475813
20,29,9.47566378875549
20,30,9.989144681553995
20,31,10.062608966388604
20,32,10.518353245870992
20,33,8.784427638592717
20,34,6.842933922295435
20,35,5.168426856309562
20,36,6.132737505410742
20,37,11.309397057348923
20,38,12.863282691458728
20,39,7.935679648516015
20,40,7.422159814835526
20,41,15.322322361444574
20,42,15.591717293428323
20,43,10.009549968820508
20,44,7.377045762511987
20,45,7.812694876879833
20,47,12.726873447655507
20,48,11.642103036865901
20,49,14.93136030362219
20,50,14.93136030362219
21,0,13.4879352783605
21,1,12.208874743298939
21,2,17.041821098423323
21,3,17.56964702814714
21,4,10.817899432513705
21,5,9.885858716853
21,6,15.376794304210243
21,7,14.238204587678114
21,8,8.916064500018178
21,9,7.62057907496581
21,10,6.432274213626914
21,11,9.689091407412148
21,12,8.720560227337467
21,13,15.182787931269829
21,14,14.875114201939368
21,15,14.005732640306068
21,16,17.38474348462731
21,17,11.86926644966412
21,18,16.90128283779322
21,19,2.3547214178812172
21,20,1.0517047068233432
21,21,0.0
21,22,101.80369762502568
21,23,11.230003406186238
21,24,12.99305809711118
21,25,9.867374587872375
21,26,10.821755963176386
21,27,9.333910810359217
21,28,10.385839011581474
21,29,10.527368495578832
21,30,11.040849388377339
21,31,11.114313673211948
21,32,11.570057952694336
21,33,9.836132345416058
21,34,7.894638629118779
21,35,6.220131563132905
21,36,7.184442212234085
21,37,12.361101764172266
21,38,13.914987398282072
21,39,8.987384355339357
21,40,8.473864521658868
21,41,16.374027068267914
21,42,16.643422000251665
21,43,11.061254675643852
21,44,8.42875046933533
21,45,8.864399583703177
21,47,13.77857815447885
21,48,12.693807743689243
21,49,15.983065010445532
21,50,15.983065010445532
22,0,102.85136977712037
22,1,101.5723092420588
22,2,106.4052555971832
22,3,106.933081526907
22,4,100.18133393127357
22,5,99.24929321561287
22,6,104.59183551989778
22,7,103.60163908643798
22,8,98.27949899877804
22,9,96.98401357372568
22,10,95.79570871238678
22,11,99.05252590617201
22,12,98.08399472609733
22,13,104.54622243002969
22,14,104.23854870069923
22,15,103.36916713906592
22,16,106.74817798338717
22,17,101.23270094842398
22,18,106.11632405348077
22,19,102.0550096292602
22,20,100.75199291820233
22,21,101.80369762502568
22,22,0.0
22,23,100.5934379049461
22,24,102.35649259587105
22,25,91.9363230371533
22,26,100.18519046193624
22,27,98.69734530911909
22,28,99.74927351034134
22,29,99.8908029943387
22,30,100.4042838871372
22,31,100.32935488889949
22,32,100.78509916838188
22,33,99.19956684417592
22,34,97.25807312787865
22,35,95.58356606189277
22,36,96.54787671099395
22,37,101.57614297985981
22,38,103.13002861396961
22,39,98.35081885409922
22,40,97.83729902041873
22,41,105.73746156702778
22,42,106.00685649901153
22,43,100.42468917440371
22,44,97.7921849680952
22,45,98.22783408246305
22,47,103.14201265323871
22,48,102.0572422424491
22,49,105.3464995092054
22,50,105.3464995092054
23,0,12.277675558280928
23,1,10.998615023219365
23,2,15.831561378343753
23,3,16.359387308067568
23,4,9.607639712434132
23,5,8.675598996773427
23,6,8.73105395268338
23,7,13.027944867598542
23,8,7.705804779938606
23,9,6.410319354886237
23,10,5.222014493547341
23,11,8.478831687332576
23,12,7.510300507257894
23,13,13.972528211190255
23,14,13.664854481859795
23,15,12.795472920226494
23,16,16.174483764547738
23,17,10.659006729584547
23,18,17.637445713370493
23,19,11.48131541042077
23,20,10.178298699362895
23,21,11.230003406186238
23,22,100.5934379049461
23,23,0.0
23,24,2.579549576944647
23,25,8.657114867792803
23,26,0.4082474430098519
23,27,8.123651090279644
23,28,9.1755792915019
23,29,9.31710877549926
23,30,9.830589668297765
23,31,11.850476548789217
23,32,12.306220828271606
23,33,8.625872625336488
23,34,6.684378909039205
23,35,5.009871843053332
23,36,5.974182492154513
23,37,13.097264639749536
23,38,13.912504969421999
23,39,7.777124635259785
23,40,7.263604801579296
23,41,15.163767348188344
23,42,15.433162280172093
23,43,9.850994955564278
23,44,7.218490749255757
23,45,7.6541398636236035
23,47,3.365069634312316
23,48,11.483548023609671
23,49,14.77280529036596
23,50,14.77280529036596
24,0,14.04073024920587
24,1,12.761669714144308
24,2,17.594616069268696
24,3,18.122441998992514
24,4,11.370694403359074
24,5,10.43865368769837
24,6,10.494108643608323
24,7,14.790999558523485
24,8,9.46885947086355
24,9,8.17337404581118
24,10,6.985069184472284
24,11,10.241886378257519
24,12,9.273355198182838
24,13,15.735582902115198
24,14,15.427909172784737
24,15,14.558527611151437
24,16,17.93753845547268
24,17,12.42206142050949
24,18,19.400500404295435
24,19,13.244370101345712
24,20,11.941353390287837
24,21,12.99305809711118
24,22,102.35649259587105
24,23,2.579549576944647
24,24,0.0
24,25,10.420169558717745
24,26,2.171302133934795
24,27,9.886705781204586
24,28,10.938633982426843
24,29,11.080163466424203
24,30,11.593644359222708
24,31,13.61353123971416
24,32,14.069275519196548
24,33,10.38892731626143
24,34,8.447433599964148
24,35,6.772926533978275
24,36,7.737237183079455
24,37,14.860319330674479
24,38,15.675559660346941
24,39,9.540179326184727
24,40,9.026659492504239
24,41,16.926822039113286
24,42,17.196216971097037
24,43,11.614049646489221
24,44,8.9815454401807
24,45,9.417194554548546
24,47,5.128124325237259
24,48,13.246602714534614
24,49,16.535859981290905
24,50,16.535859981290905
25,0,10.915046739967064
25,1,9.635986204905503
25,2,14.46893256002989
25,3,14.996758489753706
25,4,8.24501089412027
25,5,7.312970178459565
25,6,14.722304944507616
25,7,11.665316049284678
25,8,6.343175961624743
25,9,5.047690536572374
25,10,3.8593856752334785
25,11,7.1162028690187125
25,12,6.1476716889440315
25,13,12.609899392876393
25,14,12.302225663545933
25,15,11.432844101912632
25,16,14.811854946233876
25,17,9.296377911270685
25,18,16.246793478090595
25,19,10.118686592106906
25,20,8.815669881049033
25,21,9.867374587872375
25,22,91.9363230371533
25,23,8.657114867792803
25,24,10.420169558717745
25,25,0.0
25,26,8.24886742478295
25,27,6.761022271965782
25,28,7.812950473188038
25,29,7.954479957185397
25,30,8.467960849983903
25,31,10.459824313509321
25,32,10.91556859299171
25,33,7.263243807022623
25,34,5.321750090725343
25,35,3.6472430247394696
25,36,4.61155367384065
25,37,11.70661240446964
25,38,12.549876151108137
25,39,6.414495816945921
25,40,5.9009759832654325
25,41,13.80113852987448
25,42,14.07053346185823
25,43,8.488366137250416
25,44,5.855861930941894
25,45,6.291511045309741
25,47,11.205689616085415
25,48,10.120919205295808
25,49,13.410176472052097
25,50,13.410176472052097
26,0,11.869428115271075
26,1,10.590367580209513
26,2,15.423313935333901
26,3,15.951139865057717
26,4,9.19939226942428
26,5,8.267351553763575
26,6,8.322806509673528
26,7,12.61969742458869
26,8,7.297557336928754
26,9,6.002071911876385
26,10,4.813767050537489
26,11,8.070584244322724
26,12,7.102053064248042
26,13,13.564280768180403
26,14,13.256607038849943
26,15,12.387225477216642
26,16,15.766236321537885
26,17,10.250759286574695
26,18,17.22919827036064
26,19,11.073067967410918
26,20,9.770051256353042
26,21,10.821755963176386
26,22,100.18519046193624
26,23,0.4082474430098519
26,24,2.171302133934795
26,25,8.24886742478295
26,26,0.0
26,27,7.715403647269793
26,28,8.767331848492049
26,29,8.908861332489408
26,30,9.422342225287913
26,31,11.442229105779365
26,32,11.897973385261754
26,33,8.217625182326636
26,34,6.276131466029353
26,35,4.60162440004348
26,36,5.56593504914466
26,37,12.689017196739684
26,38,13.504257526412147
26,39,7.368877192249933
26,40,6.855357358569444
26,41,14.755519905178492
26,42,15.02491483716224
26,43,9.442747512554426
26,44,6.810243306245905
26,45,7.245892420613751
26,47,2.9568221913024644
26,48,11.07530058059982
26,49,14.364557847356108
26,50,14.364557847356108
27,0,10.381582962453907
27,1,9.102522427392344
27,2,13.935468782516734
27,3,14.46329471224055
27,4,7.711547116607113
27,5,6.779506400946408
27,6,13.915380892931722
27,7,11.131852271771521
27,8,5.809712184111586
27,9,4.514226759059217
27,10,3.3259218977203213
27,11,6.582739091505555
27,12,5.614207911430874
27,13,12.076435615363234
27,14,11.768761886032774
27,15,10.899380324399473
27,16,14.278391168720717
27,17,8.762914133757526
27,18,15.4398694265147
27,19,9.585222814593749
27,20,8.282206103535874
27,21,9.333910810359217
27,22,98.69734530911909
27,23,8.123651090279644
27,24,9.886705781204586
27,25,6.761022271965782
27,26,7.715403647269793
27,27,0.0
27,28,1.0519282012222562
27,29,1.193457685219615
27,30,1.706938578018121
27,31,9.652900261933427
27,32,10.108644541415815
27,33,6.729780029509466
27,34,4.788286313212186
27,35,3.1137792472263124
27,36,4.0780898963274925
27,37,10.899688352893746
27,38,12.016412373594978
27,39,5.881032039432764
27,40,5.367512205752275
27,41,13.267674752361325
27,42,13.537069684345074
27,43,7.954902359737258
27,44,5.322398153428737
27,45,5.7580472677965835
27,47,10.672225838572256
27,48,9.58745542778265
27,49,12.876712694538941
27,50,12.876712694538941
28,0,11.433511163676163
28,1,10.154450628614601
28,2,14.98739698373899
28,3,15.515222913462805
28,4,8.763475317829368
28,5,7.831434602168664
28,6,14.967309094153979
28,7,12.183780472993778
28,8,6.861640385333842
28,9,5.566154960281473
28,10,4.377850098942577
28,11,7.634667292727811
28,12,6.66613611265313
28,13,13.128363816585491
28,14,12.82069008725503
28,15,11.95130852562173
28,16,15.330319369942973
28,17,9.814842334979783
28,18,16.491797627736958
28,19,10.637151015816006
28,20,9.33413430475813
28,21,10.385839011581474
28,22,99.74927351034134
28,23,9.1755792915019
28,24,10.938633982426843
28,25,7.812950473188038
28,26,8.767331848492049
28,27,1.0519282012222562
28,28,0.0
28,29,2.245385886441871
28,30,2.7588667792403774
28,31,10.704828463155684
28,32,11.160572742638072
28,33,7.781708230731723
28,34,5.840214514434441
28,35,4.165707448448568
28,36,5.1300180975497485
28,37,11.951616554116002
28,38,13.068340574817235
28,39,6.932960240655021
28,40,6.419440406974532
28,41,14.31960295358358
28,42,14.588997885567329
28,43,9.006830560959514
28,44,6.374326354650993
28,45,6.809975469018839
28,47,11.724154039794513
28,48,10.639383629004907
28,49,13.928640895761196
28,50,13.928640895761196
29,0,11.575040647673521
29,1,10.29598011261196
29,2,15.128926467736347
29,3,15.656752397460163
29,4,8.905004801826728
29,5,7.972964086166023
29,6,15.108838578151339
29,7,12.325309956991136
29,8,7.003169869331201
29,9,5.707684444278832
29,10,4.519379582939936
29,11,7.77619677672517
29,12,6.807665596650489
29,13,13.26989330058285
29,14,12.96221957125239
29,15,12.09283800961909
29,16,15.471848853940333
29,17,9.956371818977143
29,18,16.633327111734317
29,19,10.778680499813364
29,20,9.47566378875549
29,21,10.527368495578832
29,22,99.8908029943387
29,23,9.31710877549926
29,24,11.080163466424203
29,25,7.954479957185397
29,26,8.908861332489408
29,27,1.193457685219615
29,28,2.245385886441871
29,29,0.0
29,30,2.9003962632377362
29,31,10.846357947153042
29,32,11.30210222663543
29,33,7.923237714729081
29,34,5.981743998431801
29,35,4.307236932445927
29,36,5.271547581547107
29,37,12.09314603811336
29,38,13.209870058814595
29,39,7.074489724652379
29,40,6.56096989097189
29,41,14.461132437580938
29,42,14.730527369564687
29,43,9.148360044956874
29,44,6.515855838648352
29,45,6.951504953016198
29,47,11.865683523791873
29,48,10.780913113002265
29,49,14.070170379758554
29,50,14.070170379758554
30,0,12.088521540472028
30,1,10.809461005410466
30,2,15.642407360534854
30,3,16.17023329025867
30,4,9.418485694625232
30,5,8.486444978964528
30,6,15.622319470949844
30,7,12.838790849789643
30,8,7.516650762129706
30,9,6.221165337077338
30,10,5.032860475738442
30,11,8.289677669523677
30,12,7.321146489448995
30,13,13.783374193381356
30,14,13.475700464050895
30,15,12.606318902417595
30,16,15.985329746738838
30,17,10.469852711775648
30,18,17.146808004532822
30,19,11.29216139261187
30,20,9.989144681553995
30,21,11.040849388377339
30,22,100.4042838871372
30,23,9.830589668297765
30,24,11.593644359222708
30,25,8.467960849983903
30,26,9.422342225287913
30,27,1.706938578018121
30,28,2.7588667792403774
30,29,2.9003962632377362
30,30,0.0
30,31,11.359838839951548
30,32,11.815583119433937
30,33,8.436718607527588
30,34,6.495224891230306
30,35,4.820717825244433
30,36,5.785028474345613
30,37,12.606626930911867
30,38,13.7233509516131
30,39,7.587970617450885
30,40,7.074450783770397
30,41,14.974613330379444
30,42,15.244008262363193
30,43,9.661840937755379
30,44,7.0293367314468576
30,45,7.464985845814704
30,47,12.379164416590378
30,48,11.294394005800772
30,49,14.583651272557061
30,50,14.583651272557061
31,0,14.10840842096348
31,1,12.829347885901917
31,2,11.840920247605386
31,3,12.368746177329202
31,4,11.438372575116684
31,5,10.499222198394587
31,6,4.262480630998296
31,7,14.858677730281094
31,8,9.529427981559765
31,9,8.233942556507397
31,10,7.045637695168502
31,11,7.569048573225707
31,12,8.819010209519988
31,13,15.796151412811415
31,14,15.488477683480955
31,15,14.619096121847655
31,16,17.998106966168898
31,17,2.613353200118868
31,18,5.786969164581275
31,19,11.365625677446477
31,20,10.062608966388604
31,21,11.114313673211948
31,22,100.32935488889949
31,23,11.850476548789217
31,24,13.61353123971416
31,25,10.459824313509321
31,26,11.442229105779365
31,27,9.652900261933427
31,28,10.704828463155684
31,29,10.846357947153042
31,30,11.359838839951548
31,31,0.0
31,32,0.4557442794823881
31,33,6.400640284994148
31,34,7.223174281046451
31,35,6.840604705735885
31,36,7.797805693775672
31,37,1.2467880909603182
31,38,2.8006737250701255
31,39,4.490527553456058
31,40,5.038372461236958
31,41,11.173126217449976
31,42,11.442521149433725
31,43,2.12049201211602
31,44,9.04922361193831
31,45,9.484872726306156
31,47,14.39905129708183
31,48,13.314280886292224
31,49,10.782164159627593
31,50,10.782164159627593
32,0,14.564152700445868
32,1,13.285092165384306
32,2,12.296664527087774
32,3,12.82449045681159
32,4,11.894116854599073
32,5,10.954966477876976
32,6,4.718224910480685
32,7,15.314422009763483
32,8,9.985172261042154
32,9,8.689686835989786
32,10,7.50138197465089
32,11,8.024792852708096
32,12,9.274754489002376
32,13,16.251895692293804
32,14,15.944221962963343
32,15,15.074840401330043
32,16,18.453851245651286
32,17,3.0690974796012562
32,18,6.242713444063663
32,19,11.821369956928866
32,20,10.518353245870992
32,21,11.570057952694336
