source_id,target_id,rtt
0,0,0.0
0,1,0.7436686996123765
0,2,1.02371263062334
0,4,0.5593909617990105
0,6,0.7210306655317206
0,7,0.7475857867939909
0,8,0.4457668699325018
0,9,0.7304698131905527
0,10,0.4917490033504243
0,11,0.3279989634409152
0,12,0.7436686996123765
0,13,1.6269024374960368
0,14,1.2398101095492697
0,16,0.971100274055332
0,18,1.4575283101241263
0,19,0.9432713273513663
0,20,0.6126285681363399
1,0,0.7436686996123765
1,1,0.0
1,2,1.6681136585797192
1,4,0.24970782634933192
1,6,0.04029482532861141
1,7,0.08598231888239907
1,8,0.6979451613898827
1,9,0.5765640992586548
1,10,0.27607713649763727
1,11,0.5414264760058152
1,12,0.0
1,13,0.8832522450888817
1,14,0.4961870009216757
1,16,0.4107192690582784
1,18,0.762897500523057
1,19,0.5228074559156733
1,20,0.48689470233158166
2,0,1.02371263062334
2,1,1.6681136585797192
2,2,0.0
2,4,1.5512806548900642
2,6,1.6597189384912991
2,7,1.7022969191498047
2,8,1.4342788617800217
2,9,1.7510587016588421
2,10,1.3926294099898429
2,11,1.1267483739378235
2,12,1.6681136585797192
2,13,2.5037341778739743
2,14,2.131594387626523
2,16,1.9756920866071805
2,18,2.2199749294658644
2,19,1.585593049649123
2,20,1.2831072425307282
4,0,0.5593909617990105
4,1,0.24970782634933192
4,2,1.5512806548900642
4,4,0.0
4,6,0.2120295801320972
4,7,0.21073059307499495
4,8,0.44824576616573825
4,9,0.3823393225770609
4,10,0.243140361115572
4,11,0.46478984274777124
4,12,0.24970782634933192
4,13,1.0973482884639034
4,14,0.7161416032697204
4,16,0.42500062267584093
4,18,1.0115219575476444
4,19,0.7099445714630452
4,20,0.5492261232683585
6,0,0.7210306655317206
6,1,0.04029482532861141
6,2,1.6597189384912991
6,4,0.2120295801320972
6,6,0.0
6,7,0.057665283235890756
6,8,0.6598987670250086
6,9,0.5371010629373952
6,10,0.2676935636424785
6,11,0.5345078971668805
6,12,0.04029482532861141
6,13,0.9075357526394588
6,14,0.5211510015528076
6,16,0.3900627293783356
6,18,0.7995398056668973
6,19,0.5578013996543952
6,20,0.5018371598249658
7,0,0.7475857867939909
7,1,0.08598231888239907
7,2,1.7022969191498047
7,4,0.21073059307499495
7,6,0.057665283235890756
7,7,0.0
7,8,0.6504293964685443
7,9,0.49891344162586526
7,10,0.31431035776398464
7,11,0.5801676311610737
7,12,0.08598231888239907
7,13,0.8892825761594111
7,14,0.5060854968885699
7,16,0.3325164414376084
7,18,0.8093386404714088
7,19,0.6086115052927542
7,20,0.5590225134749567
8,0,0.4457668699325018
8,1,0.6979451613898827
8,2,1.4342788617800217
8,4,0.44824576616573825
8,6,0.6598987670250086
8,7,0.6504293964685443
8,8,0.0
8,9,0.3493598152933611
8,10,0.5859540674735819
8,11,0.6282674793494767
8,12,0.6979451613898827
8,13,1.507816749937055
8,14,1.1409515567546726
8,16,0.7150063928472874
8,18,1.4584778322074237
8,19,1.1111398881566004
8,20,0.8572591113404501
9,0,0.7304698131905527
9,1,0.5765640992586548
9,2,1.7510587016588421
9,4,0.3823393225770609
9,6,0.5371010629373952
9,7,0.49891344162586526
9,8,0.3493598152933611
9,9,0.0
9,10,0.6176911572821225
9,11,0.7857811615202369
9,12,0.5765640992586548
9,13,1.2406983202456552
9,14,0.9069135398310781
9,16,0.4110368398237497
9,18,1.2735796012745628
9,19,1.0834519043370834
9,20,0.9258708501210182
10,0,0.4917490033504243
10,1,0.27607713649763727
10,2,1.3926294099898429
10,4,0.243140361115572
10,6,0.2676935636424785
10,7,0.31431035776398464
10,8,0.5859540674735819
10,9,0.6176911572821225
10,10,0.0
10,11,0.2668145715911264
10,12,0.27607713649763727
10,13,1.146713074943947
10,14,0.7611181419239822
10,16,0.6264481818510633
10,18,0.9677096726760936
10,19,0.5257977456520078
10,20,0.30822490871456426
11,0,0.3279989634409152
11,1,0.5414264760058152
11,2,1.1267483739378235
11,4,0.46478984274777124
11,6,0.5345078971668805
11,7,0.5801676311610737
11,8,0.6282674793494767
11,9,0.7857811615202369
11,10,0.2668145715911264
11,11,0.0
11,12,0.5414264760058152
11,13,1.3952840920869327
11,14,1.0140640937524392
11,16,0.8802169500623442
11,18,1.1724368783205097
11,19,0.6196646593539502
11,20,0.2846535204594908
12,0,0.7436686996123765
12,1,0.0
12,2,1.6681136585797192
12,4,0.24970782634933192
12,6,0.04029482532861141
12,7,0.08598231888239907
12,8,0.6979451613898827
12,9,0.5765640992586548
12,10,0.27607713649763727
12,11,0.5414264760058152
12,12,0.0
12,13,0.8832522450888817
12,14,0.4961870009216757
12,16,0.4107192690582784
12,18,0.762897500523057
12,19,0.5228074559156733
12,20,0.48689470233158166
13,0,1.6269024374960368
13,1,0.8832522450888817
13,2,2.5037341778739743
13,4,1.0973482884639034
13,6,0.9075357526394588
13,7,0.8892825761594111
13,8,1.507816749937055
13,9,1.2406983202456552
13,10,1.146713074943947
13,11,1.3952840920869327
13,12,0.8832522450888817
13,13,0.0
13,14,0.3871008304573767
13,16,0.83213855978632
13,18,0.42525253443853206
13,19,0.9845468946757604
13,20,1.225993636952328
14,0,1.2398101095492697
14,1,0.4961870009216757
14,2,2.131594387626523
14,4,0.7161416032697204
14,6,0.5211510015528076
14,7,0.5060854968885699
14,8,1.1409515567546726
14,9,0.9069135398310781
14,10,0.7611181419239822
14,11,1.0140640937524392
14,12,0.4961870009216757
14,13,0.3871008304573767
14,14,0.0
14,16,0.5233545850856978
14,18,0.40214657603353443
14,19,0.6842344579007716
14,20,0.867780680843466
16,0,0.971100274055332
16,1,0.4107192690582784
16,2,1.9756920866071805
16,4,0.42500062267584093
16,6,0.3900627293783356
16,7,0.3325164414376084
16,8,0.7150063928472874
16,9,0.4110368398237497
16,10,0.6264481818510633
16,11,0.8802169500623442
16,12,0.4107192690582784
16,13,0.83213855978632
16,14,0.5233545850856978
16,16,0.0
16,18,0.9158411339196185
16,19,0.9100987788151037
16,20,0.8912495727580929
18,0,1.4575283101241263
18,1,0.762897500523057
18,2,2.2199749294658644
18,4,1.0115219575476444
18,6,0.7995398056668973
18,7,0.8093386404714088
18,8,1.4584778322074237
18,9,1.2735796012745628
18,10,0.9677096726760936
18,11,1.1724368783205097
18,12,0.762897500523057
18,13,0.42525253443853206
18,14,0.40214657603353443
18,16,0.9158411339196185
18,18,0.0
18,19,0.63977382946143
18,20,0.9443943688243338
19,0,0.9432713273513663
19,1,0.5228074559156733
19,2,1.585593049649123
19,4,0.7099445714630452
19,6,0.5578013996543952
19,7,0.6086115052927542
19,8,1.1111398881566004
19,9,1.0834519043370834
19,10,0.5257977456520078
19,11,0.6196646593539502
19,12,0.5228074559156733
19,13,0.9845468946757604
19,14,0.6842344579007716
19,16,0.9100987788151037
19,18,0.63977382946143
19,19,0.0
19,20,0.34385692900954823
20,0,0.6126285681363399
20,1,0.48689470233158166
20,2,1.2831072425307282
20,4,0.5492261232683585
20,6,0.5018371598249658
20,7,0.5590225134749567
20,8,0.8572591113404501
20,9,0.9258708501210182
20,10,0.30822490871456426
20,11,0.2846535204594908
20,12,0.48689470233158166
20,13,1.225993636952328
20,14,0.867780680843466
20,16,0.8912495727580929
20,18,0.9443943688243338
20,19,0.34385692900954823
20,20,0.0
