source_id,target_id,rtt
0,0,0.0
0,1,0.30822490871456426
0,2,1.3926294099898429
0,3,0.2668145715911264
0,4,0.6264481818510633
0,6,0.5257977456520078
0,7,0.9677096726760936
0,8,0.7611181419239822
0,10,0.4917490033504243
0,12,1.146713074943947
0,13,0.6176911572821225
0,14,0.5859540674735819
0,15,0.243140361115572
0,17,0.31431035776398464
0,18,0.2676935636424785
0,19,0.27607713649763727
0,20,0.27607713649763727
1,0,0.30822490871456426
1,1,0.0
1,2,1.2831072425307282
1,3,0.2846535204594908
1,4,0.8912495727580929
1,6,0.34385692900954823
1,7,0.9443943688243338
1,8,0.867780680843466
1,10,0.6126285681363399
1,12,1.225993636952328
1,13,0.9258708501210182
1,14,0.8572591113404501
1,15,0.5492261232683585
1,17,0.5590225134749567
1,18,0.5018371598249658
1,19,0.48689470233158166
1,20,0.48689470233158166
2,0,1.3926294099898429
2,1,1.2831072425307282
2,2,0.0
2,3,1.1267483739378235
2,4,1.9756920866071805
2,6,1.585593049649123
2,7,2.2199749294658644
2,8,2.131594387626523
2,10,1.02371263062334
2,12,2.5037341778739743
2,13,1.7510587016588421
2,14,1.4342788617800217
2,15,1.5512806548900642
2,17,1.7022969191498047
2,18,1.6597189384912991
2,19,1.6681136585797192
2,20,1.6681136585797192
3,0,0.2668145715911264
3,1,0.2846535204594908
3,2,1.1267483739378235
3,3,0.0
3,4,0.8802169500623442
3,6,0.6196646593539502
3,7,1.1724368783205097
3,8,1.0140640937524392
3,10,0.3279989634409152
3,12,1.3952840920869327
3,13,0.7857811615202369
3,14,0.6282674793494767
3,15,0.46478984274777124
3,17,0.5801676311610737
3,18,0.5345078971668805
3,19,0.5414264760058152
3,20,0.5414264760058152
4,0,0.6264481818510633
4,1,0.8912495727580929
4,2,1.9756920866071805
4,3,0.8802169500623442
4,4,0.0
4,6,0.9100987788151037
4,7,0.9158411339196185
4,8,0.5233545850856978
4,10,0.971100274055332
4,12,0.83213855978632
4,13,0.4110368398237497
4,14,0.7150063928472874
4,15,0.42500062267584093
4,17,0.3325164414376084
4,18,0.3900627293783356
4,19,0.4107192690582784
4,20,0.4107192690582784
6,0,0.5257977456520078
6,1,0.34385692900954823
6,2,1.585593049649123
6,3,0.6196646593539502
6,4,0.9100987788151037
6,6,0.0
6,7,0.63977382946143
6,8,0.6842344579007716
6,10,0.9432713273513663
6,12,0.9845468946757604
6,13,1.0834519043370834
6,14,1.1111398881566004
6,15,0.7099445714630452
6,17,0.6086115052927542
6,18,0.5578013996543952
6,19,0.5228074559156733
6,20,0.5228074559156733
7,0,0.9677096726760936
7,1,0.9443943688243338
7,2,2.2199749294658644
7,3,1.1724368783205097
7,4,0.9158411339196185
7,6,0.63977382946143
7,7,0.0
7,8,0.40214657603353443
7,10,1.4575283101241263
7,12,0.42525253443853206
7,13,1.2735796012745628
7,14,1.4584778322074237
7,15,1.0115219575476444
7,17,0.8093386404714088
7,18,0.7995398056668973
7,19,0.762897500523057
7,20,0.762897500523057
8,0,0.7611181419239822
8,1,0.867780680843466
8,2,2.131594387626523
8,3,1.0140640937524392
8,4,0.5233545850856978
8,6,0.6842344579007716
8,7,0.40214657603353443
8,8,0.0
8,10,1.2398101095492697
8,12,0.3871008304573767
8,13,0.9069135398310781
8,14,1.1409515567546726
8,15,0.7161416032697204
8,17,0.5060854968885699
8,18,0.5211510015528076
8,19,0.4961870009216757
8,20,0.4961870009216757
10,0,0.4917490033504243
10,1,0.6126285681363399
10,2,1.02371263062334
10,3,0.3279989634409152
10,4,0.971100274055332
10,6,0.9432713273513663
10,7,1.4575283101241263
10,8,1.2398101095492697
10,10,0.0
10,12,1.6269024374960368
10,13,0.7304698131905527
10,14,0.4457668699325018
10,15,0.5593909617990105
10,17,0.7475857867939909
10,18,0.7210306655317206
10,19,0.7436686996123765
10,20,0.7436686996123765
12,0,1.146713074943947
12,1,1.225993636952328
12,2,2.5037341778739743
12,3,1.3952840920869327
12,4,0.83213855978632
12,6,0.9845468946757604
12,7,0.42525253443853206
12,8,0.3871008304573767
12,10,1.6269024374960368
12,12,0.0
12,13,1.2406983202456552
12,14,1.507816749937055
12,15,1.0973482884639034
12,17,0.8892825761594111
12,18,0.9075357526394588
12,19,0.8832522450888817
12,20,0.8832522450888817
13,0,0.6176911572821225
13,1,0.9258708501210182
13,2,1.7510587016588421
13,3,0.7857811615202369
13,4,0.4110368398237497
13,6,1.0834519043370834
13,7,1.2735796012745628
13,8,0.9069135398310781
13,10,0.7304698131905527
13,12,1.2406983202456552
13,13,0.0
13,14,0.3493598152933611
13,15,0.3823393225770609
13,17,0.49891344162586526
13,18,0.5371010629373952
13,19,0.5765640992586548
13,20,0.5765640992586548
14,0,0.5859540674735819
14,1,0.8572591113404501
14,2,1.4342788617800217
14,3,0.6282674793494767
14,4,0.7150063928472874
14,6,1.1111398881566004
14,7,1.4584778322074237
14,8,1.1409515567546726
14,10,0.4457668699325018
14,12,1.507816749937055
14,13,0.3493598152933611
14,14,0.0
14,15,0.44824576616573825
14,17,0.6504293964685443
14,18,0.6598987670250086
14,19,0.6979451613898827
14,20,0.6979451613898827
15,0,0.243140361115572
15,1,0.5492261232683585
15,2,1.5512806548900642
15,3,0.46478984274777124
15,4,0.42500062267584093
15,6,0.7099445714630452
15,7,1.0115219575476444
15,8,0.7161416032697204
15,10,0.5593909617990105
15,12,1.0973482884639034
15,13,0.3823393225770609
15,14,0.44824576616573825
15,15,0.0
15,17,0.21073059307499495
15,18,0.2120295801320972
15,19,0.24970782634933192
15,20,0.24970782634933192
17,0,0.31431035776398464
17,1,0.5590225134749567
17,2,1.7022969191498047
17,3,0.5801676311610737
17,4,0.3325164414376084
17,6,0.6086115052927542
17,7,0.8093386404714088
17,8,0.5060854968885699
17,10,0.7475857867939909
17,12,0.8892825761594111
17,13,0.49891344162586526
17,14,0.6504293964685443
17,15,0.21073059307499495
17,17,0.0
17,18,0.057665283235890756
17,19,0.08598231888239907
17,20,0.08598231888239907
18,0,0.2676935636424785
18,1,0.5018371598249658
18,2,1.6597189384912991
18,3,0.5345078971668805
18,4,0.3900627293783356
18,6,0.5578013996543952
18,7,0.7995398056668973
18,8,0.5211510015528076
18,10,0.7210306655317206
18,12,0.9075357526394588
18,13,0.5371010629373952
18,14,0.6598987670250086
18,15,0.2120295801320972
18,17,0.057665283235890756
18,18,0.0
18,19,0.04029482532861141
18,20,0.04029482532861141
19,0,0.27607713649763727
19,1,0.48689470233158166
19,2,1.6681136585797192
19,3,0.5414264760058152
19,4,0.4107192690582784
19,6,0.5228074559156733
19,7,0.762897500523057
19,8,0.4961870009216757
19,10,0.7436686996123765
19,12,0.8832522450888817
19,13,0.5765640992586548
19,14,0.6979451613898827
19,15,0.24970782634933192
19,17,0.08598231888239907
19,18,0.04029482532861141
19,19,0.0
19,20,0.0
20,0,0.27607713649763727
20,1,0.48689470233158166
20,2,1.6681136585797192
20,3,0.5414264760058152
20,4,0.4107192690582784
20,6,0.5228074559156733
20,7,0.762897500523057
20,8,0.4961870009216757
20,10,0.7436686996123765
20,12,0.8832522450888817
20,13,0.5765640992586548
20,14,0.6979451613898827
20,15,0.24970782634933192
20,17,0.08598231888239907
20,18,0.04029482532861141
20,19,0.0
20,20,0.0
