source_id,target_id,rtt
0,0,0.0
0,1,56.79510739421708
0,2,55.62385930104966
0,4,56.874286380341346
0,5,56.85253061240694
0,6,0.0
0,7,56.81662382570542
0,9,56.961944093192244
0,10,0.0
0,11,57.19317744148597
0,12,56.612067390206796
0,13,56.40823669135296
0,14,57.1261375948628
0,15,56.97637707201564
0,17,57.20576159935207
0,19,56.70503395328064
0,20,56.32939230340237
0,21,56.320162510514024
1,0,56.79510739421708
1,1,0.0
1,2,1.6681136585797192
1,4,0.08598231888239907
1,5,0.24970782634933192
1,6,56.79510739421708
1,7,0.04029482532861141
1,9,0.6979451613898827
1,10,56.79510739421708
1,11,0.5765640992586548
1,12,0.27607713649763727
1,13,0.5414264760058152
1,14,0.8832522450888817
1,15,0.4961870009216757
1,17,0.4107192690582784
1,19,0.762897500523057
1,20,0.5228074559156733
1,21,0.48689470233158166
2,0,55.62385930104966
2,1,1.6681136585797192
2,2,0.0
2,4,1.7022969191498047
2,5,1.5512806548900642
2,6,55.62385930104966
2,7,1.6597189384912991
2,9,1.4342788617800217
2,10,55.62385930104966
2,11,1.7510587016588421
2,12,1.3926294099898429
2,13,1.1267483739378235
2,14,2.5037341778739743
2,15,2.131594387626523
2,17,1.9756920866071805
2,19,2.2199749294658644
2,20,1.585593049649123
2,21,1.2831072425307282
4,0,56.874286380341346
4,1,0.08598231888239907
4,2,1.7022969191498047
4,4,0.0
4,5,0.21073059307499495
4,6,56.874286380341346
4,7,0.057665283235890756
4,9,0.6504293964685443
4,10,56.874286380341346
4,11,0.49891344162586526
4,12,0.31431035776398464
4,13,0.5801676311610737
4,14,0.8892825761594111
4,15,0.5060854968885699
4,17,0.3325164414376084
4,19,0.8093386404714088
4,20,0.6086115052927542
4,21,0.5590225134749567
5,0,56.85253061240694
5,1,0.24970782634933192
5,2,1.5512806548900642
5,4,0.21073059307499495
5,5,0.0
5,6,56.85253061240694
5,7,0.2120295801320972
5,9,0.44824576616573825
5,10,56.85253061240694
5,11,0.3823393225770609
5,12,0.243140361115572
5,13,0.46478984274777124
5,14,1.0973482884639034
5,15,0.7161416032697204
5,17,0.42500062267584093
5,19,1.0115219575476444
5,20,0.7099445714630452
5,21,0.5492261232683585
6,0,0.0
6,1,56.79510739421708
6,2,55.62385930104966
6,4,56.874286380341346
6,5,56.85253061240694
6,6,0.0
6,7,56.81662382570542
6,9,56.961944093192244
6,10,0.0
6,11,57.19317744148597
6,12,56.612067390206796
6,13,56.40823669135296
6,14,57.1261375948628
6,15,56.97637707201564
6,17,57.20576159935207
6,19,56.70503395328064
6,20,56.32939230340237
6,21,56.320162510514024
7,0,56.81662382570542
7,1,0.04029482532861141
7,2,1.6597189384912991
7,4,0.057665283235890756
7,5,0.2120295801320972
7,6,56.81662382570542
7,7,0.0
7,9,0.6598987670250086
7,10,56.81662382570542
7,11,0.5371010629373952
7,12,0.2676935636424785
7,13,0.5345078971668805
7,14,0.9075357526394588
7,15,0.5211510015528076
7,17,0.3900627293783356
7,19,0.7995398056668973
7,20,0.5578013996543952
7,21,0.5018371598249658
9,0,56.961944093192244
9,1,0.6979451613898827
9,2,1.4342788617800217
9,4,0.6504293964685443
9,5,0.44824576616573825
9,6,56.961944093192244
9,7,0.6598987670250086
9,9,0.0
9,10,56.961944093192244
9,11,0.3493598152933611
9,12,0.5859540674735819
9,13,0.6282674793494767
9,14,1.507816749937055
9,15,1.1409515567546726
9,17,0.7150063928472874
9,19,1.4584778322074237
9,20,1.1111398881566004
9,21,0.8572591113404501
10,0,0.0
10,1,56.79510739421708
10,2,55.62385930104966
10,4,56.874286380341346
10,5,56.85253061240694
10,6,0.0
10,7,56.81662382570542
10,9,56.961944093192244
10,10,0.0
10,11,57.19317744148597
10,12,56.612067390206796
10,13,56.40823669135296
10,14,57.1261375948628
10,15,56.97637707201564
10,17,57.20576159935207
10,19,56.70503395328064
10,20,56.32939230340237
10,21,56.320162510514024
11,0,57.19317744148597
11,1,0.5765640992586548
11,2,1.7510587016588421
11,4,0.49891344162586526
11,5,0.3823393225770609
11,6,57.19317744148597
11,7,0.5371010629373952
11,9,0.3493598152933611
11,10,57.19317744148597
11,11,0.0
11,12,0.6176911572821225
11,13,0.7857811615202369
11,14,1.2406983202456552
11,15,0.9069135398310781
11,17,0.4110368398237497
11,19,1.2735796012745628
11,20,1.0834519043370834
11,21,0.9258708501210182
12,0,56.612067390206796
12,1,0.27607713649763727
12,2,1.3926294099898429
12,4,0.31431035776398464
12,5,0.243140361115572
12,6,56.612067390206796
12,7,0.2676935636424785
12,9,0.5859540674735819
12,10,56.612067390206796
12,11,0.6176911572821225
12,12,0.0
12,13,0.2668145715911264
12,14,1.146713074943947
12,15,0.7611181419239822
12,17,0.6264481818510633
12,19,0.9677096726760936
12,20,0.5257977456520078
12,21,0.30822490871456426
13,0,56.40823669135296
13,1,0.5414264760058152
13,2,1.1267483739378235
13,4,0.5801676311610737
13,5,0.46478984274777124
13,6,56.40823669135296
13,7,0.5345078971668805
13,9,0.6282674793494767
13,10,56.40823669135296
13,11,0.7857811615202369
13,12,0.2668145715911264
13,13,0.0
13,14,1.3952840920869327
13,15,1.0140640937524392
13,17,0.8802169500623442
13,19,1.1724368783205097
13,20,0.6196646593539502
13,21,0.2846535204594908
14,0,57.1261375948628
14,1,0.8832522450888817
14,2,2.5037341778739743
14,4,0.8892825761594111
14,5,1.0973482884639034
14,6,57.1261375948628
14,7,0.9075357526394588
14,9,1.507816749937055
14,10,57.1261375948628
14,11,1.2406983202456552
14,12,1.146713074943947
14,13,1.3952840920869327
14,14,0.0
14,15,0.3871008304573767
14,17,0.83213855978632
14,19,0.42525253443853206
14,20,0.9845468946757604
14,21,1.225993636952328
15,0,56.97637707201564
15,1,0.4961870009216757
15,2,2.131594387626523
15,4,0.5060854968885699
15,5,0.7161416032697204
15,6,56.97637707201564
15,7,0.5211510015528076
15,9,1.1409515567546726
15,10,56.97637707201564
15,11,0.9069135398310781
15,12,0.7611181419239822
15,13,1.0140640937524392
15,14,0.3871008304573767
15,15,0.0
15,17,0.5233545850856978
15,19,0.40214657603353443
15,20,0.6842344579007716
15,21,0.867780680843466
17,0,57.20576159935207
17,1,0.4107192690582784
17,2,1.9756920866071805
17,4,0.3325164414376084
17,5,0.42500062267584093
17,6,57.20576159935207
17,7,0.3900627293783356
17,9,0.7150063928472874
17,10,57.20576159935207
17,11,0.4110368398237497
17,12,0.6264481818510633
17,13,0.8802169500623442
17,14,0.83213855978632
17,15,0.5233545850856978
17,17,0.0
17,19,0.9158411339196185
17,20,0.9100987788151037
17,21,0.8912495727580929
19,0,56.70503395328064
19,1,0.762897500523057
19,2,2.2199749294658644
19,4,0.8093386404714088
19,5,1.0115219575476444
19,6,56.70503395328064
19,7,0.7995398056668973
19,9,1.4584778322074237
19,10,56.70503395328064
19,11,1.2735796012745628
19,12,0.9677096726760936
19,13,1.1724368783205097
19,14,0.42525253443853206
19,15,0.40214657603353443
19,17,0.9158411339196185
19,19,0.0
19,20,0.63977382946143
19,21,0.9443943688243338
20,0,56.32939230340237
20,1,0.5228074559156733
20,2,1.585593049649123
20,4,0.6086115052927542
20,5,0.7099445714630452
20,6,56.32939230340237
20,7,0.5578013996543952
20,9,1.1111398881566004
20,10,56.32939230340237
20,11,1.0834519043370834
20,12,0.5257977456520078
20,13,0.6196646593539502
20,14,0.9845468946757604
20,15,0.6842344579007716
20,17,0.9100987788151037
20,19,0.63977382946143
20,20,0.0
20,21,0.34385692900954823
21,0,56.320162510514024
21,1,0.48689470233158166
21,2,1.2831072425307282
21,4,0.5590225134749567
21,5,0.5492261232683585
21,6,56.320162510514024
21,7,0.5018371598249658
21,9,0.8572591113404501
21,10,56.320162510514024
21,11,0.9258708501210182
21,12,0.30822490871456426
21,13,0.2846535204594908
21,14,1.225993636952328
21,15,0.867780680843466
21,17,0.8912495727580929
21,19,0.9443943688243338
21,20,0.34385692900954823
21,21,0.0
