source_id,target_id,rtt
0,0,0.0
0,1,0.30822490871456426
0,2,1.39356294552895
0,3,0.2668145715911264
0,4,1.7084213556310932
0,6,0.6520818377241124
0,7,2.0700319834882754
0,8,2.231775940716791
0,10,2.0393892917844783
0,12,2.4952845179268075
0,13,1.759606784642732
0,14,1.978633972550593
0,15,1.5303882063848548
0,17,1.2606933430168668
0,18,1.3183586262527576
0,19,1.346675661899266
0,20,1.346675661899266
1,0,0.30822490871456426
1,1,0.0
1,2,1.701787854243514
1,3,0.5750394803056906
1,4,1.400196446916529
1,6,0.34385692900954823
1,7,1.7618070747737113
1,8,1.9235510320022267
1,10,1.7311643830699137
1,12,2.187059609212243
1,13,1.4513818759281678
1,14,1.6704090638360287
1,15,1.2221632976702905
1,17,0.9524684343023024
1,18,1.0101337175381933
1,19,1.0384507531847016
1,20,1.0384507531847016
2,0,1.39356294552895
2,1,1.701787854243514
2,2,0.0
2,3,1.1267483739378235
2,4,2.134806025533396
2,6,2.045644783253062
2,7,2.61174721986236
2,8,2.658160610619094
2,10,1.02371263062334
2,12,3.036999754300892
2,13,2.3013220210168166
2,14,2.4050186424528963
2,15,1.956772876287158
2,17,1.8024085793909514
2,18,1.7447432961550606
2,19,1.7850381214836721
2,20,1.7850381214836721
3,0,0.2668145715911264
3,1,0.5750394803056906
3,2,1.1267483739378235
3,3,0.0
3,4,1.9752359272222195
3,6,0.9188964093152389
3,7,2.336846555079402
3,8,2.498590512307917
3,10,2.1504610045611634
3,12,2.7620990895179336
3,13,2.0264213562338584
3,14,2.2454485441417193
3,15,1.7972027779759812
3,17,1.527507914607993
3,18,1.5851731978438839
3,19,1.6134902334903922
3,20,1.6134902334903922
4,0,1.7084213556310932
4,1,1.400196446916529
4,2,2.134806025533396
4,3,1.9752359272222195
4,4,0.0
4,6,1.0563395179069806
4,7,1.2570666530856351
4,8,0.5233545850856978
4,10,1.111093394910056
4,12,0.9104554155430744
4,13,0.9466414542400916
4,14,1.050338075676171
4,15,0.6020923095104328
4,17,0.44772801261422635
4,18,0.3900627293783356
4,19,0.430357554706947
4,20,0.430357554706947
6,0,0.6520818377241124
6,1,0.34385692900954823
6,2,2.045644783253062
6,3,0.9188964093152389
6,4,1.0563395179069806
6,6,0.0
6,7,1.417950145764163
6,8,1.5796941029926783
6,10,1.3873074540603656
6,12,1.8432026802026948
6,13,1.1075249469186195
6,14,1.3265521348264804
6,15,0.8783063686607421
6,17,0.6086115052927542
6,18,0.6662767885286449
6,19,0.6945938241751533
6,20,0.6945938241751533
7,0,2.0700319834882754
7,1,1.7618070747737113
7,2,2.61174721986236
7,3,2.336846555079402
7,4,1.2570666530856351
7,6,1.417950145764163
7,7,0.0
7,8,0.8123533648959087
7,10,1.5880345892390202
7,12,0.42525253443853206
7,13,1.308252082097274
7,14,1.527279270005135
7,15,1.0790335038393968
7,17,0.8093386404714088
7,18,0.8670039237072995
7,19,0.8953209593538078
7,20,0.8953209593538078
8,0,2.231775940716791
8,1,1.9235510320022267
8,2,2.658160610619094
8,3,2.498590512307917
8,4,0.5233545850856978
8,6,1.5796941029926783
8,7,0.8123533648959087
8,8,0.0
8,10,1.634447979995754
8,12,0.3871008304573767
8,13,1.4699960393257894
8,14,1.5736926607618689
8,15,1.1254468945961307
8,17,0.9710825976999241
8,18,0.9134173144640334
8,19,0.9537121397926448
8,20,0.9537121397926448
10,0,2.0393892917844783
10,1,1.7311643830699137
10,2,1.02371263062334
10,3,2.1504610045611634
10,4,1.111093394910056
10,6,1.3873074540603656
10,7,1.5880345892390202
10,8,1.634447979995754
10,10,0.0
10,12,2.0132871236775522
10,13,1.2776093903934767
10,14,1.381306011829556
10,15,0.9330602456638177
10,17,0.7786959487676113
10,18,0.7210306655317206
10,19,0.761325490860332
10,20,0.761325490860332
12,0,2.4952845179268075
12,1,2.187059609212243
12,2,3.036999754300892
12,3,2.7620990895179336
12,4,0.9104554155430744
12,6,1.8432026802026948
12,7,0.42525253443853206
12,8,0.3871008304573767
12,10,2.0132871236775522
12,12,0.0
12,13,1.733504616535806
12,14,1.952531804443667
12,15,1.5042860382779288
12,17,1.2345911749099407
12,18,1.2922564581458316
12,19,1.32057349379234
12,20,1.32057349379234
13,0,1.759606784642732
13,1,1.4513818759281678
13,2,2.3013220210168166
13,3,2.0264213562338584
13,4,0.9466414542400916
13,6,1.1075249469186195
13,7,1.308252082097274
13,8,1.4699960393257894
13,10,1.2776093903934767
13,12,1.733504616535806
13,13,0.0
13,14,0.3493598152933611
13,15,0.7686083049938531
13,17,0.49891344162586526
13,18,0.556578724861756
13,19,0.5848957605082643
13,20,0.5848957605082643
14,0,1.978633972550593
14,1,1.6704090638360287
14,2,2.4050186424528963
14,3,2.2454485441417193
14,4,1.050338075676171
14,6,1.3265521348264804
14,7,1.527279270005135
14,8,1.5736926607618689
14,10,1.381306011829556
14,12,1.952531804443667
14,13,0.3493598152933611
14,14,0.0
14,15,0.44824576616573825
14,17,0.7179406295337262
14,18,0.6602753462978355
14,19,0.7005701716264469
14,20,0.7005701716264469
15,0,1.5303882063848548
15,1,1.2221632976702905
15,2,1.956772876287158
15,3,1.7972027779759812
15,4,0.6020923095104328
15,6,0.8783063686607421
15,7,1.0790335038393968
15,8,1.1254468945961307
15,10,0.9330602456638177
15,12,1.5042860382779288
15,13,0.7686083049938531
15,14,0.44824576616573825
15,15,0.0
15,17,0.2696948633679879
15,18,0.2120295801320972
15,19,0.2523244054607086
15,20,0.2523244054607086
17,0,1.2606933430168668
17,1,0.9524684343023024
17,2,1.8024085793909514
17,3,1.527507914607993
17,4,0.44772801261422635
17,6,0.6086115052927542
17,7,0.8093386404714088
17,8,0.9710825976999241
17,10,0.7786959487676113
17,12,1.2345911749099407
17,13,0.49891344162586526
17,14,0.7179406295337262
17,15,0.2696948633679879
17,17,0.0
17,18,0.057665283235890756
17,19,0.08598231888239907
17,20,0.08598231888239907
18,0,1.3183586262527576
18,1,1.0101337175381933
18,2,1.7447432961550606
18,3,1.5851731978438839
18,4,0.3900627293783356
18,6,0.6662767885286449
18,7,0.8670039237072995
18,8,0.9134173144640334
18,10,0.7210306655317206
18,12,1.2922564581458316
18,13,0.556578724861756
18,14,0.6602753462978355
18,15,0.2120295801320972
18,17,0.057665283235890756
18,18,0.0
18,19,0.04029482532861141
18,20,0.04029482532861141
19,0,1.346675661899266
19,1,1.0384507531847016
19,2,1.7850381214836721
19,3,1.6134902334903922
19,4,0.430357554706947
19,6,0.6945938241751533
19,7,0.8953209593538078
19,8,0.9537121397926448
19,10,0.761325490860332
19,12,1.32057349379234
19,13,0.5848957605082643
19,14,0.7005701716264469
19,15,0.2523244054607086
19,17,0.08598231888239907
19,18,0.04029482532861141
19,19,0.0
19,20,0.0
20,0,1.346675661899266
20,1,1.0384507531847016
20,2,1.7850381214836721
20,3,1.6134902334903922
20,4,0.430357554706947
20,6,0.6945938241751533
20,7,0.8953209593538078
20,8,0.9537121397926448
20,10,0.761325490860332
20,12,1.32057349379234
20,13,0.5848957605082643
20,14,0.7005701716264469
20,15,0.2523244054607086
20,17,0.08598231888239907
20,18,0.04029482532861141
20,19,0.0
20,20,0.0
