source_id,target_id,rtt
0,0,0.0
0,1,9.860345121665931
0,2,4.361735726781445
0,3,3.0639462196638463
0,4,42.319611765130645
0,5,43.184747433018416
0,6,40.073377041551616
0,7,40.835064666485465
0,8,43.28607673416027
0,9,41.77103761468218
0,13,84.79778102893631
0,14,84.79778102893631
0,15,84.79778102893631
0,16,84.79778102893631
0,17,84.79778102893631
0,20,84.79778102893631
0,21,84.79778102893631
0,23,84.79778102893631
0,24,84.79778102893631
0,25,7.762359290980099
0,27,84.79778102893631
0,29,84.79778102893631
0,30,84.79778102893631
0,32,84.79778102893631
0,33,84.79778102893631
0,34,84.79778102893631
0,36,28.456191519425587
0,37,37.00337632067301
0,38,41.57225242834865
0,39,19.077556859817605
0,41,21.897572920007374
0,42,25.851775699587133
0,43,6.35470794329617
0,44,5.793357166233927
0,45,28.459230013926447
0,46,18.06941617577942
0,48,20.150777736957384
0,50,9.830238213064408
0,51,6.562143430678859
0,52,6.505153095066254
1,0,9.860345121665931
1,1,0.0
1,2,7.120033039329716
1,3,7.747397190846407
1,4,32.5762665073433
1,5,33.39729961697956
1,6,31.16806197082124
1,7,31.66826259500602
1,8,33.501285602348005
1,9,31.911456642050993
1,13,94.53638563353692
1,14,94.53638563353692
1,15,94.53638563353692
1,16,94.53638563353692
1,17,94.53638563353692
1,20,94.53638563353692
1,21,94.53638563353692
1,23,94.53638563353692
1,24,94.53638563353692
1,25,3.306248322723641
1,27,94.53638563353692
1,29,94.53638563353692
1,30,94.53638563353692
1,32,94.53638563353692
1,33,94.53638563353692
1,34,94.53638563353692
1,36,19.965688070208007
1,37,27.206052215435474
1,38,31.732334296821687
1,39,16.031993024398464
1,41,15.15429675639684
1,42,17.822627926717818
1,43,6.359428726086341
1,44,6.3924648696701025
1,45,18.606032094071942
1,46,8.740394615450283
1,48,10.403383108673468
1,50,8.238664255580243
1,51,5.95227462743364
1,52,6.201751080714821
2,0,4.361735726781445
2,1,7.120033039329716
2,2,0.0
2,3,1.2988416681142185
2,4,39.53172815854149
2,5,40.29602206205495
2,6,38.262974446452326
2,7,38.78747619138673
2,8,40.40376448755042
2,9,38.505418895797916
2,13,87.64685941552094
2,14,87.64685941552094
2,15,87.64685941552094
2,16,87.64685941552094
2,17,87.64685941552094
2,20,87.64685941552094
2,21,87.64685941552094
2,23,87.64685941552094
2,24,87.64685941552094
2,25,4.1468497057312055
2,27,87.64685941552094
2,29,87.64685941552094
2,30,87.64685941552094
2,32,87.64685941552094
2,33,87.64685941552094
2,34,87.64685941552094
2,36,24.2692205542562
2,37,33.50258800679928
2,38,38.1728018514966
2,39,14.961974358712164
2,41,17.54647449214738
2,42,21.59579966937469
2,43,1.995796273799922
2,44,1.445082079962604
2,45,25.386127017873136
2,46,15.850910861419733
2,48,16.715107266615057
2,50,5.568715217949971
2,51,2.2391330460708323
2,52,2.154151318875432
3,0,3.0639462196638463
3,1,7.747397190846407
3,2,1.2988416681142185
3,3,0.0
3,4,40.302305502061
3,5,41.09937831218462
3,6,38.72460764740807
3,7,39.323700264586044
3,8,41.2051565725859
3,9,39.42871868556034
3,13,86.82811696301498
3,14,86.82811696301498
3,15,86.82811696301498
3,16,86.82811696301498
3,17,86.82811696301498
3,20,86.82811696301498
3,21,86.82811696301498
3,23,86.82811696301498
3,24,86.82811696301498
3,25,5.076164703001614
3,27,86.82811696301498
3,29,86.82811696301498
3,30,86.82811696301498
3,32,86.82811696301498
3,33,86.82811696301498
3,34,86.82811696301498
3,36,25.496947652322763
3,37,34.49952335991073
3,38,39.139408666682115
3,39,16.188835752014867
3,41,18.83778493411551
3,42,22.848593685931807
3,43,3.2908637278483686
3,44,2.731420502830174
3,45,26.2331747635705
3,46,16.38512904984725
3,48,17.66831199678352
3,50,6.8340629868467095
3,51,3.5096728633783174
3,52,3.4431704520999484
4,0,42.319611765130645
4,1,32.5762665073433
4,2,39.53172815854149
4,3,40.302305502061
4,4,0.0
4,5,1.4277629482093075
4,6,10.076031621223667
4,7,7.794296998375595
4,8,1.432312022316697
4,9,5.827385065270958
4,13,127.10714446300693
4,14,127.10714446300693
4,15,127.10714446300693
4,16,127.10714446300693
4,17,127.10714446300693
4,20,127.10714446300693
4,21,127.10714446300693
4,23,127.10714446300693
4,24,127.10714446300693
4,25,35.39598094756757
4,27,127.10714446300693
4,29,127.10714446300693
4,30,127.10714446300693
4,32,127.10714446300693
4,33,127.10714446300693
4,34,127.10714446300693
4,36,23.474409286901498
4,37,10.22575387443411
4,38,7.621063888146886
4,39,37.91789910148993
4,41,30.305366361894766
4,42,25.89524224273335
4,43,38.238749507272665
4,44,38.49121828691493
4,45,14.298003406784714
4,46,24.36816641940041
4,48,23.231277901869074
4,50,37.82237699167262
4,51,37.81998874458707
4,52,38.044422063945845
5,0,43.184747433018416
5,1,33.39729961697956
5,2,40.29602206205495
5,3,41.09937831218462
5,4,1.4277629482093075
5,5,0.0
5,6,11.442468664119668
5,7,9.139948505105801
5,8,0.12942368918428088
5,9,4.930636597238762
5,13,127.92733514602405
5,14,127.92733514602405
5,15,127.92733514602405
5,16,127.92733514602405
5,17,127.92733514602405
5,20,127.92733514602405
5,21,127.92733514602405
5,23,127.92733514602405
5,24,127.92733514602405
5,25,36.152367890902774
5,27,127.92733514602405
5,29,127.92733514602405
5,30,127.92733514602405
5,32,127.92733514602405
5,33,127.92733514602405
5,34,127.92733514602405
5,36,23.405550964282877
5,37,9.908652168803973
5,38,6.7217618189296635
5,39,38.14151501982169
5,41,30.47240906755981
5,42,25.93279229227861
5,43,38.953336620893374
5,44,39.22305954633765
5,45,14.9512308893496
5,46,25.317347990927097
5,48,23.85365333172366
5,50,38.405718106921064
5,51,38.53716523937707
5,52,38.75773093713408
6,0,40.073377041551616
6,1,31.16806197082124
6,2,38.262974446452326
6,3,38.72460764740807
6,4,10.076031621223667
6,5,11.442468664119668
6,6,0.0
6,7,2.335039095734328
6,8,11.406651479135181
6,9,15.48105368711362
6,13,123.80224370239047
6,14,123.80224370239047
6,15,123.80224370239047
6,16,123.80224370239047
6,17,123.80224370239047
6,20,123.80224370239047
6,21,123.80224370239047
6,23,123.80224370239047
6,24,123.80224370239047
6,25,34.38398020400502
6,27,123.80224370239047
6,29,123.80224370239047
6,30,123.80224370239047
6,32,123.80224370239047
6,33,123.80224370239047
6,34,123.80224370239047
6,36,28.791359633930714
6,37,17.968328299037623
6,38,17.15278800947018
6,39,40.72863696748166
6,41,33.83341890884917
6,42,30.461931092194973
6,43,37.43741315977194
6,44,37.53700346135582
6,45,16.440918444259037
6,46,22.430750551260534
6,48,24.184950199300577
6,50,38.07911634025269
6,51,37.01620628545981
6,52,37.262191373629165
7,0,40.835064666485465
7,1,31.66826259500602
7,2,38.78747619138673
7,3,39.323700264586044
7,4,7.794296998375595
7,5,9.139948505105801
7,6,2.335039095734328
7,7,0.0
7,8,9.099576019900237
7,9,13.32425550910892
7,13,125.01562137588152
7,14,125.01562137588152
7,15,125.01562137588152
7,16,125.01562137588152
7,17,125.01562137588152
7,20,125.01562137588152
7,21,125.01562137588152
7,23,125.01562137588152
7,24,125.01562137588152
7,25,34.820053484378924
7,27,125.01562137588152
7,29,125.01562137588152
7,30,125.01562137588152
7,32,125.01562137588152
7,33,125.01562137588152
7,34,125.01562137588152
7,36,27.7094779078039
7,37,16.216885349042755
7,38,15.034302535580096
7,39,40.32074829174331
7,41,33.20890288313392
7,42,29.56764511421637
7,43,37.84774589444753
7,44,37.98354817845091
7,45,15.822548103695404
7,46,22.94433114028849
7,48,24.039783128780588
7,50,38.2481087079764
7,51,37.42408644564298
7,52,37.666835195581676
8,0,43.28607673416027
8,1,33.501285602348005
8,2,40.40376448755042
8,3,41.2051565725859
8,4,1.432312022316697
8,5,0.12942368918428088
8,6,11.406651479135181
8,7,9.099576019900237
8,8,0.0
8,9,5.040688391312144
8,13,128.0328104337794
8,14,128.0328104337794
8,15,128.0328104337794
8,16,128.0328104337794
8,17,128.0328104337794
8,20,128.0328104337794
8,21,128.0328104337794
8,23,128.0328104337794
8,24,128.0328104337794
8,25,36.260441772823285
8,27,128.0328104337794
8,29,128.0328104337794
8,30,128.0328104337794
8,32,128.0328104337794
8,33,128.0328104337794
8,34,128.0328104337794
8,36,23.534969361353085
8,37,10.036740931119487
8,38,6.829568945611621
8,39,38.268768797779636
8,41,30.600406472403115
8,42,26.061965132067932
8,43,39.063844543348
8,44,39.33262935351384
8,45,15.063200277698847
8,46,25.411527659736613
8,48,23.96810158660775
8,50,38.52251990030759
8,51,38.64752052247081
8,52,38.868301993778886
9,0,41.77103761468218
9,1,31.911456642050993
9,2,38.505418895797916
9,3,39.42871868556034
9,4,5.827385065270958
9,5,4.930636597238762
9,6,15.48105368711362
9,7,13.32425550910892
9,8,5.040688391312144
9,9,0.0
9,13,125.97151471419514
9,14,125.97151471419514
9,15,125.97151471419514
9,16,125.97151471419514
9,17,125.97151471419514
9,20,125.97151471419514
9,21,125.97151471419514
9,23,125.97151471419514
9,24,125.97151471419514
9,25,34.3759011884177
9,27,125.97151471419514
9,29,125.97151471419514
9,30,125.97151471419514
9,32,125.97151471419514
9,33,125.97151471419514
9,34,125.97151471419514
9,36,19.372678862365223
9,37,5.753022391878221
9,38,1.7997201907959441
9,39,34.65798154825951
9,41,26.91079643319547
9,42,22.107610556589055
9,43,36.98847964063542
9,44,37.319810383843226
9,45,13.383704609035133
9,46,24.530940508387676
9,48,21.794947023401566
9,50,35.98310351501117
9,51,36.58617907559393
9,52,36.79013285093477
13,0,84.79778102893631
13,1,94.53638563353692
13,2,87.64685941552094
13,3,86.82811696301498
13,4,127.10714446300693
13,5,127.92733514602405
13,6,123.80224370239047
13,7,125.01562137588152
13,8,128.0328104337794
13,9,125.97151471419514
13,13,0.0
13,14,0.0
13,15,0.0
13,16,0.0
13,17,0.0
13,20,0.0
13,21,0.0
13,23,0.0
13,24,0.0
13,25,91.79351191068504
13,27,0.0
13,29,0.0
13,30,0.0
13,32,0.0
13,33,0.0
13,34,0.0
13,36,108.49069875740629
13,37,120.61371778389751
13,38,125.41407106315752
13,39,92.84033596810751
13,41,100.32935488889949
13,42,105.44139374139844
13,43,89.0557294640363
13,44,88.75722938872457
13,45,113.03207103225486
13,46,102.82800595882941
13,48,104.25475105053775
13,50,90.0115323203857
13,51,89.46585005742813
13,52,89.25312786059742
14,0,84.79778102893631
14,1,94.53638563353692
14,2,87.64685941552094
14,3,86.82811696301498
14,4,127.10714446300693
14,5,127.92733514602405
14,6,123.80224370239047
14,7,125.01562137588152
14,8,128.0328104337794
14,9,125.97151471419514
14,13,0.0
14,14,0.0
14,15,0.0
14,16,0.0
14,17,0.0
14,20,0.0
14,21,0.0
14,23,0.0
14,24,0.0
14,25,91.79351191068504
14,27,0.0
14,29,0.0
14,30,0.0
14,32,0.0
14,33,0.0
14,34,0.0
14,36,108.49069875740629
14,37,120.61371778389751
14,38,125.41407106315752
14,39,92.84033596810751
14,41,100.32935488889949
14,42,105.44139374139844
14,43,89.0557294640363
14,44,88.75722938872457
14,45,113.03207103225486
14,46,102.82800595882941
14,48,104.25475105053775
14,50,90.0115323203857
14,51,89.46585005742813
14,52,89.25312786059742
15,0,84.79778102893631
15,1,94.53638563353692
15,2,87.64685941552094
15,3,86.82811696301498
15,4,127.10714446300693
15,5,127.92733514602405
15,6,123.80224370239047
15,7,125.01562137588152
15,8,128.0328104337794
15,9,125.97151471419514
15,13,0.0
15,14,0.0
15,15,0.0
15,16,0.0
15,17,0.0
15,20,0.0
15,21,0.0
15,23,0.0
15,24,0.0
15,25,91.79351191068504
15,27,0.0
15,29,0.0
15,30,0.0
15,32,0.0
15,33,0.0
15,34,0.0
15,36,108.49069875740629
15,37,120.61371778389751
15,38,125.41407106315752
15,39,92.84033596810751
15,41,100.32935488889949
15,42,105.44139374139844
15,43,89.0557294640363
15,44,88.75722938872457
15,45,113.03207103225486
15,46,102.82800595882941
15,48,104.25475105053775
15,50,90.0115323203857
15,51,89.46585005742813
15,52,89.25312786059742
16,0,84.79778102893631
16,1,94.53638563353692
16,2,87.64685941552094
16,3,86.82811696301498
16,4,127.10714446300693
16,5,127.92733514602405
16,6,123.80224370239047
16,7,125.01562137588152
16,8,128.0328104337794
16,9,125.97151471419514
16,13,0.0
16,14,0.0
16,15,0.0
16,16,0.0
16,17,0.0
16,20,0.0
16,21,0.0
16,23,0.0
16,24,0.0
16,25,91.79351191068504
16,27,0.0
16,29,0.0
16,30,0.0
16,32,0.0
16,33,0.0
16,34,0.0
16,36,108.49069875740629
16,37,120.61371778389751
16,38,125.41407106315752
16,39,92.84033596810751
16,41,100.32935488889949
16,42,105.44139374139844
16,43,89.0557294640363
16,44,88.75722938872457
16,45,113.03207103225486
16,46,102.82800595882941
16,48,104.25475105053775
16,50,90.0115323203857
16,51,89.46585005742813
16,52,89.25312786059742
17,0,84.79778102893631
17,1,94.53638563353692
17,2,87.64685941552094
17,3,86.82811696301498
17,4,127.10714446300693
17,5,127.92733514602405
17,6,123.80224370239047
17,7,125.01562137588152
17,8,128.0328104337794
17,9,125.97151471419514
17,13,0.0
17,14,0.0
17,15,0.0
17,16,0.0
17,17,0.0
17,20,0.0
17,21,0.0
17,23,0.0
17,24,0.0
17,25,91.79351191068504
17,27,0.0
17,29,0.0
17,30,0.0
17,32,0.0
17,33,0.0
17,34,0.0
17,36,108.49069875740629
17,37,120.61371778389751
17,38,125.41407106315752
17,39,92.84033596810751
17,41,100.32935488889949
17,42,105.44139374139844
17,43,89.0557294640363
17,44,88.75722938872457
17,45,113.03207103225486
17,46,102.82800595882941
17,48,104.25475105053775
17,50,90.0115323203857
17,51,89.46585005742813
17,52,89.25312786059742
20,0,84.79778102893631
20,1,94.53638563353692
20,2,87.64685941552094
20,3,86.82811696301498
20,4,127.10714446300693
20,5,127.92733514602405
20,6,123.80224370239047
20,7,125.01562137588152
20,8,128.0328104337794
20,9,125.97151471419514
20,13,0.0
20,14,0.0
20,15,0.0
20,16,0.0
20,17,0.0
20,20,0.0
20,21,0.0
20,23,0.0
20,24,0.0
20,25,91.79351191068504
20,27,0.0
20,29,0.0
20,30,0.0
20,32,0.0
20,33,0.0
20,34,0.0
20,36,108.49069875740629
20,37,120.61371778389751
20,38,125.41407106315752
20,39,92.84033596810751
20,41,100.32935488889949
20,42,105.44139374139844
20,43,89.0557294640363
20,44,88.75722938872457
20,45,113.03207103225486
20,46,102.82800595882941
20,48,104.25475105053775
20,50,90.0115323203857
20,51,89.46585005742813
20,52,89.25312786059742
21,0,84.79778102893631
21,1,94.53638563353692
21,2,87.64685941552094
21,3,86.82811696301498
21,4,127.10714446300693
21,5,127.92733514602405
21,6,123.80224370239047
21,7,125.01562137588152
21,8,128.0328104337794
21,9,125.97151471419514
21,13,0.0
21,14,0.0
21,15,0.0
21,16,0.0
21,17,0.0
21,20,0.0
21,21,0.0
21,23,0.0
21,24,0.0
21,25,91.79351191068504
21,27,0.0
21,29,0.0
21,30,0.0
21,32,0.0
21,33,0.0
21,34,0.0
21,36,108.49069875740629
21,37,120.61371778389751
21,38,125.41407106315752
21,39,92.84033596810751
21,41,100.32935488889949
21,42,105.44139374139844
21,43,89.0557294640363
21,44,88.75722938872457
21,45,113.03207103225486
21,46,102.82800595882941
21,48,104.25475105053775
21,50,90.0115323203857
21,51,89.46585005742813
21,52,89.25312786059742
23,0,84.79778102893631
23,1,94.53638563353692
23,2,87.64685941552094
23,3,86.82811696301498
23,4,127.10714446300693
23,5,127.92733514602405
23,6,123.80224370239047
23,7,125.01562137588152
23,8,128.0328104337794
23,9,125.97151471419514
23,13,0.0
23,14,0.0
23,15,0.0
23,16,0.0
23,17,0.0
23,20,0.0
23,21,0.0
23,23,0.0
23,24,0.0
23,25,91.79351191068504
23,27,0.0
23,29,0.0
23,30,0.0
23,32,0.0
23,33,0.0
23,34,0.0
23,36,108.49069875740629
23,37,120.61371778389751
23,38,125.41407106315752
23,39,92.84033596810751
23,41,100.32935488889949
23,42,105.44139374139844
23,43,89.0557294640363
23,44,88.75722938872457
23,45,113.03207103225486
23,46,102.82800595882941
23,48,104.25475105053775
23,50,90.0115323203857
23,51,89.46585005742813
23,52,89.25312786059742
24,0,84.79778102893631
24,1,94.53638563353692
24,2,87.64685941552094
24,3,86.82811696301498
24,4,127.10714446300693
24,5,127.92733514602405
24,6,123.80224370239047
24,7,125.01562137588152
24,8,128.0328104337794
24,9,125.97151471419514
24,13,0.0
24,14,0.0
24,15,0.0
24,16,0.0
24,17,0.0
24,20,0.0
24,21,0.0
24,23,0.0
24,24,0.0
24,25,91.79351191068504
24,27,0.0
24,29,0.0
24,30,0.0
24,32,0.0
24,33,0.0
24,34,0.0
24,36,108.49069875740629
24,37,120.61371778389751
24,38,125.41407106315752
24,39,92.84033596810751
24,41,100.32935488889949
24,42,105.44139374139844
24,43,89.0557294640363
24,44,88.75722938872457
24,45,113.03207103225486
24,46,102.82800595882941
24,48,104.25475105053775
24,50,90.0115323203857
24,51,89.46585005742813
24,52,89.25312786059742
25,0,7.762359290980099
25,1,3.306248322723641
25,2,4.1468497057312055
25,3,5.076164703001614
25,4,35.39598094756757
25,5,36.152367890902774
25,6,34.38398020400502
25,7,34.820053484378924
25,8,36.260441772823285
25,9,34.3759011884177
25,13,91.79351191068504
25,14,91.79351191068504
25,15,91.79351191068504
25,16,91.79351191068504
25,17,91.79351191068504
25,20,91.79351191068504
25,21,91.79351191068504
25,23,91.79351191068504
25,24,91.79351191068504
25,25,0.0
25,27,91.79351191068504
25,29,91.79351191068504
25,30,91.79351191068504
25,32,91.79351191068504
25,33,91.79351191068504
25,34,91.79351191068504
25,36,20.80850708711862
25,37,29.423438265486283
25,38,34.06832987673686
25,39,14.098898652722594
25,41,14.831331504112454
25,42,18.325349987738598
25,43,3.06633404778373
25,44,3.163898005626232
25,45,21.239280883782104
25,46,11.960473542838056
25,48,12.598525013914456
25,50,5.334706795889705
25,51,2.652716740545015
25,52,2.9019366983140458
27,0,84.79778102893631
27,1,94.53638563353692
27,2,87.64685941552094
27,3,86.82811696301498
27,4,127.10714446300693
27,5,127.92733514602405
27,6,123.80224370239047
27,7,125.01562137588152
27,8,128.0328104337794
27,9,125.97151471419514
27,13,0.0
27,14,0.0
27,15,0.0
27,16,0.0
27,17,0.0
27,20,0.0
27,21,0.0
27,23,0.0
27,24,0.0
27,25,91.79351191068504
27,27,0.0
27,29,0.0
27,30,0.0
27,32,0.0
27,33,0.0
27,34,0.0
27,36,108.49069875740629
27,37,120.61371778389751
27,38,125.41407106315752
27,39,92.84033596810751
27,41,100.32935488889949
27,42,105.44139374139844
27,43,89.0557294640363
27,44,88.75722938872457
27,45,113.03207103225486
27,46,102.82800595882941
27,48,104.25475105053775
27,50,90.0115323203857
27,51,89.46585005742813
27,52,89.25312786059742
29,0,84.79778102893631
29,1,94.53638563353692
29,2,87.64685941552094
29,3,86.82811696301498
29,4,127.10714446300693
29,5,127.92733514602405
29,6,123.80224370239047
29,7,125.01562137588152
29,8,128.0328104337794
29,9,125.97151471419514
29,13,0.0
29,14,0.0
29,15,0.0
29,16,0.0
29,17,0.0
29,20,0.0
29,21,0.0
29,23,0.0
29,24,0.0
29,25,91.79351191068504
29,27,0.0
29,29,0.0
29,30,0.0
29,32,0.0
29,33,0.0
29,34,0.0
29,36,108.49069875740629
29,37,120.61371778389751
29,38,125.41407106315752
29,39,92.84033596810751
29,41,100.32935488889949
29,42,105.44139374139844
29,43,89.0557294640363
29,44,88.75722938872457
29,45,113.03207103225486
29,46,102.82800595882941
29,48,104.25475105053775
29,50,90.0115323203857
29,51,89.46585005742813
29,52,89.25312786059742
30,0,84.79778102893631
30,1,94.53638563353692
30,2,87.64685941552094
30,3,86.82811696301498
30,4,127.10714446300693
30,5,127.92733514602405
30,6,123.80224370239047
30,7,125.01562137588152
30,8,128.0328104337794
30,9,125.97151471419514
30,13,0.0
30,14,0.0
30,15,0.0
30,16,0.0
30,17,0.0
30,20,0.0
30,21,0.0
30,23,0.0
30,24,0.0
30,25,91.79351191068504
30,27,0.0
30,29,0.0
30,30,0.0
30,32,0.0
30,33,0.0
30,34,0.0
30,36,108.49069875740629
30,37,120.61371778389751
30,38,125.41407106315752
30,39,92.84033596810751
30,41,100.32935488889949
30,42,105.44139374139844
30,43,89.0557294640363
30,44,88.75722938872457
30,45,113.03207103225486
30,46,102.82800595882941
30,48,104.25475105053775
30,50,90.0115323203857
30,51,89.46585005742813
30,52,89.25312786059742
32,0,84.79778102893631
32,1,94.53638563353692
32,2,87.64685941552094
32,3,86.82811696301498
32,4,127.10714446300693
32,5,127.92733514602405
32,6,123.80224370239047
32,7,125.01562137588152
32,8,128.0328104337794
32,9,125.97151471419514
32,13,0.0
32,14,0.0
32,15,0.0
32,16,0.0
32,17,0.0
32,20,0.0
32,21,0.0
32,23,0.0
32,24,0.0
32,25,91.79351191068504
32,27,0.0
32,29,0.0
32,30,0.0
32,32,0.0
32,33,0.0
32,34,0.0
32,36,108.49069875740629
32,37,120.61371778389751
32,38,125.41407106315752
32,39,92.84033596810751
32,41,100.32935488889949
32,42,105.44139374139844
32,43,89.0557294640363
32,44,88.75722938872457
32,45,113.03207103225486
32,46,102.82800595882941
32,48,104.25475105053775
32,50,90.0115323203857
32,51,89.46585005742813
32,52,89.25312786059742
33,0,84.79778102893631
33,1,94.53638563353692
33,2,87.64685941552094
33,3,86.82811696301498
33,4,127.10714446300693
33,5,127.92733514602405
33,6,123.80224370239047
33,7,125.01562137588152
33,8,128.0328104337794
33,9,125.97151471419514
33,13,0.0
33,14,0.0
33,15,0.0
33,16,0.0
33,17,0.0
33,20,0.0
33,21,0.0
33,23,0.0
33,24,0.0
33,25,91.79351191068504
33,27,0.0
33,29,0.0
33,30,0.0
33,32,0.0
33,33,0.0
33,34,0.0
33,36,108.49069875740629
33,37,120.61371778389751
33,38,125.41407106315752
33,39,92.84033596810751
33,41,100.32935488889949
33,42,105.44139374139844
33,43,89.0557294640363
33,44,88.75722938872457
33,45,113.03207103225486
33,46,102.82800595882941
33,48,104.25475105053775
33,50,90.0115323203857
33,51,89.46585005742813
33,52,89.25312786059742
34,0,84.79778102893631
34,1,94.53638563353692
34,2,87.64685941552094
34,3,86.82811696301498
34,4,127.10714446300693
34,5,127.92733514602405
34,6,123.80224370239047
34,7,125.01562137588152
34,8,128.0328104337794
34,9,125.97151471419514
34,13,0.0
34,14,0.0
34,15,0.0
34,16,0.0
34,17,0.0
34,20,0.0
34,21,0.0
34,23,0.0
34,24,0.0
34,25,91.79351191068504
34,27,0.0
34,29,0.0
34,30,0.0
34,32,0.0
34,33,0.0
34,34,0.0
34,36,108.49069875740629
34,37,120.61371778389751
34,38,125.41407106315752
34,39,92.84033596810751
34,41,100.32935488889949
34,42,105.44139374139844
34,43,89.0557294640363
34,44,88.75722938872457
34,45,113.03207103225486
34,46,102.82800595882941
34,48,104.25475105053775
34,50,90.0115323203857
34,51,89.46585005742813
34,52,89.25312786059742
36,0,28.456191519425587
36,1,19.965688070208007
36,2,24.2692205542562
36,3,25.496947652322763
36,4,23.474409286901498
36,5,23.405550964282877
36,6,28.791359633930714
36,7,27.7094779078039
36,8,23.534969361353085
36,9,19.372678862365223
36,13,108.49069875740629
36,14,108.49069875740629
36,15,108.49069875740629
36,16,108.49069875740629
36,17,108.49069875740629
36,20,108.49069875740629
36,21,108.49069875740629
36,23,108.49069875740629
36,24,108.49069875740629
36,25,20.80850708711862
36,27,108.49069875740629
36,29,108.49069875740629
36,30,108.49069875740629
36,32,108.49069875740629
36,33,108.49069875740629
36,34,108.49069875740629
36,36,0.0
36,37,13.650808594534574
36,38,18.1557863680157
36,39,15.74377265374104
36,41,8.166429295403129
36,42,3.0555636687691714
36,43,22.336808019006863
36,44,22.841193597272454
36,45,12.931751770778847
36,46,17.92896033803288
36,48,11.362754970765168
36,50,19.88485092753933
36,51,22.037557350766615
36,52,22.155154584279924
37,0,37.00337632067301
37,1,27.206052215435474
37,2,33.50258800679928
37,3,34.49952335991073
37,4,10.22575387443411
37,5,9.908652168803973
37,6,17.968328299037623
37,7,16.216885349042755
37,8,10.036740931119487
37,9,5.753022391878221
37,13,120.61371778389751
37,14,120.61371778389751
37,15,120.61371778389751
37,16,120.61371778389751
37,17,120.61371778389751
37,20,120.61371778389751
37,21,120.61371778389751
37,23,120.61371778389751
37,24,120.61371778389751
37,25,29.423438265486283
37,27,120.61371778389751
37,29,120.61371778389751
37,30,120.61371778389751
37,32,120.61371778389751
37,33,120.61371778389751
37,34,120.61371778389751
37,36,13.650808594534574
37,37,0.0
37,38,4.8138176281115825
37,39,28.91800792059377
37,41,21.167887206101792
37,42,16.356239094187018
37,43,31.88411146456902
37,44,32.25255911265889
37,45,9.443802589407117
37,46,20.614538394216037
37,48,16.855113441623825
37,50,30.615746264895265
37,51,31.49420750295099
37,52,31.685682438999677
38,0,41.57225242834865
38,1,31.732334296821687
38,2,38.1728018514966
38,3,39.139408666682115
38,4,7.621063888146886
38,5,6.7217618189296635
38,6,17.15278800947018
38,7,15.034302535580096
38,8,6.829568945611621
38,9,1.7997201907959441
38,13,125.41407106315752
38,14,125.41407106315752
38,15,125.41407106315752
38,16,125.41407106315752
38,17,125.41407106315752
38,20,125.41407106315752
38,21,125.41407106315752
38,23,125.41407106315752
38,24,125.41407106315752
38,25,34.06832987673686
38,27,125.41407106315752
38,29,125.41407106315752
38,30,125.41407106315752
38,32,125.41407106315752
38,33,125.41407106315752
38,34,125.41407106315752
38,36,18.1557863680157
38,37,4.8138176281115825
38,38,0.0
38,39,33.631198740041384
38,41,25.880444767529724
38,42,20.978190384175253
38,43,36.59323686519047
38,44,36.94767515068866
38,45,13.428308877426241
38,46,24.678845028459637
38,48,21.471098751162497
38,50,35.40647756456598
38,51,36.19829963062003
38,52,36.394684411624745
39,0,19.077556859817605
39,1,16.031993024398464
39,2,14.961974358712164
39,3,16.188835752014867
39,4,37.91789910148993
39,5,38.14151501982169
39,6,40.72863696748166
39,7,40.32074829174331
39,8,38.268768797779636
39,9,34.65798154825951
39,13,92.84033596810751
39,14,92.84033596810751
39,15,92.84033596810751
39,16,92.84033596810751
39,17,92.84033596810751
39,20,92.84033596810751
39,21,92.84033596810751
39,23,92.84033596810751
39,24,92.84033596810751
39,25,14.098898652722594
39,27,92.84033596810751
39,29,92.84033596810751
39,30,92.84033596810751
39,32,92.84033596810751
39,33,92.84033596810751
39,34,92.84033596810751
39,36,15.74377265374104
39,37,28.91800792059377
39,38,33.631198740041384
39,39,0.0
39,41,7.751811482895991
39,42,12.74498554801033
39,43,13.189139828445741
39,44,13.74178822074426
39,45,24.5265384263804
39,46,21.255070699852894
39,48,16.77319058904541
39,50,9.433474421367272
39,51,13.189193121630264
39,52,13.116131972672434
41,0,21.897572920007374
41,1,15.15429675639684
41,2,17.54647449214738
41,3,18.83778493411551
41,4,30.305366361894766
41,5,30.47240906755981
41,6,33.83341890884917
41,7,33.20890288313392
41,8,30.600406472403115
41,9,26.91079643319547
41,13,100.32935488889949
41,14,100.32935488889949
41,15,100.32935488889949
41,16,100.32935488889949
41,17,100.32935488889949
41,20,100.32935488889949
41,21,100.32935488889949
41,23,100.32935488889949
41,24,100.32935488889949
41,25,14.831331504112454
41,27,100.32935488889949
41,29,100.32935488889949
41,30,100.32935488889949
41,32,100.32935488889949
41,33,100.32935488889949
41,34,100.32935488889949
41,36,8.166429295403129
41,37,21.167887206101792
41,38,25.880444767529724
41,39,7.751811482895991
41,41,0.0
41,42,5.112871854401951
41,43,15.550885775884934
41,44,16.106381839440402
41,45,17.410881165150197
41,46,16.969736496871594
41,48,11.02126769213597
41,50,12.496963932011822
41,51,15.3364502784508
41,52,15.394712827045149
42,0,25.851775699587133
42,1,17.822627926717818
42,2,21.59579966937469
42,3,22.848593685931807
42,4,25.89524224273335
42,5,25.93279229227861
42,6,30.461931092194973
42,7,29.56764511421637
42,8,26.061965132067932
42,9,22.107610556589055
42,13,105.44139374139844
42,14,105.44139374139844
42,15,105.44139374139844
42,16,105.44139374139844
42,17,105.44139374139844
42,20,105.44139374139844
42,21,105.44139374139844
42,23,105.44139374139844
42,24,105.44139374139844
42,25,18.325349987738598
42,27,105.44139374139844
42,29,105.44139374139844
42,30,105.44139374139844
42,32,105.44139374139844
42,33,105.44139374139844
42,34,105.44139374139844
42,36,3.0555636687691714
42,37,16.356239094187018
42,38,20.978190384175253
42,39,12.74498554801033
42,41,5.112871854401951
42,42,0.0
42,43,19.63406938562519
42,44,20.15607650126382
42,45,14.159961084871734
42,46,17.050809518829986
42,48,10.438364332897606
42,50,17.00618892957341
42,51,19.356845055500838
42,52,19.458456309539685
43,0,6.35470794329617
43,1,6.359428726086341
43,2,1.995796273799922
43,3,3.2908637278483686
43,4,38.238749507272665
43,5,38.953336620893374
43,6,37.43741315977194
43,7,37.84774589444753
43,8,39.063844543348
43,9,36.98847964063542
43,13,89.0557294640363
43,14,89.0557294640363
43,15,89.0557294640363
43,16,89.0557294640363
43,17,89.0557294640363
43,20,89.0557294640363
43,21,89.0557294640363
43,23,89.0557294640363
43,24,89.0557294640363
43,25,3.06633404778373
43,27,89.0557294640363
43,29,89.0557294640363
43,30,89.0557294640363
43,32,89.0557294640363
43,33,89.0557294640363
43,34,89.0557294640363
43,36,22.336808019006863
43,37,31.88411146456902
43,38,36.59323686519047
43,39,13.189139828445741
43,41,15.550885775884934
43,42,19.63406938562519
43,43,0.0
43,44,0.5730385255825676
43,45,24.007069282026603
43,46,15.021355068840286
43,48,15.205965770327218
43,50,3.7570621956036074
43,51,0.424333635632447
43,52,0.19855476343775003
44,0,5.793357166233927
44,1,6.3924648696701025
44,2,1.445082079962604
44,3,2.731420502830174
44,4,38.49121828691493
44,5,39.22305954633765
44,6,37.53700346135582
44,7,37.98354817845091
44,8,39.33262935351384
44,9,37.319810383843226
44,13,88.75722938872457
44,14,88.75722938872457
44,15,88.75722938872457
44,16,88.75722938872457
44,17,88.75722938872457
44,20,88.75722938872457
44,21,88.75722938872457
44,23,88.75722938872457
44,24,88.75722938872457
44,25,3.163898005626232
44,27,88.75722938872457
44,29,88.75722938872457
44,30,88.75722938872457
44,32,88.75722938872457
44,33,88.75722938872457
44,34,88.75722938872457
44,36,22.841193597272454
44,37,32.25255911265889
44,38,36.94767515068866
44,39,13.74178822074426
44,41,16.106381839440402
44,42,20.15607650126382
44,43,0.5730385255825676
44,44,0.0
44,45,24.285521574841336
44,46,15.107824626086735
44,48,15.52687501004604
44,50,4.308379867816545
44,51,0.8043494627051041
44,52,0.711832792322985
45,0,28.459230013926447
45,1,18.606032094071942
45,2,25.386127017873136
45,3,26.2331747635705
45,4,14.298003406784714
45,5,14.9512308893496
45,6,16.440918444259037
45,7,15.822548103695404
45,8,15.063200277698847
45,9,13.383704609035133
45,13,113.03207103225486
45,14,113.03207103225486
45,15,113.03207103225486
45,16,113.03207103225486
45,17,113.03207103225486
45,20,113.03207103225486
45,21,113.03207103225486
45,23,113.03207103225486
45,24,113.03207103225486
45,25,21.239280883782104
45,27,113.03207103225486
45,29,113.03207103225486
45,30,113.03207103225486
45,32,113.03207103225486
45,33,113.03207103225486
45,34,113.03207103225486
45,36,12.931751770778847
45,37,9.443802589407117
45,38,13.428308877426241
45,39,24.5265384263804
45,41,17.410881165150197
45,42,14.159961084871734
45,43,24.007069282026603
45,44,24.285521574841336
45,45,0.0
45,46,11.260188362865158
45,48,8.934219719910821
45,50,23.531940649493336
45,51,23.592091987182656
45,52,23.811041680029316
46,0,18.06941617577942
46,1,8.740394615450283
46,2,15.850910861419733
46,3,16.38512904984725
46,4,24.36816641940041
46,5,25.317347990927097
46,6,22.430750551260534
46,7,22.94433114028849
46,8,25.411527659736613
46,9,24.530940508387676
46,13,102.82800595882941
46,14,102.82800595882941
46,15,102.82800595882941
46,16,102.82800595882941
46,17,102.82800595882941
46,20,102.82800595882941
46,21,102.82800595882941
46,23,102.82800595882941
46,24,102.82800595882941
46,25,11.960473542838056
46,27,102.82800595882941
46,29,102.82800595882941
46,30,102.82800595882941
46,32,102.82800595882941
46,33,102.82800595882941
46,34,102.82800595882941
46,36,17.92896033803288
46,37,20.614538394216037
46,38,24.678845028459637
46,39,21.255070699852894
46,41,16.969736496871594
46,42,17.050809518829986
46,43,15.021355068840286
46,44,15.107824626086735
46,45,11.260188362865158
46,46,0.0
46,48,6.630659343921554
46,50,16.05769357725077
46,51,14.60231369903639
46,52,14.849728511769056
48,0,20.150777736957384
48,1,10.403383108673468
48,2,16.715107266615057
48,3,17.66831199678352
48,4,23.231277901869074
48,5,23.85365333172366
48,6,24.184950199300577
48,7,24.039783128780588
48,8,23.96810158660775
48,9,21.794947023401566
48,13,104.25475105053775
48,14,104.25475105053775
48,15,104.25475105053775
48,16,104.25475105053775
48,17,104.25475105053775
48,20,104.25475105053775
48,21,104.25475105053775
48,23,104.25475105053775
48,24,104.25475105053775
48,25,12.598525013914456
48,27,104.25475105053775
48,29,104.25475105053775
48,30,104.25475105053775
48,32,104.25475105053775
48,33,104.25475105053775
48,34,104.25475105053775
48,36,11.362754970765168
48,37,16.855113441623825
48,38,21.471098751162497
48,39,16.77319058904541
48,41,11.02126769213597
48,42,10.438364332897606
48,43,15.205965770327218
48,44,15.52687501004604
48,45,8.934219719910821
48,46,6.630659343921554
48,48,0.0
48,50,14.601218228709167
48,51,14.799872768934502
48,52,15.008013702912494
50,0,9.830238213064408
50,1,8.238664255580243
50,2,5.568715217949971
50,3,6.8340629868467095
50,4,37.82237699167262
50,5,38.405718106921064
50,6,38.07911634025269
50,7,38.2481087079764
50,8,38.52251990030759
50,9,35.98310351501117
50,13,90.0115323203857
50,14,90.0115323203857
50,15,90.0115323203857
50,16,90.0115323203857
50,17,90.0115323203857
50,20,90.0115323203857
50,21,90.0115323203857
50,23,90.0115323203857
50,24,90.0115323203857
50,25,5.334706795889705
50,27,90.0115323203857
50,29,90.0115323203857
50,30,90.0115323203857
50,32,90.0115323203857
50,33,90.0115323203857
50,34,90.0115323203857
50,36,19.88485092753933
50,37,30.615746264895265
50,38,35.40647756456598
50,39,9.433474421367272
50,41,12.496963932011822
50,42,17.00618892957341
50,43,3.7570621956036074
50,44,4.308379867816545
50,45,23.531940649493336
50,46,16.05769357725077
50,48,14.601218228709167
50,50,0.0
50,51,3.7840302711934437
50,52,3.69172790569802
51,0,6.562143430678859
51,1,5.95227462743364
51,2,2.2391330460708323
51,3,3.5096728633783174
51,4,37.81998874458707
51,5,38.53716523937707
51,6,37.01620628545981
51,7,37.42408644564298
51,8,38.64752052247081
51,9,36.58617907559393
51,13,89.46585005742813
51,14,89.46585005742813
51,15,89.46585005742813
51,16,89.46585005742813
51,17,89.46585005742813
51,20,89.46585005742813
51,21,89.46585005742813
51,23,89.46585005742813
51,24,89.46585005742813
51,25,2.652716740545015
51,27,89.46585005742813
51,29,89.46585005742813
51,30,89.46585005742813
51,32,89.46585005742813
51,33,89.46585005742813
51,34,89.46585005742813
51,36,22.037557350766615
51,37,31.49420750295099
51,38,36.19829963062003
51,39,13.189193121630264
51,41,15.3364502784508
51,42,19.356845055500838
51,43,0.424333635632447
51,44,0.8043494627051041
51,45,23.592091987182656
51,46,14.60231369903639
51,48,14.799872768934502
51,50,3.7840302711934437
51,51,0.0
51,52,0.24947970810401374
52,0,6.505153095066254
52,1,6.201751080714821
52,2,2.154151318875432
52,3,3.4431704520999484
52,4,38.044422063945845
52,5,38.75773093713408
52,6,37.262191373629165
52,7,37.666835195581676
52,8,38.868301993778886
52,9,36.79013285093477
52,13,89.25312786059742
52,14,89.25312786059742
52,15,89.25312786059742
52,16,89.25312786059742
52,17,89.25312786059742
52,20,89.25312786059742
52,21,89.25312786059742
52,23,89.25312786059742
52,24,89.25312786059742
52,25,2.9019366983140458
52,27,89.25312786059742
52,29,89.25312786059742
52,30,89.25312786059742
52,32,89.25312786059742
52,33,89.25312786059742
52,34,89.25312786059742
52,36,22.155154584279924
52,37,31.685682438999677
52,38,36.394684411624745
52,39,13.116131972672434
52,41,15.394712827045149
52,42,19.458456309539685
52,43,0.19855476343775003
52,44,0.711832792322985
52,45,23.811041680029316
52,46,14.849728511769056
52,48,15.008013702912494
52,50,3.69172790569802
52,51,0.24947970810401374
52,52,0.0
