source_id,target_id,rtt
0,0,0.0
0,1,0.5498320572454434
0,2,2.915915210686138
0,3,9.94803608462287
0,4,7.856199050818838
0,5,1.617076295831425
0,6,3.0572761906619736
0,7,2.7374783584835427
0,8,8.062283925856303
0,9,12.282272585962241
0,10,5.799570483092731
0,11,6.937393928050795
0,12,8.197114248005072
0,13,6.463427584344955
0,14,9.69385666311981
0,15,8.570083769648
0,16,6.7320135518624875
0,17,12.528339928364797
0,18,7.772587290475848
0,19,6.515120010012173
0,20,9.874374618560704
0,21,12.901602979390514
0,22,10.904269125980754
0,23,12.474706808751195
0,24,5.3302067762261585
0,25,10.06345032771649
0,26,17.368443001193768
0,27,23.525602561082792
0,28,18.614316049579426
0,29,13.979075912575743
0,30,10.583246347601069
0,31,9.683843167536086
0,32,7.130631856004907
1,0,0.5498320572454434
1,1,0.0
1,2,2.530687504126473
1,3,9.442063597707142
1,4,7.66750622112315
1,5,2.145384215617543
1,6,2.788653224872728
1,7,2.6836255112244216
1,8,8.580226227524282
1,9,12.767525488643317
1,10,5.272110352780406
1,11,6.387565551228422
1,12,7.653409411836069
1,13,5.926377814855521
1,14,9.165347069743264
1,15,8.048511374924008
1,16,6.265584909947493
1,17,12.851632160114239
1,18,8.190825636921566
1,19,5.987123120487847
1,20,9.38208561489413
1,21,12.374014539858793
1,22,10.354922962645835
1,23,12.440833012737821
1,24,5.565582832847793
1,25,10.555887373036775
1,26,16.855956747945136
1,27,23.02461153316666
1,28,18.12664130575456
1,29,13.528568648587123
1,30,10.130042797104304
1,31,9.16485406607369
1,32,6.588068241086924
2,0,2.915915210686138
2,1,2.530687504126473
2,2,0.0
2,3,7.255455721172892
2,4,9.248454850874596
2,5,4.449950151553539
2,6,4.497472059663766
2,7,4.9000605236723445
2,8,10.830943614511062
2,9,15.138493217592808
2,10,4.875821665629221
2,11,5.1219885544915185
2,12,5.975544642430295
2,13,5.270094763374643
2,14,7.185946175800954
2,15,7.514262192795441
2,16,6.466998156862142
2,17,15.379026797770623
2,18,10.688484170735228
2,19,4.098610501902245
2,20,7.112675196698164
2,21,10.34569842964396
2,22,8.836309966210319
2,23,10.55774456388733
2,24,5.1833968769395
2,25,11.450067779626586
2,26,14.6743048399966
2,27,22.471184245056257
2,28,17.755956750498715
2,29,13.560473768240087
2,30,10.22939938280234
2,31,8.615428171287459
2,32,5.733482144202927
3,0,9.94803608462287
3,1,9.442063597707142
3,2,7.255455721172892
3,3,0.0
3,4,12.705867133767805
3,5,11.562010802622813
3,6,9.807359543685822
3,7,10.80851426834227
3,8,18.007117908761142
3,9,22.19759028335177
3,10,6.450623593841653
3,11,4.388029824099651
3,12,2.8245646449455313
3,13,5.861127797282402
3,14,1.1976613832163348
3,15,6.4867814330329665
3,16,7.980457246864293
3,17,21.57831481841698
3,18,17.4708176300727
3,19,3.5664386301114375
3,20,0.5759670891034482
3,21,3.210917177198542
3,22,3.7383091067739174
3,23,11.838704274909478
3,24,11.299803125016151
3,25,18.159331921740534
3,26,7.428282717302021
3,27,18.10450814391603
3,28,14.265882018182893
3,29,11.865889684273546
3,30,9.632202211064138
3,31,6.8813007374736275
3,32,5.345811638350079
4,0,7.856199050818838
4,1,7.66750622112315
4,2,9.248454850874596
4,3,12.705867133767805
4,4,0.0
4,5,8.112478143717933
4,6,4.9049208667122395
4,7,5.189461468600069
4,8,11.408794503139438
4,9,13.761013661669713
4,10,6.299327848491091
4,11,8.320831084133394
4,12,9.905667389968086
4,13,6.844739546684483
4,14,11.75779570611175
4,15,6.979899781507927
4,16,4.779740649639166
4,17,10.527705026702696
4,18,8.97047365112268
4,19,9.616109046841627
4,20,12.998117687809406
4,21,14.364439135388478
4,22,11.072123671600016
4,23,19.804879452903492
4,24,13.186130405060332
4,25,16.798803613321166
4,26,18.891666711054356
4,27,18.649872798568783
4,28,13.654889511767216
4,29,8.608533982894333
4,30,6.028277259839812
4,31,7.483832795567693
4,32,7.403198128968898
5,0,1.617076295831425
5,1,2.145384215617543
5,2,4.449950151553539
5,3,11.562010802622813
5,4,8.112478143717933
5,5,0.0
5,6,3.8159284808116807
5,7,2.999301570983471
5,8,6.446054025526318
5,9,10.693660486070703
5,10,7.194376262443341
5,11,8.48716025093317
5,12,9.792289124213623
5,13,7.900060103822252
5,14,11.30898581523716
5,15,9.917110493048796
5,16,7.88193079504726
5,17,11.266992943481387
5,18,6.317980200779444
5,19,8.130325016887596
5,20,11.480655978491761
5,21,14.517217051989851
5,22,12.464913144856299
5,23,13.198821991120852
5,24,5.45732901755795
5,25,9.007816330503504
5,26,18.984300833077764
5,27,24.737941334301162
5,28,19.776289425082467
5,29,15.008466856204548
5,30,11.64331690111254
5,31,11.013008697420927
5,32,8.59674004115372
6,0,3.0572761906619736
6,1,2.788653224872728
6,2,4.497472059663766
6,3,9.807359543685822
6,4,4.9049208667122395
6,5,3.8159284808116807
6,6,0.0
6,7,1.1711464711562538
6,8,9.267563292117332
6,9,12.91910201835508
6,10,4.00254588742942
6,11,5.826383292049822
6,12,7.406849004775967
6,13,4.7776407317063105
6,14,9.200687117054336
6,15,6.453136551237836
6,16,4.181910340540493
6,17,11.771908693904626
6,18,7.947576024389391
6,19,6.263792631455549
6,20,9.91242962653297
6,21,12.309351603018316
6,22,9.661685329033542
6,23,14.983703484054187
6,24,8.350769941469354
6,25,12.82143723253832
6,26,16.941834362907734
6,27,20.995365509511725
6,28,16.008040306255587
6,29,11.197595009297759
6,30,7.845925355072804
6,31,7.487711465142163
6,32,5.526547924261857
7,0,2.7374783584835427
7,1,2.6836255112244216
7,2,4.9000605236723445
7,3,10.80851426834227
7,4,5.189461468600069
7,5,2.999301570983471
7,6,1.1711464711562538
7,7,0.0
7,8,8.102430102942177
7,9,11.76075402625375
7,10,5.166959947980245
7,11,6.944632875829759
7,12,8.497690066237134
7,13,5.940660917374738
7,14,10.26020231931663
7,15,7.6146950890983005
7,16,5.299985504515435
7,17,10.821227678373724
7,18,6.808354225297373
7,19,7.244673886195835
7,20,10.87846362334547
7,21,13.399376145909738
7,22,10.814412687528332
7,23,15.122989831877499
7,24,8.03233267998185
7,25,11.958667342609878
7,26,18.020155959787452
7,27,22.045820485624898
7,28,17.041257098720227
7,29,12.16779258255221
7,30,8.858640501291603
7,31,8.63825200845874
7,32,6.6887415097069525
8,0,8.062283925856303
8,1,8.580226227524282
8,2,10.830943614511062
8,3,18.007117908761142
8,4,11.408794503139438
8,5,6.446054025526318
8,6,9.267563292117332
8,7,8.102430102942177
8,8,0.0
8,9,4.4619749482867315
8,10,13.204354964865848
8,11,14.770927020984423
8,12,16.170160569198085
8,13,13.96431671441296
8,14,17.74127675153043
8,15,15.716948762660037
8,16,13.3617839721676
8,17,7.46111211519145
8,18,2.9623209848108534
8,19,14.565038312661914
8,20,17.916215847720498
8,21,20.95017848138938
8,22,18.73914421242247
8,23,17.465275424641124
8,24,9.464356898677075
8,25,7.485619980776704
8,26,25.43035238924466
8,27,29.8059204195514
8,28,24.77368913952362
8,29,19.756610359198014
8,30,16.64859448877353
8,31,16.731408418751176
8,32,14.701514351922421
9,0,12.282272585962241
9,1,12.767525488643317
9,2,15.138493217592808
9,3,22.19759028335177
9,4,13.761013661669713
9,5,10.693660486070703
9,6,12.91910201835508
9,7,11.76075402625375
9,8,4.4619749482867315
9,9,0.0
9,10,16.921076213906296
9,11,18.673444754646948
9,12,20.167211801560587
9,13,17.69657609241882
9,14,21.833718222980945
9,15,19.2023643863934
9,16,16.73480524920388
9,17,5.62529395860381
9,18,5.028980111873651
9,19,18.685148865864427
9,20,22.1495408193376
9,21,25.029212887460037
9,22,22.574701424782447
9,23,21.768709169099115
9,24,13.872317167727937
9,25,10.58706168869059
9,26,29.584232965587418
9,27,32.4042330177107
9,28,27.415891154856016
9,29,22.368542555206716
9,30,19.562486079467146
9,31,20.12646464476113
9,32,18.445599776511415
10,0,5.799570483092731
10,1,5.272110352780406
10,2,4.875821665629221
10,3,6.450623593841653
10,4,6.299327848491091
10,5,7.194376262443341
10,6,4.00254588742942
10,7,5.166959947980245
10,8,13.204354964865848
10,9,16.921076213906296
10,10,0.0
10,11,2.0813828823344576
10,12,3.72338792930092
10,13,0.7762176586145346
10,14,5.597653484149486
10,15,2.784189376180491
10,16,1.8857741654305145
10,17,15.442657553173113
10,18,11.938222750334836
10,19,3.3711316285679263
10,20,6.711381450276425
10,21,8.517023847245726
10,22,5.6739455139765615
10,23,14.698685674485873
10,24,10.016949402607791
10,25,15.788926435308134
10,26,13.157855012083866
10,27,17.808468482370017
10,28,12.981519312923826
10,29,8.68492545761133
10,30,5.373889206867479
10,31,3.905603764955771
10,32,1.5254674111178683
11,0,6.937393928050795
11,1,6.387565551228422
11,2,5.1219885544915185
11,3,4.388029824099651
11,4,8.320831084133394
11,5,8.48716025093317
11,6,5.826383292049822
11,7,6.944632875829759
11,8,14.770927020984423
11,9,18.673444754646948
11,10,2.0813828823344576
11,11,0.0
11,12,1.6456725356890407
11,13,1.4807937985046864
11,14,3.5177020137090804
11,15,2.915189435261439
11,16,3.642243210625347
11,17,17.461845407911024
11,18,13.752112547371478
11,19,1.8374305289651718
11,20,4.683373387857539
11,21,6.50340638344386
11,22,3.980155080265661
11,23,13.715516059147669
11,24,10.234973214119464
11,25,16.534712015602725
11,26,11.146178978571406
11,27,17.42544160888961
11,28,12.840713296449419
11,29,9.139291285034474
11,30,6.167322791159262
11,31,3.8445580815600042
11,32,1.1380133187552244
12,0,8.197114248005072
12,1,7.653409411836069
12,2,5.975544642430295
12,3,2.8245646449455313
12,4,9.905667389968086
12,5,9.792289124213623
12,6,7.406849004775967
12,7,8.497690066237134
12,8,16.170160569198085
12,9,20.167211801560587
12,10,3.72338792930092
12,11,1.6456725356890407
12,12,0.0
12,13,3.073144449542994
12,14,1.8748257827408155
12,15,3.798027913707765
12,16,5.160203316147643
12,17,19.092513413108286
12,18,15.289428394128024
12,19,1.9177027750177444
12,20,3.197568274134839
12,21,4.903239182226671
12,22,2.8768872383202555
12,23,13.259705296823462
12,24,10.827935709441013
12,25,17.401575666573446
12,26,9.536199063464085
12,27,17.14394809125654
12,28,12.817475186962339
12,29,9.66690390080754
12,30,7.0577202943939366
12,31,4.40739618752453
12,32,2.5223258360093253
13,0,6.463427584344955
13,1,5.926377814855521
13,2,5.270094763374643
13,3,5.861127797282402
13,4,6.844739546684483
13,5,7.900060103822252
13,6,4.7776407317063105
13,7,5.940660917374738
13,8,13.96431671441296
13,9,17.69657609241882
13,10,0.7762176586145346
13,11,1.4807937985046864
13,12,3.073144449542994
13,13,0.0
13,14,4.942660039943096
13,15,2.2461686759758956
13,16,2.1753539256700845
13,17,16.18646233363108
13,18,12.714433803993899
13,19,3.064969205234678
13,20,6.16412476653979
13,21,7.787981672986421
13,22,4.89901237245679
13,23,14.721220338589974
13,24,10.450062662519823
13,25,16.387004958595238
13,26,12.423121035796857
13,27,17.26049166244304
13,28,12.492648332125235
13,29,8.374560923608303
13,30,5.167214159103142
13,31,3.3573472758372764
13,32,0.7492914893137179
14,0,9.69385666311981
14,1,9.165347069743264
14,2,7.185946175800954
14,3,1.1976613832163348
14,4,11.75779570611175
14,5,11.30898581523716
14,6,9.200687117054336
14,7,10.26020231931663
14,8,17.74127675153043
14,9,21.833718222980945
14,10,5.597653484149486
14,11,3.5177020137090804
14,12,1.8748257827408155
14,13,4.942660039943096
14,14,0.0
14,15,5.344531695632549
14,16,6.9921835353126625
14,17,20.929958336743656
14,18,17.014405536522425
14,19,3.1787422031176336
14,20,1.7379584160769277
14,21,3.208950988047834
14,22,2.6478769313610604
14,23,12.82533328681186
14,24,11.620363914278682
14,25,18.395131272572492
14,26,7.768567390850381
14,27,17.15766951477097
14,28,13.188761177976952
14,29,10.673424491821919
14,30,8.450471781717539
14,31,5.693814708509197
14,32,4.355573820700551
15,0,8.570083769648
15,1,8.048511374924008
15,2,7.514262192795441
15,3,6.4867814330329665
15,4,6.979899781507927
15,5,9.917110493048796
15,6,6.453136551237836
15,7,7.6146950890983005
15,8,15.716948762660037
15,9,19.2023643863934
15,10,2.784189376180491
15,11,2.915189435261439
15,12,3.798027913707765
15,13,2.2461686759758956
15,14,5.344531695632549
15,15,0.0
15,16,2.501210592549229
15,17,17.11364485804662
15,18,14.175388388793584
15,19,4.750093571685863
15,20,6.935192505217096
15,21,7.482178331367542
15,22,4.107363101516611
15,23,16.63068306229334
15,24,12.695655734287026
15,25,18.573050472768568
15,26,11.929803444359264
15,27,15.033010157439517
15,28,10.246615275042808
15,29,6.2451767004120695
15,30,3.2923702315803283
15,31,1.1224430747582914
15,32,1.8804205665207916
16,0,6.7320135518624875
16,1,6.265584909947493
16,2,6.466998156862142
16,3,7.980457246864293
16,4,4.779740649639166
16,5,7.88193079504726
16,6,4.181910340540493
16,7,5.299985504515435
16,8,13.3617839721676
16,9,16.73480524920388
16,10,1.8857741654305145
16,11,3.642243210625347
16,12,5.160203316147643
16,13,2.1753539256700845
16,14,6.9921835353126625
16,15,2.501210592549229
16,16,0.0
16,17,14.640761308977881
16,18,11.705830614703034
16,19,5.19640517738985
16,20,8.312173098303893
16,21,9.610820789309734
16,22,6.407022006907455
16,23,16.550917774601018
16,24,11.459797212955461
16,25,16.787368737124318
16,26,14.182308175438788
16,27,16.85605156413514
16,28,11.902766782767973
16,29,7.272783811303309
16,30,3.875161199598514
16,31,3.396308141263017
16,32,2.6398724290109263
17,0,12.528339928364797
17,1,12.851632160114239
17,2,15.379026797770623
17,3,21.57831481841698
17,4,10.527705026702696
17,5,11.266992943481387
17,6,11.771908693904626
17,7,10.821227678373724
17,8,7.46111211519145
17,9,5.62529395860381
17,10,15.442657553173113
17,11,17.461845407911024
17,12,19.092513413108286
17,13,16.18646233363108
17,14,20.929958336743656
17,15,17.11364485804662
17,16,14.640761308977881
17,17,0.0
17,18,5.266270375135334
17,19,18.0334892934714
17,20,21.680231217096352
17,21,23.95576607826869
17,22,20.992968094034985
17,23,24.126863276057634
17,24,16.01319456700949
17,25,14.906330322319963
17,26,28.598775678312716
17,27,28.555571889532406
17,28,23.729332178615252
17,29,18.814748140851236
17,30,16.549354393534635
17,31,17.82192856631995
17,32,16.90412836064024
18,0,7.772587290475848
18,1,8.190825636921566
18,2,10.688484170735228
18,3,17.4708176300727
18,4,8.97047365112268
18,5,6.317980200779444
18,6,7.947576024389391
18,7,6.808354225297373
18,8,2.9623209848108534
18,9,5.028980111873651
18,10,11.938222750334836
18,11,13.752112547371478
18,12,15.289428394128024
18,13,12.714433803993899
18,14,17.014405536522425
18,15,14.175388388793584
18,16,11.705830614703034
18,17,5.266270375135334
18,18,0.0
18,19,13.915800673541373
18,20,17.47585962002421
18,21,20.182583602280786
18,22,17.60748506283415
18,23,18.879552456771915
18,24,10.758965211574644
18,25,10.239144412545507
18,26,24.78294673601773
18,27,27.59088363270022
18,28,22.574313027466637
18,29,17.523915817505642
18,30,14.606055328592499
18,31,15.097728988298806
18,32,13.463600214025089
19,0,6.515120010012173
19,1,5.987123120487847
19,2,4.098610501902245
19,3,3.5664386301114375
19,4,9.616109046841627
19,5,8.130325016887596
19,6,6.263792631455549
19,7,7.244673886195835
19,8,14.565038312661914
19,9,18.685148865864427
19,10,3.3711316285679263
19,11,1.8374305289651718
19,12,1.9177027750177444
19,13,3.064969205234678
19,14,3.1787422031176336
19,15,4.750093571685863
19,16,5.19640517738985
19,17,18.0334892934714
19,18,13.915800673541373
19,19,0.0
19,20,3.6489506301500474
19,21,6.386972129668482
19,22,4.793582555835806
19,23,11.883457555843076
19,24,8.914015388308774
19,25,15.494095808895175
19,26,10.899093128421743
19,27,18.943635083139192
19,28,14.49002145679378
19,29,10.955538867443051
19,30,8.002669155583435
19,31,5.641519749435155
19,32,2.9494698309200675
20,0,9.874374618560704
20,1,9.38208561489413
20,2,7.112675196698164
20,3,0.5759670891034482
20,4,12.998117687809406
20,5,11.480655978491761
20,6,9.91242962653297
20,7,10.87846362334547
20,8,17.916215847720498
20,9,22.1495408193376
20,10,6.711381450276425
20,11,4.683373387857539
20,12,3.197568274134839
20,13,6.16412476653979
20,14,1.7379584160769277
20,15,6.935192505217096
20,16,8.312173098303893
20,17,21.680231217096352
20,18,17.47585962002421
20,19,3.6489506301500474
20,20,0.0
20,21,3.5757785635491297
20,22,4.312873519229884
20,23,11.274921781857282
20,24,10.9606446398071
20,25,17.842102761712148
20,26,7.573362473331419
20,27,18.668238227473886
20,28,14.84184303347538
20,29,12.41017265158962
20,30,10.118163108805504
20,31,7.37899782052799
20,32,5.695388359706891
21,0,12.901602979390514
21,1,12.374014539858793
21,2,10.34569842964396
21,3,3.210917177198542
21,4,14.364439135388478
21,5,14.517217051989851
21,6,12.309351603018316
21,7,13.399376145909738
21,8,20.95017848138938
21,9,25.029212887460037
21,10,8.517023847245726
21,11,6.50340638344386
21,12,4.903239182226671
21,13,7.787981672986421
21,14,3.208950988047834
21,15,7.482178331367542
21,16,9.610820789309734
21,17,23.95576607826869
21,18,20.182583602280786
21,19,6.386972129668482
21,20,3.5757785635491297
21,21,0.0
21,22,3.4439424426047984
21,23,14.35182298195497
21,24,14.509463317469514
21,25,21.369568344081724
21,26,4.643755850425613
21,27,15.88412085399718
21,28,12.658716268534631
21,29,11.407091647622703
21,30,10.03856769288597
21,31,7.383117045311063
21,32,7.098128417749419
22,0,10.904269125980754
22,1,10.354922962645835
22,2,8.836309966210319
22,3,3.7383091067739174
22,4,11.072123671600016
22,5,12.464913144856299
22,6,9.661685329033542
22,7,10.814412687528332
22,8,18.73914421242247
22,9,22.574701424782447
22,10,5.6739455139765615
22,11,3.980155080265661
22,12,2.8768872383202555
22,13,4.89901237245679
22,14,2.6478769313610604
22,15,4.107363101516611
22,16,6.407022006907455
22,17,20.992968094034985
22,18,17.60748506283415
22,19,4.793582555835806
22,20,4.312873519229884
22,21,3.4439424426047984
22,22,0.0
22,23,15.468680787251564
22,24,13.693688679371023
22,25,20.27461111883109
22,26,7.823438745721321
22,27,14.553493845961423
22,28,10.543555926591111
22,29,8.316660288533997
22,30,6.6169788164327406
22,31,3.9391997967645005
22,32,4.152320864150905
23,0,12.474706808751195
23,1,12.440833012737821
23,2,10.55774456388733
23,3,11.838704274909478
23,4,19.804879452903492
23,5,13.198821991120852
23,6,14.983703484054187
23,7,15.122989831877499
23,8,17.465275424641124
23,9,21.768709169099115
23,10,14.698685674485873
23,11,13.715516059147669
23,12,13.259705296823462
23,13,14.721220338589974
23,14,12.82533328681186
23,15,16.63068306229334
23,16,16.550917774601018
23,17,24.126863276057634
23,18,18.879552456771915
23,19,11.883457555843076
23,20,11.274921781857282
23,21,14.35182298195497
23,22,15.468680787251564
23,23,0.0
23,24,8.1227437269318
23,25,12.666613246981745
23,26,16.31825381552363
23,27,29.94294463231058
23,28,25.978179758668958
23,29,22.82972703427743
23,30,19.849118672089006
23,31,17.509060691819222
23,32,14.791986772436218
24,0,5.3302067762261585
24,1,5.565582832847793
24,2,5.1833968769395
24,3,11.299803125016151
24,4,13.186130405060332
24,5,5.45732901755795
24,6,8.350769941469354
24,7,8.03233267998185
24,8,9.464356898677075
24,9,13.872317167727937
24,10,10.016949402607791
24,11,10.234973214119464
24,12,10.827935709441013
24,13,10.450062662519823
24,14,11.620363914278682
24,15,12.695655734287026
24,16,11.459797212955461
24,17,16.01319456700949
24,18,10.758965211574644
24,19,8.914015388308774
24,20,10.9606446398071
24,21,14.509463317469514
24,22,13.693688679371023
24,23,8.1227437269318
24,24,0.0
24,25,6.902188811714876
24,26,18.307521776466345
24,27,27.640621075961008
24,28,22.93920950842216
24,29,18.674578572988977
24,30,15.305398691458944
24,31,13.798694139906713
24,32,10.912580526937392
25,0,10.06345032771649
25,1,10.555887373036775
25,2,11.450067779626586
25,3,18.159331921740534
25,4,16.798803613321166
25,5,9.007816330503504
25,6,12.82143723253832
25,7,11.958667342609878
25,8,7.485619980776704
25,9,10.58706168869059
25,10,15.788926435308134
25,11,16.534712015602725
25,12,17.401575666573446
25,13,16.387004958595238
25,14,18.395131272572492
25,15,18.573050472768568
25,16,16.787368737124318
25,17,14.906330322319963
25,18,10.239144412545507
25,19,15.494095808895175
25,20,17.842102761712148
25,21,21.369568344081724
25,22,20.27461111883109
25,23,12.666613246981745
25,24,6.902188811714876
25,25,0.0
25,26,25.207071216408135
25,27,33.57901996024376
25,28,28.67776545871382
25,29,23.995233194536013
25,30,20.61272807449679
25,31,19.69444955441052
25,32,16.984368717953604
26,0,17.368443001193768
26,1,16.855956747945136
26,2,14.6743048399966
26,3,7.428282717302021
26,4,18.891666711054356
26,5,18.984300833077764
26,6,16.941834362907734
26,7,18.020155959787452
26,8,25.43035238924466
26,9,29.584232965587418
26,10,13.157855012083866
26,11,11.146178978571406
26,12,9.536199063464085
26,13,12.423121035796857
26,14,7.768567390850381
26,15,11.929803444359264
26,16,14.182308175438788
26,17,28.598775678312716
26,18,24.78294673601773
26,19,10.899093128421743
26,20,7.573362473331419
26,21,4.643755850425613
26,22,7.823438745721321
26,23,16.31825381552363
26,24,18.307521776466345
26,25,25.207071216408135
26,26,0.0
26,27,16.440958475925306
26,28,14.530093863925972
26,29,14.73335938670244
26,30,14.09447610224472
26,31,11.641460259016261
26,32,11.722858824524984
27,0,23.525602561082792
27,1,23.02461153316666
27,2,22.471184245056257
27,3,18.10450814391603
27,4,18.649872798568783
27,5,24.737941334301162
27,6,20.995365509511725
27,7,22.045820485624898
27,8,29.8059204195514
27,9,32.4042330177107
27,10,17.808468482370017
27,11,17.42544160888961
27,12,17.14394809125654
27,13,17.26049166244304
27,14,17.15766951477097
27,15,15.033010157439517
27,16,16.85605156413514
27,17,28.555571889532406
27,18,27.59088363270022
27,19,18.943635083139192
27,20,18.668238227473886
27,21,15.88412085399718
27,22,14.553493845961423
27,23,29.94294463231058
27,24,27.640621075961008
27,25,33.57901996024376
27,26,16.440958475925306
27,27,0.0
27,28,5.03223325648168
27,29,10.069644885773029
27,30,13.202342455539027
27,31,13.91132496080955
27,32,16.740064742616052
28,0,18.614316049579426
28,1,18.12664130575456
28,2,17.755956750498715
28,3,14.265882018182893
28,4,13.654889511767216
28,5,19.776289425082467
28,6,16.008040306255587
28,7,17.041257098720227
28,8,24.77368913952362
28,9,27.415891154856016
28,10,12.981519312923826
28,11,12.840713296449419
28,12,12.817475186962339
28,13,12.492648332125235
28,14,13.188761177976952
28,15,10.246615275042808
28,16,11.902766782767973
28,17,23.729332178615252
28,18,22.574313027466637
28,19,14.49002145679378
28,20,14.84184303347538
28,21,12.658716268534631
28,22,10.543555926591111
28,23,25.978179758668958
28,24,22.93920950842216
28,25,28.67776545871382
28,26,14.530093863925972
28,27,5.03223325648168
28,28,0.0
28,29,5.051559795497612
28,30,8.18557473281488
28,31,9.140530937009299
28,32,12.03996314701899
29,0,13.979075912575743
29,1,13.528568648587123
29,2,13.560473768240087
29,3,11.865889684273546
29,4,8.608533982894333
29,5,15.008466856204548
29,6,11.197595009297759
29,7,12.16779258255221
29,8,19.756610359198014
29,9,22.368542555206716
29,10,8.68492545761133
29,11,9.139291285034474
29,12,9.66690390080754
29,13,8.374560923608303
29,14,10.673424491821919
29,15,6.2451767004120695
29,16,7.272783811303309
29,17,18.814748140851236
29,18,17.523915817505642
29,19,10.955538867443051
29,20,12.41017265158962
29,21,11.407091647622703
29,22,8.316660288533997
29,23,22.82972703427743
29,24,18.674578572988977
29,25,23.995233194536013
29,26,14.73335938670244
29,27,10.069644885773029
29,28,5.051559795497612
29,29,0.0
29,30,3.399007857342554
29,31,5.320804259702866
29,32,8.123237689602114
30,0,10.583246347601069
30,1,10.130042797104304
30,2,10.22939938280234
30,3,9.632202211064138
30,4,6.028277259839812
30,5,11.64331690111254
30,6,7.845925355072804
30,7,8.858640501291603
30,8,16.64859448877353
30,9,19.562486079467146
30,10,5.373889206867479
30,11,6.167322791159262
30,12,7.0577202943939366
30,13,5.167214159103142
30,14,8.450471781717539
30,15,3.2923702315803283
30,16,3.875161199598514
30,17,16.549354393534635
30,18,14.606055328592499
30,19,8.002669155583435
30,20,10.118163108805504
30,21,10.03856769288597
30,22,6.6169788164327406
30,23,19.849118672089006
30,24,15.305398691458944
30,25,20.61272807449679
30,26,14.09447610224472
30,27,13.202342455539027
30,28,8.18557473281488
30,29,3.399007857342554
30,30,0.0
30,31,2.764953973475745
30,32,5.062171485670418
31,0,9.683843167536086
31,1,9.16485406607369
31,2,8.615428171287459
31,3,6.8813007374736275
31,4,7.483832795567693
31,5,11.013008697420927
31,6,7.487711465142163
31,7,8.63825200845874
31,8,16.731408418751176
31,9,20.12646464476113
31,10,3.905603764955771
31,11,3.8445580815600042
31,12,4.40739618752453
31,13,3.3573472758372764
31,14,5.693814708509197
31,15,1.1224430747582914
31,16,3.396308141263017
31,17,17.82192856631995
31,18,15.097728988298806
31,19,5.641519749435155
31,20,7.37899782052799
31,21,7.383117045311063
31,22,3.9391997967645005
31,23,17.509060691819222
31,24,13.798694139906713
31,25,19.69444955441052
31,26,11.641460259016261
31,27,13.91132496080955
31,28,9.140530937009299
31,29,5.320804259702866
31,30,2.764953973475745
31,31,0.0
31,32,2.9178906848545583
32,0,7.130631856004907
32,1,6.588068241086924
32,2,5.733482144202927
32,3,5.345811638350079
32,4,7.403198128968898
32,5,8.59674004115372
32,6,5.526547924261857
32,7,6.6887415097069525
32,8,14.701514351922421
32,9,18.445599776511415
32,10,1.5254674111178683
32,11,1.1380133187552244
32,12,2.5223258360093253
32,13,0.7492914893137179
32,14,4.355573820700551
32,15,1.8804205665207916
32,16,2.6398724290109263
32,17,16.90412836064024
32,18,13.463600214025089
32,19,2.9494698309200675
32,20,5.695388359706891
32,21,7.098128417749419
32,22,4.152320864150905
32,23,14.791986772436218
32,24,10.912580526937392
32,25,16.984368717953604
32,26,11.722858824524984
32,27,16.740064742616052
32,28,12.03996314701899
32,29,8.123237689602114
32,30,5.062171485670418
32,31,2.9178906848545583
32,32,0.0
