source_id,target_id,rtt
0,0,0.0
0,1,0.4209115484682645
0,2,2.561903593871378
0,3,0.9953862316941793
0,4,4.074847014945541
0,5,3.2428254699503674
0,6,1.5084613517174144
0,7,1.8904461958810097
0,8,3.7527185214467553
0,9,2.4683364374493055
0,10,16.917386535286084
0,11,4.84761128946772
0,12,3.819511412147258
0,13,3.237090615451904
0,14,5.09463206280151
0,15,6.453785875604903
0,16,5.721885163084356
0,17,5.60948417249708
0,18,4.520629193157739
0,19,121.99601924793157
0,20,4.009843389929367
0,21,3.5278016923056295
0,22,2.8575940799067654
0,23,1.7965439168781567
0,24,2.5499138433998243
0,25,3.0692481538908645
0,26,2.953180614688506
0,27,3.8468746233268427
0,28,4.147323189123017
1,0,0.4209115484682645
1,1,0.0
1,2,2.9828151423396423
1,3,1.4162977801624437
1,4,3.653935466477277
1,5,2.8219139214821025
1,6,1.08754980324915
1,7,1.4695346474127453
1,8,3.331806972978491
1,9,2.047424888981041
1,10,16.49647498681782
1,11,4.426699740999455
1,12,3.398599863678993
1,13,2.816179066983639
1,14,4.673720514333246
1,15,6.032874327136638
1,16,5.300973614616091
1,17,5.188572624028815
1,18,4.099717644689474
1,19,122.41693079639984
1,20,4.430754938397631
1,21,3.948713240773894
1,22,3.2785056283750293
1,23,2.217455465346421
1,24,2.9708253918680887
1,25,3.4901597023591284
1,26,3.37409216315677
1,27,4.267786171795107
1,28,4.568234737591281
2,0,2.561903593871378
2,1,2.9828151423396423
2,2,0.0
2,3,1.5665173621771986
2,4,3.088795741813969
2,5,3.9208172868091427
2,6,4.070364945588793
2,7,4.452349789752388
2,8,4.430710338305531
2,9,4.695306319310204
2,10,19.14435641714698
2,11,6.639537054216179
2,12,6.0464812940081565
2,13,5.464060497312802
2,14,5.772623879660285
2,15,8.680755757465802
2,16,7.948855044945255
2,17,7.401409937245537
2,18,6.747599075018638
2,19,119.745665493176
2,20,1.4479397960579892
2,21,2.496617452420694
2,22,1.8264098400218296
2,23,0.7653596769932212
2,24,1.3382287096263399
2,25,0.8188943991352998
2,26,0.3912770208171279
2,27,1.5965208685712782
2,28,1.896969434367452
3,0,0.9953862316941793
3,1,1.4162977801624437
3,2,1.5665173621771986
3,3,0.0
3,4,3.1245937500047254
3,5,3.956615294999899
3,6,2.5038475834115936
3,7,2.8858324275751888
3,8,4.466508346496288
3,9,3.4637226691434844
3,10,17.91277276698026
3,11,5.842997521161898
3,12,4.814897643841436
3,13,4.232476847146082
3,14,5.808421887851042
3,15,7.4491721072990815
3,16,6.7172713947785345
3,17,6.604870404191258
3,18,5.5160154248519175
3,19,121.00063301623739
3,20,3.014457158235188
3,21,2.53241546061145
3,22,1.8622078482125861
3,23,0.8011576851839776
3,24,1.5545276117056452
3,25,2.073861922196685
3,26,1.9577943829943267
3,27,2.8514883916326634
3,28,3.151936957428837
4,0,4.074847014945541
4,1,3.653935466477277
4,2,3.088795741813969
4,3,3.1245937500047254
4,4,0.0
4,5,0.832021544995174
4,6,2.5663856632281266
4,7,2.1844008190645314
4,8,1.341914596491562
4,9,1.6065105774962356
4,10,16.055560675333012
4,11,3.5507413124022094
4,12,2.957685552194188
4,13,2.3752647554988338
4,14,2.6838281378463162
4,15,5.591960015651833
4,16,4.860059303131286
4,17,4.3126141954315695
4,18,3.658803333204669
4,19,122.52291139587416
4,20,4.536735537871958
4,21,0.592178289393275
4,22,1.2623859017921393
4,23,2.323436064820748
4,24,3.0768059913424155
4,25,3.5961403018334552
4,26,3.4800727626310968
4,27,4.373766771269434
4,28,4.674215337065608
5,0,3.2428254699503674
5,1,2.8219139214821025
5,2,3.9208172868091427
5,3,3.956615294999899
5,4,0.832021544995174
5,5,0.0
5,6,1.7343641182329526
5,7,1.3523792740693574
5,8,0.5098930514963881
5,9,0.7744890325010616
5,10,15.223539130337839
5,11,2.7187197674070354
5,12,2.125664007199014
5,13,1.5432432105036598
5,14,1.8518065928511422
5,15,4.759938470656659
5,16,4.0280377581361115
5,17,3.480592650436395
5,18,2.826781788209495
5,19,123.35493294086933
5,20,5.368757082867131
5,21,1.424199834388449
5,22,2.0944074467873133
5,23,3.1554576098159215
5,24,3.908827536337589
5,25,4.428161846828629
5,26,4.31209430762627
5,27,5.2057883162646075
5,28,5.506236882060781
6,0,1.5084613517174144
6,1,1.08754980324915
6,2,4.070364945588793
6,3,2.5038475834115936
6,4,2.5663856632281266
6,5,1.7343641182329526
6,6,0.0
6,7,0.3819848441635953
6,8,2.244257169729341
6,9,0.959875085731891
6,10,15.40892518356867
6,11,3.339149937750305
6,12,2.311050060429843
6,13,1.728629263734489
6,14,3.586170711084095
6,15,4.945324523887488
6,16,4.213423811366941
6,17,4.101022820779665
6,18,3.0121678414403243
6,19,123.50448059964899
6,20,5.518304741646781
6,21,3.1585639526214013
6,22,3.828771565020266
6,23,3.305005268595571
6,24,4.058375195117239
6,25,4.577709505608278
6,26,4.46164196640592
6,27,5.355335975044257
6,28,5.655784540840431
7,0,1.8904461958810097
7,1,1.4695346474127453
7,2,4.452349789752388
7,3,2.8858324275751888
7,4,2.1844008190645314
7,5,1.3523792740693574
7,6,0.3819848441635953
7,7,0.0
7,8,1.8622723255657454
7,9,0.5778902415682957
7,10,15.026940339405073
7,11,2.9571650935867098
7,12,1.929065216266248
7,13,1.346644419570894
7,14,3.2041858669204997
7,15,4.563339679723893
7,16,3.831438967203346
7,17,3.7190379766160695
7,18,2.630182997276729
7,19,123.88646544381258
7,20,5.900289585810376
7,21,2.776579108457806
7,22,3.4467867208566707
7,23,3.686990112759166
7,24,4.440360039280834
7,25,4.9596943497718735
7,26,4.843626810569515
7,27,5.737320819207852
7,28,6.037769385004026
8,0,3.7527185214467553
8,1,3.331806972978491
8,2,4.430710338305531
8,3,4.466508346496288
8,4,1.341914596491562
8,5,0.5098930514963881
8,6,2.244257169729341
8,7,1.8622723255657454
8,8,0.0
8,9,1.2843820839974498
8,10,14.872851517227849
8,11,2.2088267159106474
8,12,2.635557058695402
8,13,2.0531362620000477
8,14,1.3419135413547543
8,15,4.40925085754667
8,16,3.677350145026123
8,17,2.970699598940007
8,18,3.336674839705883
8,19,123.86482599236572
8,20,5.87865013436352
8,21,1.9340928858848372
8,22,2.6043004982837017
8,23,3.66535066131231
8,24,4.4187205878339775
8,25,4.938054898325017
8,26,4.821987359122659
8,27,5.715681367760995
8,28,6.016129933557169
9,0,2.4683364374493055
9,1,2.047424888981041
9,2,4.695306319310204
9,3,3.4637226691434844
9,4,1.6065105774962356
9,5,0.7744890325010616
9,6,0.959875085731891
9,7,0.5778902415682957
9,8,1.2843820839974498
9,9,0.0
9,10,14.449050097836778
9,11,2.3792748520184137
9,12,1.3511749746979524
9,13,0.7687541780025982
9,14,2.626295625352204
9,15,3.985449438155597
9,16,3.25354872563505
9,17,3.141147735047774
9,18,2.052292755708433
9,19,124.1294219733704
9,20,6.143246115368193
9,21,2.1986888668895106
9,22,2.8688964792883747
9,23,3.929946642316983
9,24,4.68331656883865
9,25,5.20265087932969
9,26,5.086583340127332
9,27,5.980277348765668
9,28,6.280725914561842
10,0,16.917386535286084
10,1,16.49647498681782
10,2,19.14435641714698
10,3,17.91277276698026
10,4,16.055560675333012
10,5,15.223539130337839
10,6,15.40892518356867
10,7,15.026940339405073
10,8,14.872851517227849
10,9,14.449050097836778
10,10,0.0
10,11,12.664024801317202
10,12,13.097875123138826
10,13,13.68029591983418
10,14,13.530937975873094
10,15,10.46360065968118
10,16,11.195501372201727
10,17,11.902151918287842
10,18,12.396757342128344
10,19,138.5784720712072
10,20,20.59229621320497
10,21,16.647738964726287
10,22,17.317946577125152
10,23,18.37899674015376
10,24,19.132366666675427
10,25,19.651700977166467
10,26,19.53563343796411
10,27,20.429327446602446
10,28,20.72977601239862
11,0,4.84761128946772
11,1,4.426699740999455
11,2,6.639537054216179
11,3,5.842997521161898
11,4,3.5507413124022094
11,5,2.7187197674070354
11,6,3.339149937750305
11,7,2.9571650935867098
11,8,2.2088267159106474
11,9,2.3792748520184137
11,10,12.664024801317202
11,11,0.0
11,12,1.0280998773204615
11,13,1.6105206740158158
11,14,0.8669131745558931
11,15,2.200424141636023
11,16,1.4685234291154754
11,17,0.7618728830293598
11,18,1.7292176583309427
11,19,126.07365270827637
11,20,8.087476850274168
11,21,4.142919601795485
11,22,4.813127214194349
11,23,5.874177377222957
11,24,6.627547303744625
11,25,7.146881614235665
11,26,7.030814075033306
11,27,7.924508083671643
11,28,8.224956649467817
12,0,3.819511412147258
12,1,3.398599863678993
12,2,6.0464812940081565
12,3,4.814897643841436
12,4,2.957685552194188
12,5,2.125664007199014
12,6,2.311050060429843
12,7,1.929065216266248
12,8,2.635557058695402
12,9,1.3511749746979524
12,10,13.097875123138826
12,11,1.0280998773204615
12,12,0.0
12,13,0.5824207966953542
12,14,1.8950130518763546
12,15,2.634274463457645
12,16,1.902373750937098
12,17,1.7899727603498214
12,18,0.7011177810104812
12,19,125.48059694806835
12,20,7.494421090066146
12,21,3.549863841587463
12,22,4.2200714539863275
12,23,5.281121617014936
12,24,6.034491543536603
12,25,6.553825854027643
12,26,6.437758314825285
12,27,7.331452323463621
12,28,7.631900889259795
13,0,3.237090615451904
13,1,2.816179066983639
13,2,5.464060497312802
13,3,4.232476847146082
13,4,2.3752647554988338
13,5,1.5432432105036598
13,6,1.728629263734489
13,7,1.346644419570894
13,8,2.0531362620000477
13,9,0.7687541780025982
13,10,13.68029591983418
13,11,1.6105206740158158
13,12,0.5824207966953542
13,13,0.0
13,14,2.477433848571709
13,15,3.2166952601529992
13,16,2.484794547632452
13,17,2.3723935570451755
13,18,1.2835385777058352
13,19,124.898176151373
13,20,6.912000293370792
13,21,2.967443044892109
13,22,3.6376506572909735
13,23,4.698700820319582
13,24,5.452070746841249
13,25,5.971405057332289
13,26,5.8553375181299305
13,27,6.749031526768267
13,28,7.0494800925644405
14,0,5.09463206280151
14,1,4.673720514333246
14,2,5.772623879660285
14,3,5.808421887851042
14,4,2.6838281378463162
14,5,1.8518065928511422
14,6,3.586170711084095
14,7,3.2041858669204997
14,8,1.3419135413547543
14,9,2.626295625352204
14,10,13.530937975873094
14,11,0.8669131745558931
14,12,1.8950130518763546
14,13,2.477433848571709
14,14,0.0
14,15,3.067337316191916
14,16,2.3354366036713685
14,17,1.6287860575852529
14,18,2.5961308328868355
14,19,125.20673953372048
14,20,7.220563675718274
14,21,3.2760064272395915
14,22,3.9462140396384555
14,23,5.007264202667064
14,24,5.760634129188731
14,25,6.279968439679771
14,26,6.163900900477413
14,27,7.05759490911575
14,28,7.3580434749119235
15,0,6.453785875604903
15,1,6.032874327136638
15,2,8.680755757465802
15,3,7.4491721072990815
15,4,5.591960015651833
15,5,4.759938470656659
15,6,4.945324523887488
15,7,4.563339679723893
15,8,4.40925085754667
15,9,3.985449438155597
15,10,10.46360065968118
15,11,2.200424141636023
15,12,2.634274463457645
15,13,3.2166952601529992
15,14,3.067337316191916
15,15,0.0
15,16,0.7319007125205474
15,17,1.438551258606663
15,18,1.9331566824471642
15,19,128.114871411526
15,20,10.12869555352379
15,21,6.184138305045108
15,22,6.854345917443973
15,23,7.915396080472581
15,24,8.668766006994248
15,25,9.188100317485288
15,26,9.07203277828293
15,27,9.965726786921266
15,28,10.26617535271744
16,0,5.721885163084356
16,1,5.300973614616091
16,2,7.948855044945255
16,3,6.7172713947785345
16,4,4.860059303131286
16,5,4.0280377581361115
16,6,4.213423811366941
16,7,3.831438967203346
16,8,3.677350145026123
16,9,3.25354872563505
16,10,11.195501372201727
16,11,1.4685234291154754
16,12,1.902373750937098
16,13,2.484794547632452
16,14,2.3354366036713685
16,15,0.7319007125205474
16,16,0.0
16,17,0.7066505460861157
16,18,1.2012559699266168
16,19,127.38297069900545
16,20,9.396794841003244
16,21,5.452237592524561
16,22,6.122445204923426
16,23,7.183495367952034
16,24,7.9368652944737015
16,25,8.456199604964741
16,26,8.340132065762383
16,27,9.233826074400719
16,28,9.534274640196893
17,0,5.60948417249708
17,1,5.188572624028815
17,2,7.401409937245537
17,3,6.604870404191258
17,4,4.3126141954315695
17,5,3.480592650436395
17,6,4.101022820779665
17,7,3.7190379766160695
17,8,2.970699598940007
17,9,3.141147735047774
17,10,11.902151918287842
17,11,0.7618728830293598
17,12,1.7899727603498214
17,13,2.3723935570451755
17,14,1.6287860575852529
17,15,1.438551258606663
17,16,0.7066505460861157
17,17,0.0
17,18,1.9079065160127324
17,19,126.83552559130572
17,20,8.849349733303526
17,21,4.904792484824844
17,22,5.575000097223708
17,23,6.636050260252317
17,24,7.389420186773984
17,25,7.908754497265024
17,26,7.792686958062665
17,27,8.686380966701002
17,28,8.986829532497175
18,0,4.520629193157739
18,1,4.099717644689474
18,2,6.747599075018638
18,3,5.5160154248519175
18,4,3.658803333204669
18,5,2.826781788209495
18,6,3.0121678414403243
18,7,2.630182997276729
18,8,3.336674839705883
18,9,2.052292755708433
18,10,12.396757342128344
18,11,1.7292176583309427
18,12,0.7011177810104812
18,13,1.2835385777058352
18,14,2.5961308328868355
18,15,1.9331566824471642
18,16,1.2012559699266168
18,17,1.9079065160127324
18,18,0.0
18,19,126.18171472907883
18,20,8.195538871076627
18,21,4.250981622597944
18,22,4.921189234996809
18,23,5.982239398025417
18,24,6.7356093245470845
18,25,7.254943635038124
18,26,7.138876095835766
18,27,8.032570104474102
18,28,8.333018670270276
19,0,121.99601924793157
19,1,122.41693079639984
19,2,119.745665493176
19,3,121.00063301623739
19,4,122.52291139587416
19,5,123.35493294086933
19,6,123.50448059964899
19,7,123.88646544381258
19,8,123.86482599236572
19,9,124.1294219733704
19,10,138.5784720712072
19,11,126.07365270827637
19,12,125.48059694806835
19,13,124.898176151373
19,14,125.20673953372048
19,15,128.114871411526
19,16,127.38297069900545
19,17,126.83552559130572
19,18,126.18171472907883
19,19,0.0
19,20,118.62934433201688
19,21,121.93073310648089
19,22,121.26052549408203
19,23,120.19947533105342
19,24,119.44610540453175
19,25,118.9267710940407
19,26,119.35438847235888
19,27,118.14914462460473
19,28,117.84869605880856
20,0,4.009843389929367
20,1,4.430754938397631
20,2,1.4479397960579892
20,3,3.014457158235188
20,4,4.536735537871958
20,5,5.368757082867131
20,6,5.518304741646781
20,7,5.900289585810376
20,8,5.87865013436352
20,9,6.143246115368193
20,10,20.59229621320497
20,11,8.087476850274168
20,12,7.494421090066146
20,13,6.912000293370792
20,14,7.220563675718274
20,15,10.12869555352379
20,16,9.396794841003244
20,17,8.849349733303526
20,18,8.195538871076627
20,19,118.62934433201688
20,20,0.0
20,21,3.9445572484786826
20,22,3.274349636079819
20,23,2.2132994730512103
20,24,2.0036144640500733
20,25,1.484280153559033
20,26,1.0566627752408613
20,27,1.0810968390044984
20,28,0.7806482732083246
21,0,3.5278016923056295
21,1,3.948713240773894
21,2,2.496617452420694
21,3,2.53241546061145
21,4,0.592178289393275
21,5,1.424199834388449
21,6,3.1585639526214013
21,7,2.776579108457806
21,8,1.9340928858848372
21,9,2.1986888668895106
21,10,16.647738964726287
21,11,4.142919601795485
21,12,3.549863841587463
21,13,2.967443044892109
21,14,3.2760064272395915
21,15,6.184138305045108
21,16,5.452237592524561
21,17,4.904792484824844
21,18,4.250981622597944
21,19,121.93073310648089
21,20,3.9445572484786826
21,21,0.0
21,22,0.6702076123988643
21,23,1.7312577754274727
21,24,2.4846277019491403
21,25,3.00396201244018
21,26,2.8878944732378216
21,27,3.7815884818761583
21,28,4.082037047672332
22,0,2.8575940799067654
22,1,3.2785056283750293
22,2,1.8264098400218296
22,3,1.8622078482125861
22,4,1.2623859017921393
22,5,2.0944074467873133
22,6,3.828771565020266
22,7,3.4467867208566707
22,8,2.6043004982837017
22,9,2.8688964792883747
22,10,17.317946577125152
22,11,4.813127214194349
22,12,4.2200714539863275
22,13,3.6376506572909735
22,14,3.9462140396384555
22,15,6.854345917443973
22,16,6.122445204923426
22,17,5.575000097223708
22,18,4.921189234996809
22,19,121.26052549408203
22,20,3.274349636079819
22,21,0.6702076123988643
22,22,0.0
22,23,1.0610501630286084
22,24,1.8144200895502762
22,25,2.3337544000413164
22,26,2.2176868608389575
22,27,3.1113808694772946
22,28,3.4118294352734684
23,0,1.7965439168781567
23,1,2.217455465346421
23,2,0.7653596769932212
23,3,0.8011576851839776
23,4,2.323436064820748
23,5,3.1554576098159215
23,6,3.305005268595571
23,7,3.686990112759166
23,8,3.66535066131231
23,9,3.929946642316983
23,10,18.37899674015376
23,11,5.874177377222957
23,12,5.281121617014936
23,13,4.698700820319582
23,14,5.007264202667064
23,15,7.915396080472581
23,16,7.183495367952034
23,17,6.636050260252317
23,18,5.982239398025417
23,19,120.19947533105342
23,20,2.2132994730512103
23,21,1.7312577754274727
23,22,1.0610501630286084
23,23,0.0
23,24,0.7533699265216677
23,25,1.2727042370127077
23,26,1.156636697810349
23,27,2.050330706448686
23,28,2.3507792722448597
24,0,2.5499138433998243
24,1,2.9708253918680887
24,2,1.3382287096263399
24,3,1.5545276117056452
24,4,3.0768059913424155
24,5,3.908827536337589
24,6,4.058375195117239
24,7,4.440360039280834
24,8,4.4187205878339775
24,9,4.68331656883865
24,10,19.132366666675427
24,11,6.627547303744625
24,12,6.034491543536603
24,13,5.452070746841249
24,14,5.760634129188731
24,15,8.668766006994248
24,16,7.9368652944737015
24,17,7.389420186773984
24,18,6.7356093245470845
24,19,119.44610540453175
24,20,2.0036144640500733
24,21,2.4846277019491403
24,22,1.8144200895502762
24,23,0.7533699265216677
24,24,0.0
24,25,0.51933431049104
24,26,0.9469516888092119
24,27,1.2969607799270182
24,28,1.597409345723192
25,0,3.0692481538908645
25,1,3.4901597023591284
25,2,0.8188943991352998
25,3,2.073861922196685
25,4,3.5961403018334552
25,5,4.428161846828629
25,6,4.577709505608278
25,7,4.9596943497718735
25,8,4.938054898325017
25,9,5.20265087932969
25,10,19.651700977166467
25,11,7.146881614235665
25,12,6.553825854027643
25,13,5.971405057332289
25,14,6.279968439679771
25,15,9.188100317485288
25,16,8.456199604964741
25,17,7.908754497265024
25,18,7.254943635038124
25,19,118.9267710940407
25,20,1.484280153559033
25,21,3.00396201244018
25,22,2.3337544000413164
25,23,1.2727042370127077
25,24,0.51933431049104
25,25,0.0
25,26,0.4276173783181719
25,27,0.7776264694359782
25,28,1.078075035232152
26,0,2.953180614688506
26,1,3.37409216315677
26,2,0.3912770208171279
26,3,1.9577943829943267
26,4,3.4800727626310968
26,5,4.31209430762627
26,6,4.46164196640592
26,7,4.843626810569515
26,8,4.821987359122659
26,9,5.086583340127332
26,10,19.53563343796411
26,11,7.030814075033306
26,12,6.437758314825285
26,13,5.8553375181299305
26,14,6.163900900477413
26,15,9.07203277828293
26,16,8.340132065762383
26,17,7.792686958062665
26,18,7.138876095835766
26,19,119.35438847235888
26,20,1.0566627752408613
26,21,2.8878944732378216
26,22,2.2176868608389575
26,23,1.156636697810349
26,24,0.9469516888092119
26,25,0.4276173783181719
26,26,0.0
26,27,1.2052438477541503
26,28,1.505692413550324
27,0,3.8468746233268427
27,1,4.267786171795107
27,2,1.5965208685712782
27,3,2.8514883916326634
27,4,4.373766771269434
27,5,5.2057883162646075
27,6,5.355335975044257
27,7,5.737320819207852
27,8,5.715681367760995
27,9,5.980277348765668
27,10,20.429327446602446
27,11,7.924508083671643
27,12,7.331452323463621
27,13,6.749031526768267
27,14,7.05759490911575
27,15,9.965726786921266
27,16,9.233826074400719
27,17,8.686380966701002
27,18,8.032570104474102
27,19,118.14914462460473
27,20,1.0810968390044984
27,21,3.7815884818761583
27,22,3.1113808694772946
27,23,2.050330706448686
27,24,1.2969607799270182
27,25,0.7776264694359782
27,26,1.2052438477541503
27,27,0.0
27,28,0.3004485657961738
28,0,4.147323189123017
28,1,4.568234737591281
28,2,1.896969434367452
28,3,3.151936957428837
28,4,4.674215337065608
28,5,5.506236882060781
28,6,5.655784540840431
28,7,6.037769385004026
28,8,6.016129933557169
28,9,6.280725914561842
28,10,20.72977601239862
28,11,8.224956649467817
28,12,7.631900889259795
28,13,7.0494800925644405
28,14,7.3580434749119235
28,15,10.26617535271744
28,16,9.534274640196893
28,17,8.986829532497175
28,18,8.333018670270276
28,19,117.84869605880856
28,20,0.7806482732083246
28,21,4.082037047672332
28,22,3.4118294352734684
28,23,2.3507792722448597
28,24,1.597409345723192
28,25,1.078075035232152
28,26,1.505692413550324
28,27,0.3004485657961738
28,28,0.0
