source_id,target_id,rtt
0,0,0.0
0,1,4.852220730364477
0,2,22.21824976975368
0,3,27.698918334094117
0,4,75.62366919360569
0,5,152.59093015652624
0,6,14.212633450348815
0,7,21.91478874200119
0,8,38.92448475439951
0,9,169.4633897939108
0,11,190.7747396847171
0,12,189.76173004407715
0,13,172.18932995423168
0,14,inf
0,15,inf
0,16,inf
0,17,185.46495466583764
0,21,168.1680037343398
0,22,12.472230014331455
0,23,75.62366919360569
0,24,184.78328084185875
0,29,18.82233912868694
0,30,150.6213470980136
0,31,172.8626257964605
0,32,inf
0,34,160.89461435991953
0,35,158.20706160017485
0,36,165.52224123701077
0,37,150.71193487864255
0,38,inf
0,41,22.40479973394666
0,42,25.25802723133697
0,43,24.521522953168642
0,44,27.363972006760378
0,45,17.14393252569232
0,46,2.038112735680404
0,47,75.67833707221537
0,48,73.81738000975031
0,49,29.992780806664413
0,50,23.732902832907694
1,0,4.852220730364477
1,1,0.0
1,2,22.994245028757348
1,3,28.47491359309779
1,4,76.39966445260937
1,5,153.3669254155299
1,6,9.360412719984337
1,7,17.062568011636714
1,8,34.07226402403502
1,9,170.23938505291446
1,11,191.55073494372076
1,12,190.5377253030808
1,13,172.96532521323533
1,14,inf
1,15,inf
1,16,inf
1,17,186.2409499248413
1,21,168.94399899334346
1,22,7.6200092839669775
1,23,76.39966445260937
1,24,185.5592761008624
1,29,19.598334387690613
1,30,151.39734235701724
1,31,173.63862105546414
1,32,inf
1,34,161.67060961892318
1,35,158.9830568591785
1,36,166.29823649601443
1,37,151.4879301376462
1,38,inf
1,41,23.180794992950332
1,42,26.03402249034064
1,43,19.669302222804166
1,44,22.511751276395902
1,45,12.291711795327842
1,46,2.8141079946840737
1,47,76.45433233121905
1,48,74.59337526875399
1,49,30.768776065668078
1,50,24.508898091911362
2,0,22.21824976975368
2,1,22.994245028757348
2,2,0.0
2,3,5.480668564340436
2,4,60.19724070598549
2,5,137.164501668906
2,6,32.35465774874169
2,7,40.05681304039406
2,8,57.06650905279238
2,9,154.03696130629058
2,11,175.34831119709688
2,12,174.33530155645693
2,13,156.76290146661145
2,14,inf
2,15,inf
2,16,inf
2,17,170.0385261782174
2,21,152.74157524671958
2,22,30.614254312724327
2,23,60.19724070598549
2,24,169.35685235423853
2,29,3.3959106410667395
2,30,135.19491861039336
2,31,157.43619730884026
2,32,inf
2,34,145.4681858722993
2,35,142.78063311255463
2,36,150.09581274939055
2,37,135.28550639102232
2,38,inf
2,41,6.978371246326459
2,42,3.0397774615832884
2,43,42.66354725156151
2,44,45.505996305153246
2,45,35.28595682408519
2,46,20.180137034073276
2,47,60.25190858459518
2,48,91.95940430814318
2,49,14.566352319044208
2,50,8.30647434528749
3,0,27.698918334094117
3,1,28.47491359309779
3,2,5.480668564340436
3,3,0.0
3,4,65.67790927032593
3,5,142.64517023324646
3,6,37.83532631308212
3,7,45.537481604734495
3,8,62.54717761713282
3,9,159.51762987063103
3,11,180.82897976143732
3,12,179.81597012079737
3,13,162.2435700309519
3,14,inf
3,15,inf
3,16,inf
3,17,175.51919474255786
3,21,158.22224381106003
3,22,36.09492287706476
3,23,65.67790927032593
3,24,174.83752091857897
3,29,8.876579205407175
3,30,140.6755871747338
3,31,162.9168658731807
3,32,inf
3,34,150.94885443663975
3,35,148.26130167689507
3,36,155.576481313731
3,37,140.76617495536277
3,38,inf
3,41,12.459039810666894
3,42,8.520446025923725
3,43,48.14421581590195
3,44,50.98666486949369
3,45,40.76662538842563
3,46,25.660805598413713
3,47,65.7325771489356
3,48,97.44007287248363
3,49,20.047020883384643
3,50,13.787142909627926
4,0,75.62366919360569
4,1,76.39966445260937
4,2,60.19724070598549
4,3,65.67790927032593
4,4,0.0
4,5,76.96726096292053
4,6,85.7600771725937
4,7,71.90189729513908
4,8,110.4719284766444
4,9,93.83972060030509
4,11,115.1510704911114
4,12,114.13806085047143
4,13,96.56566076062595
4,14,inf
4,15,inf
4,16,inf
4,17,109.84128547223193
4,21,92.54433454073407
4,22,84.01967373657635
4,23,0.0
4,24,109.15961164825303
4,29,56.80133006491875
4,30,74.99767790440787
4,31,97.23895660285478
4,32,inf
4,34,85.27094516631382
4,35,82.58339240656913
4,36,89.89857204340505
4,37,75.08826568503683
4,38,inf
4,41,60.38379067017847
4,42,63.23701816756878
4,43,74.50863150630653
4,44,77.35108055989826
4,45,88.69137624793721
4,46,73.58555645792529
4,47,113.6573280084472
4,48,145.36482373199522
4,49,67.97177174289622
4,50,61.7118937691395
5,0,152.59093015652624
5,1,153.3669254155299
5,2,137.164501668906
5,3,142.64517023324646
5,4,76.96726096292053
5,5,0.0
5,6,162.72733813551423
5,7,148.8691582580596
5,8,187.43918943956493
5,9,170.80698156322563
5,11,192.11833145403193
5,12,191.10532181339198
5,13,173.5329217235465
5,14,inf
5,15,inf
5,16,inf
5,17,186.80854643515246
5,21,169.51159550365463
5,22,160.98693469949689
5,23,76.96726096292053
5,24,186.12687261117355
5,29,133.76859102783928
5,30,151.96493886732839
5,31,174.20621756577532
5,32,inf
5,34,162.23820612923436
5,35,159.55065336948968
5,36,166.8658330063256
5,37,152.05552664795738
5,38,inf
5,41,137.351051633099
5,42,140.2042791304893
5,43,151.47589246922706
5,44,154.3183415228188
5,45,165.65863721085773
5,46,150.55281742084583
5,47,190.6245889713677
5,48,222.33208469491575
5,49,144.93903270581674
5,50,138.67915473206003
6,0,14.212633450348815
6,1,9.360412719984337
6,2,32.35465774874169
6,3,37.83532631308212
6,4,85.7600771725937
6,5,162.72733813551423
6,6,0.0
6,7,26.422980731621053
6,8,24.711851304050686
6,9,179.5997977728988
6,11,200.9111476637051
6,12,199.89813802306514
6,13,182.32573793321967
6,14,inf
6,15,inf
6,16,inf
6,17,195.60136264482563
6,21,178.3044117133278
6,22,1.7404034360173593
6,23,85.7600771725937
6,24,194.91968882084674
6,29,28.95874710767495
6,30,160.75775507700158
6,31,182.99903377544848
6,32,inf
6,34,171.03102233890752
6,35,168.34346957916284
6,36,175.65864921599876
6,37,160.84834285763054
6,38,inf
6,41,32.541207712934664
6,42,35.39443521032498
6,43,29.029714942788505
6,44,31.87216399638024
6,45,6.412105947378224
6,46,12.174520714668411
6,47,82.29781534460014
6,48,83.95378798873833
6,49,40.12918878565242
6,50,33.8693108118957
7,0,21.91478874200119
7,1,17.062568011636714
7,2,40.05681304039406
7,3,45.537481604734495
7,4,71.90189729513908
7,5,148.8691582580596
7,6,26.422980731621053
7,7,0.0
7,8,51.134832035671735
7,9,165.74161789544416
7,11,187.05296778625046
7,12,186.0399581456105
7,13,168.46755805576504
7,14,inf
7,15,inf
7,16,inf
7,17,181.74318276737102
7,21,164.44623183587316
7,22,24.682577295603693
7,23,71.90189729513908
7,24,181.0615089433921
7,29,36.66090239932733
7,30,146.89957519954694
7,31,169.14085389799385
7,32,inf
7,34,157.1728424614529
7,35,154.4852897017082
7,36,161.80046933854413
7,37,146.9901629801759
7,38,inf
7,41,40.24336300458704
7,42,43.09659050197735
7,43,2.6067342111674536
7,44,5.449183264759189
7,45,29.354279806964556
7,46,19.876676006320785
7,47,93.51690034285576
7,48,91.65594328039069
7,49,47.83134407730479
7,50,41.571466103548076
8,0,38.92448475439951
8,1,34.07226402403502
8,2,57.06650905279238
8,3,62.54717761713282
8,4,110.4719284766444
8,5,187.43918943956493
8,6,24.711851304050686
8,7,51.134832035671735
8,8,0.0
8,9,204.3116490769495
8,11,225.6229989677558
8,12,224.60998932711584
8,13,207.03758923727037
8,14,inf
8,15,inf
8,16,inf
8,17,220.31321394887632
8,21,203.0162630173785
8,22,26.452254740068046
8,23,110.4719284766444
8,24,219.63154012489744
8,29,53.670598411725635
8,30,185.46960638105227
8,31,207.71088507949918
8,32,inf
8,34,195.74287364295822
8,35,193.05532088321354
8,36,200.37050052004946
8,37,185.56019416168124
8,38,inf
8,41,57.25305901698536
8,42,60.10628651437567
8,43,53.74156624683919
8,44,56.58401530043093
8,45,31.123957251428912
8,46,36.8863720187191
8,47,107.00966664865082
8,48,86.13020396177097
8,49,64.84104008970311
8,50,58.58116211594639
9,0,169.4633897939108
9,1,170.23938505291446
9,2,154.03696130629058
9,3,159.51762987063103
9,4,93.83972060030509
9,5,170.80698156322563
9,6,179.5997977728988
9,7,165.74161789544416
9,8,204.3116490769495
9,9,0.0
9,11,208.9907910914165
9,12,207.97778145077652
9,13,190.40538136093105
9,14,inf
9,15,inf
9,16,inf
9,17,203.681006072537
9,21,1.295386059571014
9,22,177.85939433688145
9,23,93.83972060030509
9,24,202.99933224855812
9,29,150.64105066522384
9,30,168.83739850471295
9,31,191.07867720315988
9,32,inf
9,34,14.266602542614805
9,35,11.256328193735953
9,36,3.9411485569000355
9,37,168.92798628534192
9,38,inf
9,41,154.22351127048356
9,42,157.07673876787388
9,43,168.34835210661163
9,44,171.19080116020336
9,45,182.5310968482423
9,46,167.4252770582304
9,47,207.49704860875227
9,48,239.20454433230032
9,49,161.8114923432013
9,50,155.5516143694446
11,0,190.7747396847171
11,1,191.55073494372076
11,2,175.34831119709688
11,3,180.82897976143732
11,4,115.1510704911114
11,5,192.11833145403193
11,6,200.9111476637051
11,7,187.05296778625046
11,8,225.6229989677558
11,9,208.9907910914165
11,11,0.0
11,12,229.28913134158284
11,13,211.71673125173737
11,14,inf
11,15,inf
11,16,inf
11,17,224.99235596334333
11,21,207.6954050318455
11,22,199.17074422768775
11,23,115.1510704911114
11,24,224.31068213936442
11,29,171.95240055603014
11,30,190.14874839551925
11,31,212.39002709396618
11,32,inf
11,34,200.42201565742522
11,35,197.73446289768054
11,36,205.04964253451647
11,37,190.23933617614824
11,38,inf
11,41,175.53486116128985
11,42,178.38808865868018
11,43,189.65970199741793
11,44,192.50215105100966
11,45,203.8424467390486
11,46,188.7366269490367
11,47,228.80839849955856
11,48,260.5158942231066
11,49,183.1228422340076
11,50,176.8629642602509
12,0,189.76173004407715
12,1,190.5377253030808
12,2,174.33530155645693
12,3,179.81597012079737
12,4,114.13806085047143
12,5,191.10532181339198
12,6,199.89813802306514
12,7,186.0399581456105
12,8,224.60998932711584
12,9,207.97778145077652
12,11,229.28913134158284
12,12,0.0
12,13,210.7037216110974
12,14,inf
12,15,inf
12,16,inf
12,17,223.97934632270335
12,21,206.68239539120552
12,22,198.1577345870478
12,23,114.13806085047143
12,24,223.29767249872447
12,29,170.9393909153902
12,30,189.1357387548793
12,31,211.37701745332623
12,32,inf
12,34,199.40900601678527
12,35,196.72145325704057
12,36,204.0366328938765
12,37,189.22632653550826
12,38,inf
12,41,174.5218515206499
12,42,177.37507901804022
12,43,188.64669235677798
12,44,191.4891414103697
12,45,202.82943709840865
12,46,187.72361730839674
12,47,227.7953888589186
12,48,259.50288458246666
12,49,182.10983259336766
12,50,175.84995461961094
13,0,172.18932995423168
13,1,172.96532521323533
13,2,156.76290146661145
13,3,162.2435700309519
13,4,96.56566076062595
13,5,173.5329217235465
13,6,182.32573793321967
13,7,168.46755805576504
13,8,207.03758923727037
13,9,190.40538136093105
13,11,211.71673125173737
13,12,210.7037216110974
13,13,0.0
13,14,inf
13,15,inf
13,16,inf
13,17,206.40694623285788
13,21,189.10999530136004
13,22,180.58533449720233
13,23,96.56566076062595
13,24,205.725272408879
13,29,153.36699082554472
13,30,30.394529420289206
13,31,5.733661686478165
13,32,inf
13,34,181.8366059269398
13,35,179.1490531671951
13,36,186.464232804031
13,37,21.47739507558912
13,38,inf
13,41,156.94945143080443
13,42,159.80267892819475
13,43,171.0742922669325
13,44,173.91674132052424
13,45,185.25703700856317
13,46,170.15121721855127
13,47,210.22298876907314
13,48,241.9304844926212
13,49,164.53743250352218
13,50,158.27755452976547
14,0,inf
14,1,inf
14,2,inf
14,3,inf
14,4,inf
14,5,inf
14,6,inf
14,7,inf
14,8,inf
14,9,inf
14,11,inf
14,12,inf
14,13,inf
14,14,0.0
14,15,inf
14,16,inf
14,17,inf
14,21,inf
14,22,inf
14,23,inf
14,24,inf
14,29,inf
14,30,inf
14,31,inf
14,32,inf
14,34,inf
14,35,inf
14,36,inf
14,37,inf
14,38,inf
14,41,inf
14,42,inf
14,43,inf
14,44,inf
14,45,inf
14,46,inf
14,47,inf
14,48,inf
14,49,inf
14,50,inf
15,0,inf
15,1,inf
15,2,inf
15,3,inf
15,4,inf
15,5,inf
15,6,inf
15,7,inf
15,8,inf
15,9,inf
15,11,inf
15,12,inf
15,13,inf
15,14,inf
15,15,0.0
15,16,inf
15,17,inf
15,21,inf
15,22,inf
15,23,inf
15,24,inf
15,29,inf
15,30,inf
15,31,inf
15,32,inf
15,34,inf
15,35,inf
15,36,inf
15,37,inf
15,38,inf
15,41,inf
15,42,inf
15,43,inf
15,44,inf
15,45,inf
15,46,inf
15,47,inf
15,48,inf
15,49,inf
15,50,inf
16,0,inf
16,1,inf
16,2,inf
16,3,inf
16,4,inf
16,5,inf
16,6,inf
16,7,inf
16,8,inf
16,9,inf
16,11,inf
16,12,inf
16,13,inf
16,14,inf
16,15,inf
16,16,0.0
16,17,inf
16,21,inf
16,22,inf
16,23,inf
16,24,inf
16,29,inf
16,30,inf
16,31,inf
16,32,inf
16,34,inf
16,35,inf
16,36,inf
16,37,inf
16,38,inf
16,41,inf
16,42,inf
16,43,inf
16,44,inf
16,45,inf
16,46,inf
16,47,inf
16,48,inf
16,49,inf
16,50,inf
17,0,185.46495466583764
17,1,186.2409499248413
17,2,170.0385261782174
17,3,175.51919474255786
17,4,109.84128547223193
17,5,186.80854643515246
17,6,195.60136264482563
17,7,181.74318276737102
17,8,220.31321394887632
17,9,203.681006072537
17,11,224.99235596334333
17,12,223.97934632270335
17,13,206.40694623285788
17,14,inf
17,15,inf
17,16,inf
17,17,0.0
17,21,202.385620012966
17,22,193.86095920880828
17,23,109.84128547223193
17,24,219.00089712048498
17,29,166.64261553715068
17,30,184.8389633766398
17,31,207.08024207508672
17,32,inf
17,34,195.11223063854575
17,35,192.42467787880105
17,36,199.73985751563697
17,37,184.92955115726875
17,38,inf
17,41,170.2250761424104
17,42,173.0783036398007
17,43,184.34991697853846
17,44,187.1923660321302
17,45,198.53266172016913
17,46,183.42684193015722
17,47,223.4986134806791
17,48,255.20610920422712
17,49,177.81305721512814
17,50,171.55317924137142
21,0,168.1680037343398
21,1,168.94399899334346
21,2,152.74157524671958
21,3,158.22224381106003
21,4,92.54433454073407
21,5,169.51159550365463
21,6,178.3044117133278
21,7,164.44623183587316
21,8,203.0162630173785
21,9,1.295386059571014
21,11,207.6954050318455
21,12,206.68239539120552
21,13,189.10999530136004
21,14,inf
21,15,inf
21,16,inf
21,17,202.385620012966
21,21,0.0
21,22,176.56400827731045
21,23,92.54433454073407
21,24,201.70394618898712
21,29,149.34566460565284
21,30,167.54201244514195
21,31,189.78329114358888
21,32,inf
21,34,12.971216483043792
21,35,9.960942134164938
21,36,2.6457624973290215
21,37,167.63260022577091
21,38,inf
21,41,152.92812521091255
21,42,155.78135270830288
21,43,167.05296604704063
21,44,169.89541510063236
21,45,181.2357107886713
21,46,166.1298909986594
21,47,206.20166254918126
21,48,237.90915827272931
21,49,160.5161062836303
21,50,154.2562283098736
22,0,12.472230014331455
22,1,7.6200092839669775
22,2,30.614254312724327
22,3,36.09492287706476
22,4,84.01967373657635
22,5,160.98693469949689
22,6,1.7404034360173593
22,7,24.682577295603693
22,8,26.452254740068046
22,9,177.85939433688145
22,11,199.17074422768775
22,12,198.1577345870478
22,13,180.58533449720233
22,14,inf
22,15,inf
22,16,inf
22,17,193.86095920880828
22,21,176.56400827731045
22,22,0.0
22,23,84.01967373657635
22,24,193.1792853848294
22,29,27.21834367165759
22,30,159.01735164098423
22,31,181.25863033943114
22,32,inf
22,34,169.29061890289017
22,35,166.6030661431455
22,36,173.91824577998142
22,37,159.1079394216132
22,38,inf
22,41,30.800804276917308
22,42,33.65403177430762
22,43,27.289311506771146
22,44,30.13176056036288
22,45,4.671702511360865
22,46,10.434117278651051
22,47,84.0382187806175
22,48,82.21338455272095
22,49,38.38878534963506
22,50,32.12890737587834
23,0,75.62366919360569
23,1,76.39966445260937
23,2,60.19724070598549
23,3,65.67790927032593
23,4,0.0
23,5,76.96726096292053
23,6,85.7600771725937
23,7,71.90189729513908
23,8,110.4719284766444
23,9,93.83972060030509
23,11,115.1510704911114
23,12,114.13806085047143
23,13,96.56566076062595
23,14,inf
23,15,inf
23,16,inf
23,17,109.84128547223193
23,21,92.54433454073407
23,22,84.01967373657635
23,23,0.0
23,24,109.15961164825303
23,29,56.80133006491875
23,30,74.99767790440787
23,31,97.23895660285478
23,32,inf
23,34,85.27094516631382
23,35,82.58339240656913
23,36,89.89857204340505
23,37,75.08826568503683
23,38,inf
23,41,60.38379067017847
23,42,63.23701816756878
23,43,74.50863150630653
23,44,77.35108055989826
23,45,88.69137624793721
23,46,73.58555645792529
23,47,113.6573280084472
23,48,145.36482373199522
23,49,67.97177174289622
23,50,61.7118937691395
24,0,184.78328084185875
24,1,185.5592761008624
24,2,169.35685235423853
24,3,174.83752091857897
24,4,109.15961164825303
24,5,186.12687261117355
24,6,194.91968882084674
24,7,181.0615089433921
24,8,219.63154012489744
24,9,202.99933224855812
24,11,224.31068213936442
24,12,223.29767249872447
24,13,205.725272408879
24,14,inf
24,15,inf
24,16,inf
24,17,219.00089712048498
24,21,201.70394618898712
24,22,193.1792853848294
24,23,109.15961164825303
24,24,0.0
24,29,165.9609417131718
24,30,184.1572895526609
24,31,206.3985682511078
24,32,inf
24,34,194.43055681456684
24,35,191.74300405482217
24,36,199.0581836916581
24,37,184.24787733328986
24,38,inf
24,41,169.5434023184315
24,42,172.39662981582183
24,43,183.66824315455955
24,44,186.51069220815128
24,45,197.85098789619025
24,46,182.74516810617834
24,47,222.8169396567002
24,48,254.52443538024824
24,49,177.13138339114926
24,50,170.87150541739254
29,0,18.82233912868694
29,1,19.598334387690613
29,2,3.3959106410667395
29,3,8.876579205407175
29,4,56.80133006491875
29,5,133.76859102783928
29,6,28.95874710767495
29,7,36.66090239932733
29,8,53.670598411725635
29,9,150.64105066522384
29,11,171.95240055603014
29,12,170.9393909153902
29,13,153.36699082554472
29,14,inf
29,15,inf
29,16,inf
29,17,166.64261553715068
29,21,149.34566460565284
29,22,27.21834367165759
29,23,56.80133006491875
29,24,165.9609417131718
29,29,0.0
29,30,131.79900796932662
29,31,154.04028666777353
29,32,inf
29,34,142.07227523123257
29,35,139.3847224714879
29,36,146.6999021083238
29,37,131.8895957499556
29,38,inf
29,41,3.58246060525972
29,42,6.435688102650028
29,43,39.267636610494776
29,44,42.11008566408651
29,45,31.890046183018455
29,46,16.784226393006538
29,47,56.855997943528436
29,48,88.56349366707644
29,49,11.170441677977468
29,50,4.910563704220751
30,0,150.6213470980136
30,1,151.39734235701724
30,2,135.19491861039336
30,3,140.6755871747338
30,4,74.99767790440787
30,5,151.96493886732839
30,6,160.75775507700158
30,7,146.89957519954694
30,8,185.46960638105227
30,9,168.83739850471295
30,11,190.14874839551925
30,12,189.1357387548793
30,13,30.394529420289206
30,14,inf
30,15,inf
30,16,inf
30,17,184.8389633766398
30,21,167.54201244514195
30,22,159.01735164098423
30,23,74.99767790440787
30,24,184.1572895526609
30,29,131.79900796932662
30,30,0.0
30,31,36.128191106767375
30,32,inf
30,34,160.26862307072167
30,35,157.581070310977
30,36,164.89624994781292
30,37,8.917134344700088
30,38,inf
30,41,135.38146857458634
30,42,138.23469607197666
30,43,149.50630941071438
30,44,152.34875846430612
30,45,163.68905415234508
30,46,148.58323436233317
30,47,188.65500591285505
30,48,220.36250163640307
30,49,142.9694496473041
30,50,136.70957167354737
31,0,172.8626257964605
31,1,173.63862105546414
31,2,157.43619730884026
31,3,162.9168658731807
31,4,97.23895660285478
31,5,174.20621756577532
31,6,182.99903377544848
31,7,169.14085389799385
31,8,207.71088507949918
31,9,191.07867720315988
31,11,212.39002709396618
31,12,211.37701745332623
31,13,5.733661686478165
31,14,inf
31,15,inf
31,16,inf
31,17,207.08024207508672
31,21,189.78329114358888
31,22,181.25863033943114
31,23,97.23895660285478
31,24,206.3985682511078
31,29,154.04028666777353
31,30,36.128191106767375
31,31,0.0
31,32,inf
31,34,182.5099017691686
31,35,179.82234900942393
31,36,187.13752864625985
31,37,27.211056762067283
31,38,inf
31,41,157.62274727303324
31,42,160.47597477042356
31,43,171.7475881091613
31,44,174.59003716275305
31,45,185.93033285079198
31,46,170.82451306078008
31,47,210.89628461130195
31,48,242.60378033485
31,49,165.210728345751
31,50,158.95085037199428
32,0,inf
32,1,inf
32,2,inf
32,3,inf
32,4,inf
32,5,inf
32,6,inf
32,7,inf
32,8,inf
32,9,inf
32,11,inf
32,12,inf
32,13,inf
32,14,inf
32,15,inf
32,16,inf
32,17,inf
32,21,inf
32,22,inf
32,23,inf
32,24,inf
32,29,inf
32,30,inf
32,31,inf
32,32,0.0
32,34,inf
32,35,inf
32,36,inf
32,37,inf
32,38,inf
32,41,inf
32,42,inf
32,43,inf
32,44,inf
32,45,inf
32,46,inf
32,47,inf
32,48,inf
32,49,inf
32,50,inf
34,0,160.89461435991953
34,1,161.67060961892318
34,2,145.4681858722993
34,3,150.94885443663975
34,4,85.27094516631382
34,5,162.23820612923436
34,6,171.03102233890752
34,7,157.1728424614529
34,8,195.74287364295822
34,9,14.266602542614805
34,11,200.42201565742522
34,12,199.40900601678527
34,13,181.8366059269398
34,14,inf
34,15,inf
34,16,inf
34,17,195.11223063854575
34,21,12.971216483043792
34,22,169.29061890289017
34,23,85.27094516631382
34,24,194.43055681456684
34,29,142.07227523123257
34,30,160.26862307072167
34,31,182.5099017691686
34,32,inf
34,34,0.0
34,35,3.010274348878853
34,36,10.32545398571477
34,37,160.35921085135067
34,38,inf
34,41,145.65473583649228
34,42,148.5079633338826
34,43,159.77957667262035
34,44,162.6220257262121
34,45,173.96232141425102
34,46,158.85650162423912
34,47,198.928273174761
34,48,230.63576889830904
34,49,153.24271690921003
34,50,146.98283893545332
35,0,158.20706160017485
35,1,158.9830568591785
35,2,142.78063311255463
35,3,148.26130167689507
35,4,82.58339240656913
35,5,159.55065336948968
35,6,168.34346957916284
35,7,154.4852897017082
35,8,193.05532088321354
35,9,11.256328193735953
35,11,197.73446289768054
35,12,196.72145325704057
35,13,179.1490531671951
35,14,inf
35,15,inf
35,16,inf
35,17,192.42467787880105
35,21,9.960942134164938
35,22,166.6030661431455
35,23,82.58339240656913
35,24,191.74300405482217
35,29,139.3847224714879
35,30,157.581070310977
35,31,179.82234900942393
35,32,inf
35,34,3.010274348878853
35,35,0.0
35,36,7.315179636835917
35,37,157.67165809160596
35,38,inf
35,41,142.9671830767476
35,42,145.82041057413792
35,43,157.09202391287567
35,44,159.9344729664674
35,45,171.27476865450635
35,46,156.16894886449444
35,47,196.2407204150163
35,48,227.94821613856436
35,49,150.55516414946536
35,50,144.29528617570864
36,0,165.52224123701077
36,1,166.29823649601443
36,2,150.09581274939055
36,3,155.576481313731
36,4,89.89857204340505
36,5,166.8658330063256
36,6,175.65864921599876
36,7,161.80046933854413
36,8,200.37050052004946
36,9,3.9411485569000355
36,11,205.04964253451647
36,12,204.0366328938765
36,13,186.464232804031
36,14,inf
36,15,inf
36,16,inf
36,17,199.73985751563697
36,21,2.6457624973290215
36,22,173.91824577998142
36,23,89.89857204340505
36,24,199.0581836916581
36,29,146.6999021083238
36,30,164.89624994781292
36,31,187.13752864625985
36,32,inf
36,34,10.32545398571477
36,35,7.315179636835917
36,36,0.0
36,37,164.98683772844188
36,38,inf
36,41,150.28236271358352
36,42,153.13559021097385
36,43,164.4072035497116
36,44,167.24965260330333
36,45,178.58994829134227
36,46,163.48412850133036
36,47,203.55590005185223
36,48,235.26339577540028
36,49,157.87034378630128
36,50,151.61046581254456
37,0,150.71193487864255
37,1,151.4879301376462
37,2,135.28550639102232
37,3,140.76617495536277
37,4,75.08826568503683
37,5,152.05552664795738
37,6,160.84834285763054
37,7,146.9901629801759
37,8,185.56019416168124
37,9,168.92798628534192
37,11,190.23933617614824
37,12,189.22632653550826
37,13,21.47739507558912
37,14,inf
37,15,inf
37,16,inf
37,17,184.92955115726875
37,21,167.63260022577091
37,22,159.1079394216132
37,23,75.08826568503683
37,24,184.24787733328986
37,29,131.8895957499556
37,30,8.917134344700088
37,31,27.211056762067283
37,32,inf
37,34,160.35921085135067
37,35,157.67165809160596
37,36,164.98683772844188
37,37,0.0
37,38,inf
37,41,135.4720563552153
37,42,138.32528385260562
37,43,149.59689719134337
37,44,152.4393462449351
37,45,163.77964193297404
37,46,148.67382214296214
37,47,188.745593693484
37,48,220.45308941703206
37,49,143.06003742793305
37,50,136.80015945417634
38,0,inf
38,1,inf
38,2,inf
38,3,inf
38,4,inf
38,5,inf
38,6,inf
38,7,inf
38,8,inf
38,9,inf
38,11,inf
38,12,inf
38,13,inf
38,14,inf
38,15,inf
38,16,inf
38,17,inf
38,21,inf
38,22,inf
38,23,inf
38,24,inf
38,29,inf
38,30,inf
38,31,inf
38,32,inf
38,34,inf
38,35,inf
38,36,inf
38,37,inf
38,38,0.0
38,41,inf
38,42,inf
38,43,inf
38,44,inf
38,45,inf
38,46,inf
38,47,inf
38,48,inf
38,49,inf
38,50,inf
41,0,22.40479973394666
41,1,23.180794992950332
41,2,6.978371246326459
41,3,12.459039810666894
41,4,60.38379067017847
41,5,137.351051633099
41,6,32.541207712934664
41,7,40.24336300458704
41,8,57.25305901698536
41,9,154.22351127048356
41,11,175.53486116128985
41,12,174.5218515206499
41,13,156.94945143080443
41,14,inf
41,15,inf
41,16,inf
41,17,170.2250761424104
41,21,152.92812521091255
41,22,30.800804276917308
41,23,60.38379067017847
41,24,169.5434023184315
41,29,3.58246060525972
41,30,135.38146857458634
41,31,157.62274727303324
41,32,inf
41,34,145.65473583649228
41,35,142.9671830767476
41,36,150.28236271358352
41,37,135.4720563552153
41,38,inf
41,41,0.0
41,42,10.018148707909749
41,43,42.850097215754495
41,44,45.69254626934623
41,45,35.472506788278174
41,46,20.366686998266257
41,47,53.27353733826872
41,48,92.14595427233617
41,49,9.666883776994887
41,50,3.40700580323817
42,0,25.25802723133697
42,1,26.03402249034064
42,2,3.0397774615832884
42,3,8.520446025923725
42,4,63.23701816756878
42,5,140.2042791304893
42,6,35.39443521032498
42,7,43.09659050197735
42,8,60.10628651437567
42,9,157.07673876787388
42,11,178.38808865868018
42,12,177.37507901804022
42,13,159.80267892819475
42,14,inf
42,15,inf
42,16,inf
42,17,173.0783036398007
42,21,155.78135270830288
42,22,33.65403177430762
42,23,63.23701816756878
42,24,172.39662981582183
42,29,6.435688102650028
42,30,138.23469607197666
42,31,160.47597477042356
42,32,inf
42,34,148.5079633338826
42,35,145.82041057413792
42,36,153.13559021097385
42,37,138.32528385260562
42,38,inf
42,41,10.018148707909749
42,42,0.0
42,43,45.70332471314481
42,44,48.545773766736545
42,45,38.32573428566848
42,46,23.219914495656568
42,47,63.29168604617847
42,48,94.99918176972648
42,49,17.606129780627498
42,50,11.346251806870779
43,0,24.521522953168642
43,1,19.669302222804166
43,2,42.66354725156151
43,3,48.14421581590195
43,4,74.50863150630653
43,5,151.47589246922706
43,6,29.029714942788505
43,7,2.6067342111674536
43,8,53.74156624683919
43,9,168.34835210661163
43,11,189.65970199741793
43,12,188.64669235677798
43,13,171.0742922669325
43,14,inf
43,15,inf
43,16,inf
43,17,184.34991697853846
43,21,167.05296604704063
43,22,27.289311506771146
43,23,74.50863150630653
43,24,183.66824315455955
43,29,39.267636610494776
43,30,149.50630941071438
43,31,171.7475881091613
43,32,inf
43,34,159.77957667262035
43,35,157.09202391287567
43,36,164.4072035497116
43,37,149.59689719134337
43,38,inf
43,41,42.850097215754495
43,42,45.70332471314481
43,43,0.0
43,44,2.8424490535917357
43,45,31.961014018132012
43,46,22.483410217488238
43,47,96.12363455402321
43,48,94.26267749155815
43,49,50.43807828847224
43,50,44.178200314715525
44,0,27.363972006760378
44,1,22.511751276395902
44,2,45.505996305153246
44,3,50.98666486949369
44,4,77.35108055989826
44,5,154.3183415228188
44,6,31.87216399638024
44,7,5.449183264759189
44,8,56.58401530043093
44,9,171.19080116020336
44,11,192.50215105100966
44,12,191.4891414103697
44,13,173.91674132052424
44,14,inf
44,15,inf
44,16,inf
44,17,187.1923660321302
44,21,169.89541510063236
44,22,30.13176056036288
44,23,77.35108055989826
44,24,186.51069220815128
44,29,42.11008566408651
44,30,152.34875846430612
44,31,174.59003716275305
44,32,inf
44,34,162.6220257262121
44,35,159.9344729664674
44,36,167.24965260330333
44,37,152.4393462449351
44,38,inf
44,41,45.69254626934623
44,42,48.545773766736545
44,43,2.8424490535917357
44,44,0.0
44,45,34.80346307172375
44,46,25.325859271079974
44,47,98.96608360761495
44,48,97.10512654514989
44,49,53.28052734206398
44,50,47.02064936830726
45,0,17.14393252569232
45,1,12.291711795327842
45,2,35.28595682408519
45,3,40.76662538842563
45,4,88.69137624793721
45,5,165.65863721085773
45,6,6.412105947378224
45,7,29.354279806964556
45,8,31.123957251428912
45,9,182.5310968482423
45,11,203.8424467390486
45,12,202.82943709840865
45,13,185.25703700856317
45,14,inf
45,15,inf
45,16,inf
45,17,198.53266172016913
45,21,181.2357107886713
45,22,4.671702511360865
45,23,88.69137624793721
45,24,197.85098789619025
45,29,31.890046183018455
45,30,163.68905415234508
45,31,185.93033285079198
45,32,inf
45,34,173.96232141425102
45,35,171.27476865450635
45,36,178.58994829134227
45,37,163.77964193297404
45,38,inf
45,41,35.472506788278174
45,42,38.32573428566848
45,43,31.961014018132012
45,44,34.80346307172375
45,45,0.0
45,46,15.105819790011916
45,47,88.70992129197836
45,48,86.88508706408183
45,49,43.06048786099592
45,50,36.800609887239204
46,0,2.038112735680404
46,1,2.8141079946840737
46,2,20.180137034073276
46,3,25.660805598413713
46,4,73.58555645792529
46,5,150.55281742084583
46,6,12.174520714668411
46,7,19.876676006320785
46,8,36.8863720187191
46,9,167.4252770582304
46,11,188.7366269490367
46,12,187.72361730839674
46,13,170.15121721855127
46,14,inf
46,15,inf
46,16,inf
46,17,183.42684193015722
46,21,166.1298909986594
46,22,10.434117278651051
46,23,73.58555645792529
46,24,182.74516810617834
46,29,16.784226393006538
46,30,148.58323436233317
46,31,170.82451306078008
46,32,inf
46,34,158.85650162423912
46,35,156.16894886449444
46,36,163.48412850133036
46,37,148.67382214296214
46,38,inf
46,41,20.366686998266257
46,42,23.219914495656568
46,43,22.483410217488238
46,44,25.325859271079974
46,45,15.105819790011916
46,46,0.0
46,47,73.64022433653497
46,48,71.77926727406991
46,49,27.954668070984006
46,50,21.69479009722729
47,0,75.67833707221537
47,1,76.45433233121905
47,2,60.25190858459518
47,3,65.7325771489356
47,4,113.6573280084472
47,5,190.6245889713677
47,6,82.29781534460014
47,7,93.51690034285576
47,8,107.00966664865082
47,9,207.49704860875227
47,11,228.80839849955856
47,12,227.7953888589186
47,13,210.22298876907314
47,14,inf
47,15,inf
47,16,inf
47,17,223.4986134806791
47,21,206.20166254918126
47,22,84.0382187806175
47,23,113.6573280084472
47,24,222.8169396567002
47,29,56.855997943528436
47,30,188.65500591285505
47,31,210.89628461130195
47,32,inf
47,34,198.928273174761
47,35,196.2407204150163
47,36,203.55590005185223
47,37,188.745593693484
47,38,inf
47,41,53.27353733826872
47,42,63.29168604617847
47,43,96.12363455402321
47,44,98.96608360761495
47,45,88.70992129197836
47,46,73.64022433653497
47,47,0.0
47,48,145.4194916106049
47,49,62.940421115263604
47,50,56.68054314150689
48,0,73.81738000975031
48,1,74.59337526875399
48,2,91.95940430814318
48,3,97.44007287248363
48,4,145.36482373199522
48,5,222.33208469491575
48,6,83.95378798873833
48,7,91.65594328039069
48,8,86.13020396177097
48,9,239.20454433230032
48,11,260.5158942231066
48,12,259.50288458246666
48,13,241.9304844926212
48,14,inf
48,15,inf
48,16,inf
48,17,255.20610920422712
48,21,237.90915827272931
48,22,82.21338455272095
48,23,145.36482373199522
48,24,254.52443538024824
48,29,88.56349366707644
48,30,220.36250163640307
48,31,242.60378033485
48,32,inf
48,34,230.63576889830904
48,35,227.94821613856436
48,36,235.26339577540028
48,37,220.45308941703206
48,38,inf
48,41,92.14595427233617
48,42,94.99918176972648
48,43,94.26267749155815
48,44,97.10512654514989
48,45,86.88508706408183
48,46,71.77926727406991
48,47,145.4194916106049
48,48,0.0
48,49,99.73393534505391
48,50,93.47405737129719
49,0,29.992780806664413
49,1,30.768776065668078
49,2,14.566352319044208
49,3,20.047020883384643
49,4,67.97177174289622
49,5,144.93903270581674
49,6,40.12918878565242
49,7,47.83134407730479
49,8,64.84104008970311
49,9,161.8114923432013
49,11,183.1228422340076
49,12,182.10983259336766
49,13,164.53743250352218
49,14,inf
49,15,inf
49,16,inf
49,17,177.81305721512814
49,21,160.5161062836303
49,22,38.38878534963506
49,23,67.97177174289622
49,24,177.13138339114926
49,29,11.170441677977468
49,30,142.9694496473041
49,31,165.210728345751
49,32,inf
49,34,153.24271690921003
49,35,150.55516414946536
49,36,157.87034378630128
49,37,143.06003742793305
49,38,inf
49,41,9.666883776994887
49,42,17.606129780627498
49,43,50.43807828847224
49,44,53.28052734206398
49,45,43.06048786099592
49,46,27.954668070984006
49,47,62.940421115263604
49,48,99.73393534505391
49,49,0.0
49,50,6.259877973756717
50,0,23.732902832907694
50,1,24.508898091911362
50,2,8.30647434528749
50,3,13.787142909627926
50,4,61.7118937691395
50,5,138.67915473206003
50,6,33.8693108118957
50,7,41.571466103548076
50,8,58.58116211594639
50,9,155.5516143694446
50,11,176.8629642602509
50,12,175.84995461961094
50,13,158.27755452976547
50,14,inf
50,15,inf
50,16,inf
50,17,171.55317924137142
50,21,154.2562283098736
50,22,32.12890737587834
50,23,61.7118937691395
50,24,170.87150541739254
50,29,4.910563704220751
50,30,136.70957167354737
50,31,158.95085037199428
50,32,inf
50,34,146.98283893545332
50,35,144.29528617570864
50,36,151.61046581254456
50,37,136.80015945417634
50,38,inf
50,41,3.40700580323817
50,42,11.346251806870779
50,43,44.178200314715525
50,44,47.02064936830726
50,45,36.800609887239204
50,46,21.69479009722729
50,47,56.68054314150689
50,48,93.47405737129719
50,49,6.259877973756717
50,50,0.0
