source_id,target_id,rtt
0,0,0.0
0,1,4.658090464934016
0,2,12.397073748922304
0,3,7.079063116847002
0,4,69.96371742781955
0,5,23.656717346500166
0,6,13.358037652608386
0,7,20.205075477866778
0,8,32.99768012805213
0,9,42.70716267340337
0,11,83.19711233182045
0,12,79.42991410687615
0,13,57.927487458225706
0,14,61.2090411709043
0,15,64.32136889675424
0,16,66.00006355346274
0,17,75.61971645980675
0,21,43.91776529229987
0,22,11.892692188823073
0,23,69.96371742781955
0,24,81.59875879391099
0,29,15.600931253944287
0,30,51.75865395851267
0,31,63.607335161409274
0,32,62.77074707493602
0,34,47.65897617497471
0,35,47.78486241543177
0,36,45.01797064968249
0,37,60.29919422143436
0,38,50.998620834141654
0,41,18.308674854448103
0,42,13.724334031455157
0,43,19.75922215011594
0,44,17.014605657272103
0,45,8.396362856603387
0,46,2.038112735680404
0,47,69.96371742781955
0,48,69.96371742781955
0,49,22.764951310692407
0,50,20.510932889556276
1,0,4.658090464934016
1,1,0.0
1,2,13.876819563701979
1,3,9.530222732797688
1,4,73.2174519838945
1,5,19.812072786519195
1,6,9.24106781691577
1,7,17.062568011636714
1,8,28.652082071327907
1,9,38.56186551472764
1,11,78.80775220112774
1,12,75.00848122768622
1,13,53.879865723593596
1,14,57.11447254063359
1,15,60.16138686745856
1,16,61.80096736783424
1,17,71.26853996016902
1,21,39.745472134756156
1,22,7.6200092839669775
1,23,73.2174519838945
1,24,77.38834645767616
1,29,17.270606053192584
1,30,48.85650321890626
1,31,59.51898231072737
1,32,59.295349922193076
1,34,43.848982079356425
1,35,44.17601719267176
1,36,40.97829706491832
1,37,57.569350110171214
1,38,48.59654642290239
1,41,20.461451816110532
1,42,14.215279703582778
1,43,16.167005607856733
1,44,13.334467456481384
1,45,3.738904917494044
1,46,2.8141079946840737
1,47,73.2174519838945
1,48,73.2174519838945
1,49,23.038864352415377
1,50,22.059890523657717
2,0,12.397073748922304
2,1,13.876819563701979
2,2,0.0
2,3,5.480668564340436
2,4,60.038530694674584
2,5,21.975324348850584
2,6,22.442453689779278
2,7,16.69275927536796
2,8,32.75026583982293
2,9,40.53584688361573
2,11,81.23865248545398
2,12,77.8140733216706
2,13,54.55357514091895
2,14,57.96976845263521
2,15,61.344159809502415
2,16,63.199408150188454
2,17,73.55261744777411
2,21,41.82951009247634
2,22,20.70328159073759
2,23,60.038530694674584
2,24,78.4685650311542
2,29,3.3959106410667395
2,30,44.36551303569695
2,31,60.26009714591142
2,32,56.83163505751101
2,34,43.58985591779744
2,35,42.88630331438599
2,36,42.15770552231366
2,37,52.18847880510959
2,38,42.34574755864085
2,41,6.774917213995187
2,42,3.0397774615832884
2,43,17.941981074047018
2,44,16.364589470872488
2,45,16.032310190834092
2,46,13.469782302717404
2,47,60.038530694674584
2,48,60.038530694674584
2,49,10.838193351953887
2,50,8.226061433731692
3,0,7.079063116847002
3,1,9.530222732797688
3,2,5.480668564340436
3,3,0.0
3,4,63.68751118585405
3,5,22.903600372974694
3,6,18.677316621441605
3,7,18.23374382048683
3,8,33.32967483459133
3,9,42.08766146420155
3,11,82.994156615599
3,12,79.40584497931415
3,13,56.75766241791512
3,14,60.14018769135945
3,15,63.4248329118938
3,16,65.2163583722539
3,17,75.31538696027283
3,21,43.36057334985734
3,22,16.98917173514136
3,23,63.68751118585405
3,24,80.70678441970678
3,29,8.545317143041508
3,30,48.18316215271708
3,31,62.49131556527436
3,32,60.12635577744094
3,34,46.00036299693349
3,35,45.6460035648699
3,36,44.02966365181553
3,37,56.33556984087899
3,38,46.660157871956386
3,41,11.266125880259008
3,42,7.489243686806674
3,43,18.73997165728404
3,44,16.499257643323464
3,45,12.49080588176744
3,46,8.43966723031368
3,47,63.68751118585405
3,48,63.68751118585405
3,49,16.232037733648696
3,50,13.448766754706208
4,0,69.96371742781955
4,1,73.2174519838945
4,2,60.038530694674584
4,3,63.68751118585405
4,4,0.0
4,5,76.96726096292053
4,6,82.29781534460014
4,7,71.90189729513908
4,8,86.13020396177097
4,9,88.00043930039796
4,11,115.1510704911114
4,12,114.13806085047143
4,13,93.67501290975339
4,14,96.173403794536
4,15,99.08511437202633
4,16,100.81009939629674
4,17,109.84128547223193
4,21,89.01397587750154
4,22,80.57833384375174
4,23,0.0
4,24,109.15961164825303
4,29,56.80133006491875
4,30,74.99767790440787
4,31,97.23895660285478
4,32,86.27725399480137
4,34,85.27094516631382
4,35,82.58339240656913
4,36,87.47419390005544
4,37,75.08826568503683
4,38,69.12417249890655
4,41,53.27353733826872
4,42,61.08513646326263
4,43,74.29908264366331
4,44,74.19411500302867
4,45,75.94855576058575
4,46,71.77926727406991
4,47,0.0
4,48,0.0
4,49,55.53120228588495
4,50,52.790653896268694
5,0,23.656717346500166
5,1,19.812072786519195
5,2,21.975324348850584
5,3,22.903600372974694
5,4,76.96726096292053
5,5,0.0
5,6,19.01068400721756
5,7,5.4982729320786925
5,8,10.791249034542062
5,9,19.25756844704448
5,11,60.12818246369258
5,12,56.51036064758698
5,13,34.30091672120353
5,14,37.61353180021501
5,15,40.792684090522656
5,16,42.525435902602965
5,17,52.46269430405948
5,21,20.51341495788352
5,22,18.26279494464506
5,23,76.96726096292053
5,24,58.103298085038304
5,29,23.812713719482964
5,30,30.107761128852967
5,31,40.00297488618152
5,32,39.58060437957854
5,34,24.04605908178104
5,35,24.406271788982327
5,36,21.40778513682954
5,37,39.01570313851152
5,38,31.13243958846657
5,41,27.07224624384162
5,42,19.322037542402327
5,43,4.164506345064175
5,44,6.665555160576092
5,45,17.07795054517262
5,46,22.40944725041061
5,47,76.96726096292053
5,48,76.96726096292053
5,49,21.642830098220976
5,50,25.878832523085922
6,0,13.358037652608386
6,1,9.24106781691577
6,2,22.442453689779278
6,3,18.677316621441605
6,4,82.29781534460014
6,5,19.01068400721756
6,6,0.0
6,7,18.912050888901284
6,8,24.711851304050686
6,9,35.13500158574531
6,11,73.51496908278459
6,12,69.5891021390626
6,13,50.42873367673992
6,14,53.4133782089897
6,15,56.14007422465639
6,16,57.588709648463606
6,17,66.24250802302717
6,21,36.157254500075084
6,22,1.7404034360173593
6,23,82.29781534460014
6,24,72.91889052944995
6,29,25.800440984910523
6,30,49.08531049524872
6,31,55.798406063126585
6,32,57.665227563908424
6,34,41.54075512766682
6,35,42.53264872680125
6,36,37.90645268131239
6,37,58.00086482991377
6,38,50.047049499658385
6,41,29.196496500441945
6,42,22.049286611865956
6,43,16.87881337765554
6,44,14.43979661353066
6,45,6.411756216619237
6,46,11.324770586784513
6,47,82.29781534460014
6,48,82.29781534460014
6,49,30.06774278737803
6,50,30.3414217576707
7,0,20.205075477866778
7,1,17.062568011636714
7,2,16.69275927536796
7,3,18.23374382048683
7,4,71.90189729513908
7,5,5.4982729320786925
7,6,18.912050888901284
7,7,0.0
7,8,16.231148085198488
7,9,23.971058783637798
7,11,64.84576876052449
7,12,61.3223450265436
7,13,38.52756848803639
7,14,41.907067722477606
7,15,45.1931665713703
7,16,46.99118762686692
7,17,57.157895207421184
7,21,25.25740567029142
7,22,17.730071341437462
7,23,71.90189729513908
7,24,62.47323485186141
7,29,18.363157939553705
7,30,31.79402924515898
7,31,44.26095858046702
7,32,42.57962119021654
7,34,27.8376333749576
7,35,27.697075005136217
7,36,25.80978636756959
7,37,40.52743929533271
7,38,31.762251217091016
7,41,21.585192601507035
7,42,13.93558548786267
7,43,2.6067342111674536
7,44,4.472366105561273
7,45,15.184618562970874
7,46,19.32386554346586
7,47,71.90189729513908
7,48,71.90189729513908
7,49,16.399926425852975
7,50,20.395925587535075
8,0,32.99768012805213
8,1,28.652082071327907
8,2,32.75026583982293
8,3,33.32967483459133
8,4,86.13020396177097
8,5,10.791249034542062
8,6,24.711851304050686
8,7,16.231148085198488
8,8,0.0
8,9,10.429259027139853
8,11,50.20034429656969
8,12,46.45016345741057
8,13,25.739359808492015
8,14,28.796839321184777
8,15,31.674263758792364
8,16,33.24170002301499
8,17,42.627485997065534
8,21,11.449767186412483
8,22,24.681743081646783
8,23,86.13020396177097
8,24,48.7889306539463
8,29,34.589776442169835
8,30,27.492540180998564
8,31,31.196638018075724
8,32,33.4647427021192
8,34,17.253724190971607
8,35,18.835650054681413
8,36,13.263264392340378
8,37,36.04334782558636
8,38,30.570766221239797
8,41,37.80537769167243
8,42,30.11312418335854
8,43,14.825635383976604
8,44,16.831280680412995
8,45,25.279578613137538
8,46,31.435649412917655
8,47,86.13020396177097
8,48,86.13020396177097
8,49,31.711660307036226
8,50,36.43580085784675
9,0,42.70716267340337
9,1,38.56186551472764
9,2,40.53584688361573
9,3,42.08766146420155
9,4,88.00043930039796
9,5,19.25756844704448
9,6,35.13500158574531
9,7,23.971058783637798
9,8,10.429259027139853
9,9,0.0
9,11,40.906833246712935
9,12,37.35258276320457
9,13,15.393021016582246
9,14,18.561641764995276
9,15,21.61504580753299
9,16,23.302175780113206
9,17,33.22820355426877
9,21,1.295386059571014
9,22,35.0635026762695
9,23,88.00043930039796
9,24,38.89886811468099
9,29,41.74909749516547
9,30,20.032931840569102
9,31,20.967775897036688
9,32,23.38388646647534
9,34,7.55517952731912
9,35,9.971790546467725
9,36,2.99962519272235
9,37,27.660991461223198
9,38,24.553325765113552
9,41,44.56481597237256
9,42,37.63870444260942
9,43,23.390676841973313
9,44,25.885707772202714
9,45,35.36307537462917
9,46,41.28937818315359
9,47,88.00043930039796
9,48,88.00043930039796
9,49,36.95199965297261
9,50,42.551797129901395
11,0,83.19711233182045
11,1,78.80775220112774
11,2,81.23865248545398
11,3,82.994156615599
11,4,115.1510704911114
11,5,60.12818246369258
11,6,73.51496908278459
11,7,64.84576876052449
11,8,50.20034429656969
11,9,40.906833246712935
11,11,0.0
11,12,3.9939131164314032
11,13,26.933710914962102
11,14,23.53576497607188
11,15,20.083637587484024
11,16,18.165772071507806
11,17,7.690048897254544
11,21,39.633841999042055
11,22,73.95282717130019
11,23,115.1510704911114
11,24,6.29451113280341
11,29,82.10420399489892
11,30,42.71700048305097
11,31,21.433914023123894
11,32,29.69866581864539
11,34,37.95992898997583
11,35,39.290290925743456
11,36,39.08981317115681
11,37,40.38750527508272
11,38,48.009798730573294
11,41,84.55959498476066
11,42,78.27024828063018
11,43,64.27934214021803
11,44,66.69826672728047
11,45,75.32720949128799
11,46,81.60663951251072
11,47,115.1510704911114
11,48,115.1510704911114
11,49,75.97680267718637
11,50,82.07239356870654
12,0,79.42991410687615
12,1,75.00848122768622
12,2,77.8140733216706
12,3,79.40584497931415
12,4,114.13806085047143
12,5,56.51036064758698
12,6,69.5891021390626
12,7,61.3223450265436
12,8,46.45016345741057
12,9,37.35258276320457
12,11,3.9939131164314032
12,12,0.0
12,13,23.89063063935858
12,14,20.558727636134996
12,15,17.10868148705018
12,16,15.164401878248697
12,17,4.611953708748342
12,21,36.06917851551159
12,22,70.05007551941104
12,23,114.13806085047143
12,24,7.668090576407978
12,29,78.79532251382263
12,30,40.5750450227022
12,31,18.632119953783583
12,32,28.024351807642486
12,34,34.83435868944452
12,35,36.3615602821968
12,36,35.6669619481873
12,37,39.069083615125926
12,38,46.07132364682874
12,41,81.34731651423901
12,42,74.87009699464555
12,43,60.67022893870952
12,44,63.04180758421626
12,45,71.50110143884224
12,46,77.81280522574593
12,47,114.13806085047143
12,48,114.13806085047143
12,49,72.92514849266414
12,50,78.95479703318743
13,0,57.927487458225706
13,1,53.879865723593596
13,2,54.55357514091895
13,3,56.75766241791512
13,4,93.67501290975339
13,5,34.30091672120353
13,6,50.42873367673992
13,7,38.52756848803639
13,8,25.739359808492015
13,9,15.393021016582246
13,11,26.933710914962102
13,12,23.89063063935858
13,13,0.0
13,14,3.420070860657299
13,15,6.851292238610846
13,16,8.77138498073254
13,17,19.368687306122084
13,21,14.295940785337601
13,22,50.41977380350677
13,23,93.67501290975339
13,24,23.95982823349978
13,29,55.24844975027845
13,30,18.73253342274474
13,31,5.733661686478165
13,32,11.828405445505691
13,34,11.036350244002042
13,35,12.492202781623373
13,36,12.910837353698652
13,37,21.47739507558912
13,38,24.64542391418789
13,41,57.6371610056263
13,42,51.54899003347463
13,43,38.333481710299864
13,44,40.966280420839496
13,45,50.73693081725872
13,46,56.578632545397696
13,47,93.67501290975339
13,48,93.67501290975339
13,49,49.06448836035958
13,50,55.140818787947104
14,0,61.2090411709043
14,1,57.11447254063359
14,2,57.96976845263521
14,3,60.14018769135945
14,4,96.173403794536
14,5,37.61353180021501
14,6,53.4133782089897
14,7,41.907067722477606
14,8,28.796839321184777
14,9,18.561641764995276
14,11,23.53576497607188
14,12,20.558727636134996
14,13,3.420070860657299
14,14,0.0
14,15,3.458908362190637
14,16,5.39829906459395
14,17,16.007047359420284
14,21,17.41088071966866
14,22,53.46497283978884
14,23,96.173403794536
14,24,20.567250049963075
14,29,58.66786450930545
14,30,21.19189548951378
14,31,2.4062953967201657
14,32,12.084202372565342
14,34,14.4522400934337
14,35,15.805010383735658
14,36,16.205759164086505
14,37,22.745664928016925
14,38,27.049315999979214
14,41,61.04821536791393
14,42,54.96659577805805
14,43,41.668501916696904
14,44,44.278273319273914
14,45,53.9224796885871
14,46,59.830048999736604
14,47,96.173403794536
14,48,96.173403794536
14,49,52.44640018840114
14,50,58.53690450638848
15,0,64.32136889675424
15,1,60.16138686745856
15,2,61.344159809502415
15,3,63.4248329118938
15,4,99.08511437202633
15,5,40.792684090522656
15,6,56.14007422465639
15,7,45.1931665713703
15,8,31.674263758792364
15,9,21.61504580753299
15,11,20.083637587484024
15,12,17.10868148705018
15,13,6.851292238610846
15,14,3.458908362190637
15,15,0.0
15,16,1.9444278473239047
15,17,12.549400579316442
15,21,20.416850660146135
15,22,56.266451403972624
15,23,99.08511437202633
15,24,17.311877434120397
15,29,62.084168313652675
15,30,24.232468077330715
15,31,1.8690895576125188
15,32,13.785374421012088
15,34,17.885207349562513
15,35,19.26119513208477
15,36,19.412547128965322
15,37,24.926968126239714
15,38,30.01844233410065
15,41,64.48761798431933
15,42,58.348250292696854
15,43,44.87802879811339
15,44,47.449739977478814
15,45,56.904877385013236
15,46,62.89878297207535
15,47,99.08511437202633
15,48,99.08511437202633
15,49,55.903434035419934
15,50,61.98912874207911
16,0,66.00006355346274
16,1,61.80096736783424
16,2,63.199408150188454
16,3,65.2163583722539
16,4,100.81009939629674
16,5,42.525435902602965
16,6,57.588709648463606
16,7,46.99118762686692
16,8,33.24170002301499
16,9,23.302175780113206
16,11,18.165772071507806
16,12,15.164401878248697
16,13,8.77138498073254
16,14,5.39829906459395
16,15,1.9444278473239047
16,16,0.0
16,17,10.609035392346765
16,21,22.082605167112465
16,22,57.75946883279528
16,23,100.81009939629674
16,24,15.59877696514255
16,29,63.97210560911665
16,30,26.052136545370132
16,31,3.622050716778267
16,32,15.131306080193086
16,34,19.79443137657923
16,35,21.203049776928264
16,36,21.187337876804886
16,37,26.386284494537637
16,38,31.80266314994526
16,41,66.3961166409612
16,42,60.20934862856791
16,43,46.627188871689064
16,44,49.17367283954786
16,45,58.50659830077074
16,46,64.55061634768039
16,47,100.81009939629674
16,48,100.81009939629674
16,49,57.83373770812014
16,50,63.911892243934886
17,0,75.61971645980675
17,1,71.26853996016902
17,2,73.55261744777411
17,3,75.31538696027283
17,4,109.84128547223193
17,5,52.46269430405948
17,6,66.24250802302717
17,7,57.157895207421184
17,8,42.627485997065534
17,9,33.22820355426877
17,11,7.690048897254544
17,12,4.611953708748342
17,13,19.368687306122084
17,14,16.007047359420284
17,15,12.549400579316442
17,16,10.609035392346765
17,17,0.0
17,21,31.95844269660833
17,22,66.60905658101348
17,23,109.84128547223193
17,24,7.583468605906772
17,29,74.443305571424
17,30,35.99226471976718
17,31,14.034371368788156
17,32,23.601781258509913
17,34,30.36014078976691
17,35,31.810474319248012
17,36,31.40068139553786
17,37,34.7558415339105
17,38,41.52484115444995
17,41,76.93442144055393
17,42,70.58747406321645
17,43,56.60969767091417
17,44,59.047442554784695
17,45,67.82706411303354
17,46,74.05918217384685
17,47,109.84128547223193
17,48,109.84128547223193
17,49,68.43147222518483
17,50,74.49177651532035
21,0,43.91776529229987
21,1,39.745472134756156
21,2,41.82951009247634
21,3,43.36057334985734
21,4,89.01397587750154
21,5,20.51341495788352
21,6,36.157254500075084
21,7,25.25740567029142
21,8,11.449767186412483
21,9,1.295386059571014
21,11,39.633841999042055
21,12,36.06917851551159
21,13,14.295940785337601
21,14,17.41088071966866
21,15,20.416850660146135
21,16,22.082605167112465
21,17,31.95844269660833
21,21,0.0
21,22,36.12534035045363
21,23,89.01397587750154
21,24,37.681375978360116
21,29,43.0438987343659
21,30,20.15701132199684
21,31,19.8166973045374
21,32,22.718823396443025
21,34,7.287803159149703
21,35,9.945937771963601
21,36,2.6457624973290215
21,37,27.513227112806884
21,38,24.89229162875056
21,41,45.855535063284606
21,42,38.933625889247985
21,43,24.653339280854144
21,44,27.130165666901867
21,45,36.516547964073325
21,46,42.48217686504581
21,47,89.01397587750154
21,48,89.01397587750154
21,49,38.21441062134011
21,50,43.83218939770328
22,0,11.892692188823073
22,1,7.6200092839669775
22,2,20.70328159073759
22,3,16.98917173514136
22,4,80.57833384375174
22,5,18.26279494464506
22,6,1.7404034360173593
22,7,17.730071341437462
22,8,24.681743081646783
22,9,35.0635026762695
22,11,73.95282717130019
22,12,70.05007551941104
22,13,50.41977380350677
22,14,53.46497283978884
22,15,56.266451403972624
22,16,57.75946883279528
22,17,66.60905658101348
22,21,36.12534035045363
22,22,0.0
22,23,80.57833384375174
22,24,73.1736441692305
22,29,24.060237079081187
22,30,48.36970373906811
22,31,55.85996678257495
22,32,57.31218087833989
22,34,41.26861523833106
22,35,42.13490865282567
22,36,37.773663300520624
22,37,57.274573142274036
22,38,49.12921354886322
22,41,27.45914056231999
22,42,20.318707858681428
22,43,15.830360970861394
22,44,13.270072106407527
22,45,4.671702511360865
22,46,9.854740021008956
22,47,80.57833384375174
22,48,80.57833384375174
22,49,28.393741291098365
22,50,28.60373255871874
23,0,69.96371742781955
23,1,73.2174519838945
23,2,60.038530694674584
23,3,63.68751118585405
23,4,0.0
23,5,76.96726096292053
23,6,82.29781534460014
23,7,71.90189729513908
23,8,86.13020396177097
23,9,88.00043930039796
23,11,115.1510704911114
23,12,114.13806085047143
23,13,93.67501290975339
23,14,96.173403794536
23,15,99.08511437202633
23,16,100.81009939629674
23,17,109.84128547223193
23,21,89.01397587750154
23,22,80.57833384375174
23,23,0.0
23,24,109.15961164825303
23,29,56.80133006491875
23,30,74.99767790440787
23,31,97.23895660285478
23,32,86.27725399480137
23,34,85.27094516631382
23,35,82.58339240656913
23,36,87.47419390005544
23,37,75.08826568503683
23,38,69.12417249890655
23,41,53.27353733826872
23,42,61.08513646326263
23,43,74.29908264366331
23,44,74.19411500302867
23,45,75.94855576058575
23,46,71.77926727406991
23,47,0.0
23,48,0.0
23,49,55.53120228588495
23,50,52.790653896268694
24,0,81.59875879391099
24,1,77.38834645767616
24,2,78.4685650311542
24,3,80.70678441970678
24,4,109.15961164825303
24,5,58.103298085038304
24,6,72.91889052944995
24,7,62.47323485186141
24,8,48.7889306539463
24,9,38.89886811468099
24,11,6.29451113280341
24,12,7.668090576407978
24,13,23.95982823349978
24,14,20.567250049963075
24,15,17.311877434120397
24,16,15.59877696514255
24,17,7.583468605906772
24,21,37.681375978360116
24,22,73.1736441692305
24,23,109.15961164825303
24,24,0.0
24,29,79.02933296257781
24,30,37.934379149788924
24,31,18.229918305415296
24,32,24.559501606841238
24,34,34.87881777166571
24,35,35.78016432917291
24,36,36.721253990961365
24,37,34.789568124232304
24,38,42.940625006761046
24,41,81.24403214499283
24,42,75.45185058262486
24,43,62.1896330765915
24,44,64.75823605342032
24,45,74.0675891262791
24,46,80.14330653328135
24,47,109.15961164825303
24,48,109.15961164825303
24,49,72.36850901252802
24,50,78.56484840031621
29,0,15.600931253944287
29,1,17.270606053192584
29,2,3.3959106410667395
29,3,8.545317143041508
29,4,56.80133006491875
29,5,23.812713719482964
29,6,25.800440984910523
29,7,18.363157939553705
29,8,34.589776442169835
29,9,41.74909749516547
29,11,82.10420399489892
29,12,78.79532251382263
29,13,55.24844975027845
29,14,58.66786450930545
29,15,62.084168313652675
29,16,63.97210560911665
29,17,74.443305571424
29,21,43.0438987343659
29,22,24.060237079081187
29,23,56.80133006491875
29,24,79.02933296257781
29,29,0.0
29,30,43.89420430607286
29,31,60.9054157950059
29,32,56.721025870912705
29,34,44.22081432018126
29,35,43.27554727541271
29,36,43.15766017533089
29,37,51.366164192669686
29,38,41.41797643698503
29,41,3.58246060525972
29,42,4.634162281820296
29,43,19.958568241818067
29,44,18.737260127649048
29,45,19.388710439324203
29,46,16.784226393006538
29,47,56.80133006491875
29,48,56.80133006491875
29,49,8.758574813281395
29,50,4.910563704220751
30,0,51.75865395851267
30,1,48.85650321890626
30,2,44.36551303569695
30,3,48.18316215271708
30,4,74.99767790440787
30,5,30.107761128852967
30,6,49.08531049524872
30,7,31.79402924515898
30,8,27.492540180998564
30,9,20.032931840569102
30,11,42.71700048305097
30,12,40.5750450227022
30,13,18.73253342274474
30,14,21.19189548951378
30,15,24.232468077330715
30,16,26.052136545370132
30,17,35.99226471976718
30,21,20.15701132199684
30,22,48.36970373906811
30,23,74.99767790440787
30,24,37.934379149788924
30,29,43.89420430607286
30,30,0.0
30,31,22.432733942078716
30,32,13.53726988390452
30,34,13.212264442824107
30,35,10.276205426207781
30,36,17.55681815358257
30,37,8.917134344700088
30,38,5.916019455539224
30,41,45.3148390049508
30,42,41.39354679482194
30,43,32.94920690598618
30,44,35.76652102969493
30,45,46.766338285078476
30,46,51.057651785550675
30,47,74.99767790440787
30,48,74.99767790440787
30,49,35.992890518353036
30,50,42.230558080992665
31,0,63.607335161409274
31,1,59.51898231072737
31,2,60.26009714591142
31,3,62.49131556527436
31,4,97.23895660285478
31,5,40.00297488618152
31,6,55.798406063126585
31,7,44.26095858046702
31,8,31.196638018075724
31,9,20.967775897036688
31,11,21.433914023123894
31,12,18.632119953783583
31,13,5.733661686478165
31,14,2.4062953967201657
31,15,1.8690895576125188
31,16,3.622050716778267
31,17,14.034371368788156
31,21,19.8166973045374
31,22,55.85996678257495
31,23,97.23895660285478
31,24,18.229918305415296
31,29,60.9054157950059
31,30,22.432733942078716
31,31,0.0
31,32,11.967561288235729
31,34,16.689516297833713
31,35,17.85863212977949
31,36,18.596751687349347
31,37,23.069935352288493
31,38,28.19542500903096
31,41,63.236924937885014
31,42,57.25023291464954
31,43,44.04996159491539
31,44,46.668294722491474
31,45,56.32877427659195
31,46,62.2329703104055
31,47,97.23895660285478
31,48,97.23895660285478
31,49,54.557924347407955
31,50,60.679783478388934
32,0,62.77074707493602
32,1,59.295349922193076
32,2,56.83163505751101
32,3,60.12635577744094
32,4,86.27725399480137
32,5,39.58060437957854
32,6,57.665227563908424
32,7,42.57962119021654
32,8,33.4647427021192
32,9,23.38388646647534
32,11,29.69866581864539
32,12,28.024351807642486
32,13,11.828405445505691
32,14,12.084202372565342
32,15,13.785374421012088
32,16,15.131306080193086
32,17,23.601781258509913
32,21,22.718823396443025
32,22,57.31218087833989
32,23,86.27725399480137
32,24,24.559501606841238
32,29,56.721025870912705
32,30,13.53726988390452
32,31,11.967561288235729
32,32,0.0
32,34,16.22181321059323
32,35,15.202893301425952
32,36,20.39252002093767
32,37,11.31865063184285
32,38,18.38515633651289
32,41,58.41598686220433
32,42,53.80426877945442
32,43,43.13695301703788
32,44,45.96217872178662
32,45,56.655129910416605
32,46,61.76765676048242
32,47,86.27725399480137
32,48,86.27725399480137
32,49,49.182344338809166
32,50,55.441783438550914
34,0,47.65897617497471
34,1,43.848982079356425
34,2,43.58985591779744
34,3,46.00036299693349
34,4,85.27094516631382
34,5,24.04605908178104
34,6,41.54075512766682
34,7,27.8376333749576
34,8,17.253724190971607
34,9,7.55517952731912
34,11,37.95992898997583
34,12,34.83435868944452
34,13,11.036350244002042
34,14,14.4522400934337
34,15,17.885207349562513
34,16,19.79443137657923
34,17,30.36014078976691
34,21,7.287803159149703
34,22,41.26861523833106
34,23,85.27094516631382
34,24,34.87881777166571
34,29,44.22081432018126
34,30,13.212264442824107
34,31,16.689516297833713
34,32,16.22181321059323
34,34,0.0
34,35,3.010274348878853
34,36,4.653749803928581
34,37,20.229686916604187
34,38,18.429802651546918
34,41,46.60281410269956
34,42,40.573483310308454
34,43,27.908664555006247
34,44,30.647935446565874
34,45,40.955013303750384
34,46,46.45461512784374
34,47,85.27094516631382
34,48,85.27094516631382
34,49,38.09206260523872
34,50,44.1318021726623
35,0,47.78486241543177
35,1,44.17601719267176
35,2,42.88630331438599
35,3,45.6460035648699
35,4,82.58339240656913
35,5,24.406271788982327
35,6,42.53264872680125
35,7,27.697075005136217
35,8,18.835650054681413
35,9,9.971790546467725
35,11,39.290290925743456
35,12,36.3615602821968
35,13,12.492202781623373
35,14,15.805010383735658
35,15,19.26119513208477
35,16,21.203049776928264
35,17,31.810474319248012
35,21,9.945937771963601
35,22,42.13490865282567
35,23,82.58339240656913
35,24,35.78016432917291
35,29,43.27554727541271
35,30,10.276205426207781
35,31,17.85863212977949
35,32,15.202893301425952
35,34,3.010274348878853
35,35,0.0
35,36,7.315179636835917
35,37,17.70954374197004
35,38,15.419951654629761
35,41,45.46893610444154
35,42,39.85014061098064
35,43,28.057715837096172
35,44,30.861979653751405
35,45,41.46878858015913
35,46,46.69831836073649
35,47,82.58339240656913
35,48,82.58339240656913
35,49,36.70456898148407
35,50,42.84651156373253
36,0,45.01797064968249
36,1,40.97829706491832
36,2,42.15770552231366
36,3,44.02966365181553
36,4,87.47419390005544
36,5,21.40778513682954
36,6,37.90645268131239
36,7,25.80978636756959
36,8,13.263264392340378
36,9,2.99962519272235
36,11,39.08981317115681
36,12,35.6669619481873
36,13,12.910837353698652
36,14,16.205759164086505
36,15,19.412547128965322
36,16,21.187337876804886
36,17,31.40068139553786
36,21,2.6457624973290215
36,22,37.773663300520624
36,23,87.47419390005544
36,24,36.721253990961365
36,29,43.15766017533089
36,30,17.55681815358257
36,31,18.596751687349347
36,32,20.39252002093767
36,34,4.653749803928581
36,35,7.315179636835917
36,36,0.0
36,37,24.870494117377135
36,38,22.410085839620585
36,41,45.820068034994605
36,42,39.20464902532599
36,43,25.47156942685376
36,44,28.07255202310342
36,45,37.875210506820764
36,46,43.670234799619
36,47,87.47419390005544
36,48,87.47419390005544
36,49,37.83008277467336
36,50,43.62510962494151
37,0,60.29919422143436
37,1,57.569350110171214
37,2,52.18847880510959
37,3,56.33556984087899
37,4,75.08826568503683
37,5,39.01570313851152
37,6,58.00086482991377
37,7,40.52743929533271
37,8,36.04334782558636
37,9,27.660991461223198
37,11,40.38750527508272
37,12,39.069083615125926
37,13,21.47739507558912
37,14,22.745664928016925
37,15,24.926968126239714
37,16,26.386284494537637
37,17,34.7558415339105
37,21,27.513227112806884
37,22,57.274573142274036
37,23,75.08826568503683
37,24,34.789568124232304
37,29,51.366164192669686
37,30,8.917134344700088
37,31,23.069935352288493
37,32,11.31865063184285
37,34,20.229686916604187
37,35,17.70954374197004
37,36,24.870494117377135
37,37,0.0
37,38,9.996769163149207
37,41,52.38983432501851
37,42,49.29401929051602
37,43,41.78349226100331
37,44,44.58591144153404
37,45,55.58740366787184
37,46,59.69294547767112
37,47,75.08826568503683
37,48,75.08826568503683
37,49,43.04368928633252
37,50,49.14518825429891
38,0,50.998620834141654
38,1,48.59654642290239
38,2,42.34574755864085
38,3,46.660157871956386
38,4,69.12417249890655
38,5,31.13243958846657
38,6,50.047049499658385
38,7,31.762251217091016
38,8,30.570766221239797
38,9,24.553325765113552
38,11,48.009798730573294
38,12,46.07132364682874
38,13,24.64542391418789
38,14,27.049315999979214
38,15,30.01844233410065
38,16,31.80266314994526
38,17,41.52484115444995
38,21,24.89229162875056
38,22,49.12921354886322
38,23,69.12417249890655
38,24,42.940625006761046
38,29,41.41797643698503
38,30,5.916019455539224
38,31,28.19542500903096
38,32,18.38515633651289
38,34,18.429802651546918
38,35,15.419951654629761
38,36,22.410085839620585
38,37,9.996769163149207
38,38,0.0
38,41,42.39465322446091
38,42,39.4956240029062
38,43,33.33903059195425
38,44,36.043273245801345
38,45,46.946736531958
38,46,50.54853665221855
38,47,69.12417249890655
38,48,69.12417249890655
38,49,33.05143418637799
38,50,39.1486668180109
41,0,18.308674854448103
41,1,20.461451816110532
41,2,6.774917213995187
41,3,11.266125880259008
41,4,53.27353733826872
41,5,27.07224624384162
41,6,29.196496500441945
41,7,21.585192601507035
41,8,37.80537769167243
41,9,44.56481597237256
41,11,84.55959498476066
41,12,81.34731651423901
41,13,57.6371610056263
41,14,61.04821536791393
41,15,64.48761798431933
41,16,66.3961166409612
41,17,76.93442144055393
41,21,45.855535063284606
41,22,27.45914056231999
41,23,53.27353733826872
41,24,81.24403214499283
41,29,3.58246060525972
41,30,45.3148390049508
41,31,63.236924937885014
41,32,58.41598686220433
41,34,46.60281410269956
41,35,45.46893610444154
41,36,45.820068034994605
41,37,52.38983432501851
41,38,42.39465322446091
41,41,0.0
41,42,8.162572719943732
41,43,23.319005934062034
41,44,22.227138016291082
41,45,22.791339756930025
41,46,19.69458281551489
41,47,53.27353733826872
41,48,53.27353733826872
41,49,9.356983398904447
41,50,3.40700580323817
42,0,13.724334031455157
42,1,14.215279703582778
42,2,3.0397774615832884
42,3,7.489243686806674
42,4,61.08513646326263
42,5,19.322037542402327
42,6,22.049286611865956
42,7,13.93558548786267
42,8,30.11312418335854
42,9,37.63870444260942
42,11,78.27024828063018
42,12,74.87009699464555
42,13,51.54899003347463
42,14,54.96659577805805
42,15,58.348250292696854
42,16,60.20934862856791
42,17,70.58747406321645
42,21,38.933625889247985
42,22,20.318707858681428
42,23,61.08513646326263
42,24,75.45185058262486
42,29,4.634162281820296
42,30,41.39354679482194
42,31,57.25023291464954
42,32,53.80426877945442
42,34,40.573483310308454
42,35,39.85014061098064
42,36,39.20464902532599
42,37,49.29401929051602
42,38,39.4956240029062
42,41,8.162572719943732
42,42,0.0
42,43,15.392793300359545
42,44,14.103934862593647
42,45,15.70093512738212
42,46,14.410183063731656
42,47,61.08513646326263
42,48,61.08513646326263
42,49,9.048076820161924
42,50,8.379050262757655
43,0,19.75922215011594
43,1,16.167005607856733
43,2,17.941981074047018
43,3,18.73997165728404
43,4,74.29908264366331
43,5,4.164506345064175
43,6,16.87881337765554
43,7,2.6067342111674536
43,8,14.825635383976604
43,9,23.390676841973313
43,11,64.27934214021803
43,12,60.67022893870952
43,13,38.333481710299864
43,14,41.668501916696904
43,15,44.87802879811339
43,16,46.627188871689064
43,17,56.60969767091417
43,21,24.653339280854144
43,22,15.830360970861394
43,23,74.29908264366331
43,24,62.1896330765915
43,29,19.958568241818067
43,30,32.94920690598618
43,31,44.04996159491539
43,32,43.13695301703788
43,34,27.908664555006247
43,35,28.057715837096172
43,36,25.47156942685376
43,37,41.78349226100331
43,38,33.33903059195425
43,41,23.319005934062034
43,42,15.392793300359545
43,43,0.0
43,44,2.8424490535917357
43,45,13.818662258486127
43,46,18.642404254629206
43,47,74.29908264366331
43,48,74.29908264366331
43,49,18.76792287396375
43,50,22.402844138127595
44,0,17.014605657272103
44,1,13.334467456481384
44,2,16.364589470872488
44,3,16.499257643323464
44,4,74.19411500302867
44,5,6.665555160576092
44,6,14.43979661353066
44,7,4.472366105561273
44,8,16.831280680412995
44,9,25.885707772202714
44,11,66.69826672728047
44,12,63.04180758421626
44,13,40.966280420839496
44,14,44.278273319273914
44,15,47.449739977478814
44,16,49.17367283954786
44,17,59.047442554784695
44,21,27.130165666901867
44,22,13.270072106407527
44,23,74.19411500302867
44,24,64.75823605342032
44,29,18.737260127649048
44,30,35.76652102969493
44,31,46.668294722491474
44,32,45.96217872178662
44,34,30.647935446565874
44,35,30.861979653751405
44,36,28.07255202310342
44,37,44.58591144153404
44,38,36.043273245801345
44,41,22.227138016291082
44,42,14.103934862593647
44,43,2.8424490535917357
44,44,0.0
44,45,11.002158214642673
44,46,15.839458497480758
44,47,74.19411500302867
44,48,74.19411500302867
44,49,18.839026859859207
44,50,21.72061242788107
45,0,8.396362856603387
45,1,3.738904917494044
45,2,16.032310190834092
45,3,12.49080588176744
45,4,75.94855576058575
45,5,17.07795054517262
45,6,6.411756216619237
45,7,15.184618562970874
45,8,25.279578613137538
45,9,35.36307537462917
45,11,75.32720949128799
45,12,71.50110143884224
45,13,50.73693081725872
45,14,53.9224796885871
45,15,56.904877385013236
45,16,58.50659830077074
45,17,67.82706411303354
45,21,36.516547964073325
45,22,4.671702511360865
45,23,75.94855576058575
45,24,74.0675891262791
45,29,19.388710439324203
45,30,46.766338285078476
45,31,56.32877427659195
45,32,56.655129910416605
45,34,40.955013303750384
45,35,41.46878858015913
45,36,37.875210506820764
45,37,55.58740366787184
45,38,46.946736531958
45,41,22.791339756930025
45,42,15.70093512738212
45,43,13.818662258486127
45,44,11.002158214642673
45,45,0.0
45,46,6.496606555680885
45,47,75.94855576058575
45,48,75.94855576058575
45,49,23.981438091614226
45,50,23.950080270822877
46,0,2.038112735680404
46,1,2.8141079946840737
46,2,13.469782302717404
46,3,8.43966723031368
46,4,71.77926727406991
46,5,22.40944725041061
46,6,11.324770586784513
46,7,19.32386554346586
46,8,31.435649412917655
46,9,41.28937818315359
46,11,81.60663951251072
46,12,77.81280522574593
46,13,56.578632545397696
46,14,59.830048999736604
46,15,62.89878297207535
46,16,64.55061634768039
46,17,74.05918217384685
46,21,42.48217686504581
46,22,9.854740021008956
46,23,71.77926727406991
46,24,80.14330653328135
46,29,16.784226393006538
46,30,51.057651785550675
46,31,62.2329703104055
46,32,61.76765676048242
46,34,46.45461512784374
46,35,46.69831836073649
46,36,43.670234799619
46,37,59.69294547767112
46,38,50.54853665221855
46,41,19.69458281551489
46,42,14.410183063731656
46,43,18.642404254629206
46,44,15.839458497480758
46,45,6.496606555680885
46,46,0.0
46,47,71.77926727406991
46,48,71.77926727406991
46,49,23.43765748567355
46,50,21.680515955894183
47,0,69.96371742781955
47,1,73.2174519838945
47,2,60.038530694674584
47,3,63.68751118585405
47,4,0.0
47,5,76.96726096292053
47,6,82.29781534460014
47,7,71.90189729513908
47,8,86.13020396177097
47,9,88.00043930039796
47,11,115.1510704911114
47,12,114.13806085047143
47,13,93.67501290975339
47,14,96.173403794536
47,15,99.08511437202633
47,16,100.81009939629674
47,17,109.84128547223193
47,21,89.01397587750154
47,22,80.57833384375174
47,23,0.0
47,24,109.15961164825303
47,29,56.80133006491875
47,30,74.99767790440787
47,31,97.23895660285478
47,32,86.27725399480137
47,34,85.27094516631382
47,35,82.58339240656913
47,36,87.47419390005544
47,37,75.08826568503683
47,38,69.12417249890655
47,41,53.27353733826872
47,42,61.08513646326263
47,43,74.29908264366331
47,44,74.19411500302867
47,45,75.94855576058575
47,46,71.77926727406991
47,47,0.0
47,48,0.0
47,49,55.53120228588495
47,50,52.790653896268694
48,0,69.96371742781955
48,1,73.2174519838945
48,2,60.038530694674584
48,3,63.68751118585405
48,4,0.0
48,5,76.96726096292053
48,6,82.29781534460014
48,7,71.90189729513908
48,8,86.13020396177097
48,9,88.00043930039796
48,11,115.1510704911114
48,12,114.13806085047143
48,13,93.67501290975339
48,14,96.173403794536
48,15,99.08511437202633
48,16,100.81009939629674
48,17,109.84128547223193
48,21,89.01397587750154
48,22,80.57833384375174
48,23,0.0
48,24,109.15961164825303
48,29,56.80133006491875
48,30,74.99767790440787
48,31,97.23895660285478
48,32,86.27725399480137
48,34,85.27094516631382
48,35,82.58339240656913
48,36,87.47419390005544
48,37,75.08826568503683
48,38,69.12417249890655
48,41,53.27353733826872
48,42,61.08513646326263
48,43,74.29908264366331
48,44,74.19411500302867
48,45,75.94855576058575
48,46,71.77926727406991
48,47,0.0
48,48,0.0
48,49,55.53120228588495
48,50,52.790653896268694
49,0,22.764951310692407
49,1,23.038864352415377
49,2,10.838193351953887
49,3,16.232037733648696
49,4,55.53120228588495
49,5,21.642830098220976
49,6,30.06774278737803
49,7,16.399926425852975
49,8,31.711660307036226
49,9,36.95199965297261
49,11,75.97680267718637
49,12,72.92514849266414
49,13,49.06448836035958
49,14,52.44640018840114
49,15,55.903434035419934
49,16,57.83373770812014
49,17,68.43147222518483
49,21,38.21441062134011
49,22,28.393741291098365
49,23,55.53120228588495
49,24,72.36850901252802
49,29,8.758574813281395
49,30,35.992890518353036
49,31,54.557924347407955
49,32,49.182344338809166
49,34,38.09206260523872
49,35,36.70456898148407
49,36,37.83008277467336
49,37,43.04368928633252
49,38,33.05143418637799
49,41,9.356983398904447
49,42,9.048076820161924
49,43,18.76792287396375
49,44,18.839026859859207
49,45,23.981438091614226
49,46,23.43765748567355
49,47,55.53120228588495
49,48,55.53120228588495
49,49,0.0
49,50,6.259877973756717
50,0,20.510932889556276
50,1,22.059890523657717
50,2,8.226061433731692
50,3,13.448766754706208
50,4,52.790653896268694
50,5,25.878832523085922
50,6,30.3414217576707
50,7,20.395925587535075
50,8,36.43580085784675
50,9,42.551797129901395
50,11,82.07239356870654
50,12,78.95479703318743
50,13,55.140818787947104
50,14,58.53690450638848
50,15,61.98912874207911
50,16,63.911892243934886
50,17,74.49177651532035
50,21,43.83218939770328
50,22,28.60373255871874
50,23,52.790653896268694
50,24,78.56484840031621
50,29,4.910563704220751
50,30,42.230558080992665
50,31,60.679783478388934
50,32,55.441783438550914
50,34,44.1318021726623
50,35,42.84651156373253
50,36,43.62510962494151
50,37,49.14518825429891
50,38,39.1486668180109
50,41,3.40700580323817
50,42,8.379050262757655
50,43,22.402844138127595
50,44,21.72061242788107
50,45,23.950080270822877
50,46,21.680515955894183
50,47,52.790653896268694
50,48,52.790653896268694
50,49,6.259877973756717
50,50,0.0
