source_id,target_id,rtt
0,0,0.0
0,1,5.962363364100509
0,2,1.5666916957601087
0,3,112.62924883433108
0,4,15.231765099272149
0,5,15.292360349651013
0,6,12.360182183846252
0,7,15.645436417488783
0,8,14.17265464020249
0,9,14.211773835036167
0,10,25.66038982166591
0,11,25.802820227380675
0,12,27.906173341331897
0,13,23.75111580284094
0,14,112.62924883433108
0,15,15.543183602382097
0,16,23.733326537751502
0,17,14.324296919585443
0,18,11.716144777875972
0,19,6.933357366730535
0,20,11.326283031331057
0,21,10.702623738188798
0,22,14.324296919585443
0,23,19.79399003632789
0,24,25.114122244024326
0,25,15.283600888001972
0,27,8.96429795944249
0,28,15.403835715774491
0,29,9.755122368480466
0,30,8.388262319536063
0,31,5.965810270081437
0,32,9.059694217210714
0,33,10.320271467406133
0,34,7.149041903821051
0,35,7.442971235534863
1,0,5.962363364100509
1,1,0.0
1,2,5.979454590017492
1,3,118.53028853968753
1,4,10.2337461307245
1,5,9.901498895859413
1,6,8.858932401509943
1,7,11.282959060285465
1,8,9.263490853845122
1,9,9.345286916198834
1,10,31.58119883848832
1,11,31.72348294893221
1,12,33.75261705743835
1,13,29.711918692521994
1,14,118.53028853968753
1,15,11.149406707472716
1,16,29.694258628051777
1,17,20.25402317889679
1,18,16.09310533403842
1,19,7.818561767729558
1,20,9.55114867811096
1,21,8.147377909630467
1,22,20.25402317889679
1,23,25.483588600214446
1,24,30.394283110908116
1,25,19.334368383062912
1,27,14.834479360781739
1,28,9.54613353679928
1,29,4.770380409149208
1,30,6.497616904426445
1,31,6.232655449687823
1,32,13.885705591070527
1,33,15.87578720936101
1,34,13.023877859290643
1,35,13.402872077860247
2,0,1.5666916957601087
2,1,5.979454590017492
2,2,0.0
2,3,113.03207103225486
2,4,15.822548103695404
2,5,15.722084813219464
2,6,13.320790847387176
2,7,16.440918444259037
2,8,13.35943838093612
2,9,13.383704609035133
2,10,26.090763869628464
2,11,26.2331747635705
2,12,28.459230013926447
2,13,24.026466284311713
2,14,113.03207103225486
2,15,16.32889609459553
2,16,24.007069282026603
2,17,14.78057199743279
2,18,10.667633250256875
2,19,5.390392785938224
2,20,9.934756363936776
2,21,9.443802589407117
2,22,14.78057199743279
2,23,19.504215529404235
2,24,24.5265384263804
2,25,14.159961084871734
2,27,8.934219719910821
2,28,15.063200277698847
2,29,10.272412374834564
2,30,9.536775942978576
2,31,7.319377466509703
2,32,10.34935511539874
2,33,11.260188362865158
2,34,7.828196057789726
2,35,7.844175110261514
3,0,112.62924883433108
3,1,118.53028853968753
3,2,113.03207103225486
3,3,0.0
3,4,125.01562137588152
3,5,125.99030925751008
3,6,120.39016228736334
3,7,123.80224370239047
3,8,125.9877801719542
3,9,125.97151471419514
3,10,86.97058353331731
3,11,86.82811696301498
3,12,84.79778102893631
3,13,89.03515973392707
3,14,0.0
3,15,123.81602739391046
3,16,89.0557294640363
3,17,98.30718808596514
3,18,106.62721025592869
3,19,115.36336766149226
3,20,119.84879643941284
3,21,120.61371778389751
3,22,98.30718808596514
3,23,95.06139831514633
3,24,92.84033596810751
3,25,105.44139374139844
3,27,104.25475105053775
3,28,128.0328104337794
3,29,121.0261073268251
3,30,116.90061913867144
3,31,114.49861169706776
3,32,105.42064884432347
3,33,102.82800595882941
3,34,105.50848367794771
3,35,105.22540498872748
4,0,15.231765099272149
4,1,10.2337461307245
4,2,15.822548103695404
4,3,125.01562137588152
4,4,0.0
4,5,1.670887562990133
4,6,4.668737034842127
4,7,2.335039095734328
4,8,13.17024201324303
4,9,13.32425550910892
4,10,39.18592823263363
4,11,39.323700264586044
4,12,40.835064666485465
4,13,37.86026618695163
4,14,125.01562137588152
4,15,2.196032674871001
4,16,37.84774589444753
4,17,28.28110260354249
4,18,26.29117300700989
4,19,17.84469370714731
4,20,17.940980311157116
4,21,16.216885349042755
4,22,28.28110260354249
4,23,34.96582716671987
4,24,40.32074829174331
4,25,29.56764511421637
4,27,24.039783128780588
4,28,9.099576019900237
4,29,5.557885642025623
4,30,8.304161052690217
4,31,11.027224448386965
4,32,19.9249015615587
4,33,22.94433114028849
4,34,21.220989182240583
4,35,22.050493739154135
5,0,15.292360349651013
5,1,9.901498895859413
5,2,15.722084813219464
5,3,125.99030925751008
5,4,1.670887562990133
5,5,0.0
5,6,5.9494299223702365
5,7,4.002233242855231
5,8,11.740458177587646
5,9,11.895542887184414
5,10,39.817735145786685
5,11,39.956902615415515
5,12,41.57450341052877
5,13,38.36958350230405
5,14,125.99030925751008
5,15,3.865477619079865
5,16,38.35583673942216
5,17,28.773929025493086
5,18,25.984360504018845
5,19,17.239085130177674
5,20,16.907950611411128
5,21,15.171811690243729
5,22,28.773929025493086
5,23,35.086189110369624
5,24,40.243762115046295
5,25,29.159289692673344
5,27,24.212955213487096
5,28,7.4973554210283915
5,29,5.5511388906784545
5,30,9.0971566388137
5,31,11.649288253396698
5,32,20.685051357764156
5,33,23.57748163244538
5,34,21.61753290327291
5,35,22.35522727373371
6,0,12.360182183846252
6,1,8.858932401509943
6,2,13.320790847387176
6,3,120.39016228736334
6,4,4.668737034842127
6,5,5.9494299223702365
6,6,0.0
6,7,3.6827163808182912
6,8,15.032066867617436
6,9,15.172636053189336
6,10,34.91649147029236
6,11,35.05210574654655
6,12,36.43312697056543
6,13,33.76569241245898
6,14,120.39016228736334
6,15,3.63930533679337
6,16,33.755047980425246
6,17,24.26050456880083
6,18,23.98635113674956
6,19,16.61768572806639
6,20,18.05367786495479
6,21,16.45483506672322
6,22,24.26050456880083
6,23,31.5730280347634
6,24,37.305375140702715
6,25,27.469863349515848
6,27,20.65904222031952
6,28,12.065808575073177
6,29,4.605651623736325
6,30,4.253293396440308
6,31,7.124352236059899
6,32,15.577101727400718
6,33,18.74827734413588
6,34,17.44336042772572
6,35,18.435602257760333
7,0,15.645436417488783
7,1,11.282959060285465
7,2,16.440918444259037
7,3,123.80224370239047
7,4,2.335039095734328
7,5,4.002233242855231
7,6,3.6827163808182912
7,7,0.0
7,8,15.328653848615541
7,9,15.48105368711362
7,10,38.58933911951697
7,11,38.72460764740807
7,12,40.073377041551616
7,13,37.44809951279998
7,14,123.80224370239047
7,15,0.15669562758622738
7,16,37.43741315977194
7,17,27.937193035810175
7,18,27.07085978667867
7,19,19.07335990207353
7,20,19.66636198270559
7,21,17.968328299037623
7,22,27.937193035810175
7,23,35.120385918339565
7,24,40.72863696748166
7,25,30.461931092194973
7,27,24.184950199300577
7,28,11.406651479135181
7,29,6.522388257533409
7,30,7.882672123939983
7,31,10.74593761861382
7,32,19.24673135455995
7,33,22.430750551260534
7,34,21.074253380479757
7,35,22.027542632076038
8,0,14.17265464020249
8,1,9.263490853845122
8,2,13.35943838093612
8,3,125.9877801719542
8,4,13.17024201324303
8,5,11.740458177587646
8,6,15.032066867617436
8,7,15.328653848615541
8,8,0.0
8,9,0.1554064168639204
8,10,39.28368031965886
8,11,39.425444360812676
8,12,41.75965394004122
8,13,37.01662496002768
8,14,125.9877801719542
8,15,15.172784577656898
8,16,36.994771403021794
8,17,28.05833886018582
8,18,20.001618354395653
8,19,10.726489880243285
8,20,7.216994893936539
8,21,5.827048902492176
8,22,28.05833886018582
8,23,31.19698423465994
8,24,34.721985710110104
8,25,22.18325137241431
8,27,21.798004630735814
8,28,4.89401535818615
8,29,10.663988393986614
8,30,14.803170317319964
8,31,15.372788370205674
8,32,22.934738386909522
8,33,24.492711693445596
8,34,21.182993350766143
8,35,21.154324940143127
9,0,14.211773835036167
9,1,9.345286916198834
9,2,13.383704609035133
9,3,125.97151471419514
9,4,13.32425550910892
9,5,11.895542887184414
9,6,15.172636053189336
9,7,15.48105368711362
9,8,0.1554064168639204
9,9,0.0
9,10,39.28701614088386
9,11,39.42871868556034
9,12,41.77103761468218
9,13,37.010428198936964
9,14,125.97151471419514
9,15,15.325152438004034
9,16,36.98847964063542
9,17,28.069565050612916
9,18,19.945830299780674
9,19,10.689601081519854
9,20,7.121579588592995
9,21,5.753022391878221
9,22,28.069565050612916
9,23,31.159726504725874
9,24,34.65798154825951
9,25,22.107610556589055
9,27,21.794947023401566
9,28,5.040688391312144
9,29,10.796065042983802
9,30,14.919230552966797
9,31,15.467479306165945
9,32,22.992640062796095
9,33,24.530940508387676
9,34,21.20941081337959
9,35,21.17011924103033
10,0,25.66038982166591
10,1,31.58119883848832
10,2,26.090763869628464
10,3,86.97058353331731
10,4,39.18592823263363
10,5,39.817735145786685
10,6,34.91649147029236
10,7,38.58933911951697
10,8,39.28368031965886
10,9,39.28701614088386
10,10,0.0
10,11,0.14248449481961364
10,12,3.162205236108615
10,13,3.1642343896570178
10,14,86.97058353331731
10,15,38.55370728732463
10,16,3.194841289313291
10,17,11.336692509835263
10,18,21.97401409082337
10,19,29.05562645270331
10,20,33.98591733532265
10,21,34.359605991530174
10,22,11.336692509835263
10,23,11.92838112731893
10,24,16.13719228658761
10,25,22.732340160289944
10,27,17.527493847163694
10,28,41.06270238383408
10,29,34.47576091693856
10,30,30.889057016952368
10,31,28.18348591028979
10,32,19.34325860535254
10,33,16.246651050296173
10,34,18.56151428379539
10,35,18.26080857169146
11,0,25.802820227380675
11,1,31.72348294893221
11,2,26.2331747635705
11,3,86.82811696301498
11,4,39.323700264586044
11,5,39.956902615415515
11,6,35.05210574654655
11,7,38.72460764740807
11,8,39.425444360812676
11,9,39.42871868556034
11,10,0.14248449481961364
11,11,0.0
11,12,3.0639462196638463
11,13,3.260250913255123
11,14,86.82811696301498
11,15,38.68916272494856
11,16,3.2908637278483686
11,17,11.479149278444435
11,18,22.102038705180583
11,19,29.195253034626433
11,20,34.124245088473515
11,21,34.49952335991073
11,22,11.479149278444435
11,23,12.025922493876049
11,24,16.188835752014867
11,25,22.848593685931807
11,27,17.66831199678352
11,28,41.2051565725859
11,29,34.61611643290661
11,30,31.02644539302085
11,31,28.322071130534514
11,32,19.47828592430787
11,33,16.38512904984725
11,34,18.703680185472187
11,35,18.40328575521096
12,0,27.906173341331897
12,1,33.75261705743835
12,2,28.459230013926447
12,3,84.79778102893631
12,4,40.835064666485465
12,5,41.57450341052877
12,6,36.43312697056543
12,7,40.073377041551616
12,8,41.75965394004122
12,9,41.77103761468218
12,10,3.162205236108615
12,11,3.0639462196638463
12,12,0.0
12,13,6.324093839752982
12,14,84.79778102893631
12,15,40.04938127518949
12,16,6.35470794329617
12,17,13.70147257624713
12,18,24.978783858148905
12,19,31.724815809181987
12,20,36.71412701589284
12,21,37.00337632067301
12,22,13.70147257624713
12,23,15.089627418407408
12,24,19.077556859817605
12,25,25.851775699587133
12,27,20.150777736957384
12,28,43.28607673416027
12,29,36.35563088523128
12,30,32.536890093788685
12,31,29.93032605795417
12,32,20.91086593955498
12,33,18.06941617577942
12,34,20.75831014382712
12,35,20.619371375375472
13,0,23.75111580284094
13,1,29.711918692521994
13,2,24.026466284311713
13,3,89.03515973392707
13,4,37.86026618695163
13,5,38.36958350230405
13,6,33.76569241245898
13,7,37.44809951279998
13,8,37.01662496002768
13,9,37.010428198936964
13,10,3.1642343896570178
13,11,3.260250913255123
13,12,6.324093839752982
13,13,0.0
13,14,89.03515973392707
13,15,37.400027646118765
13,16,0.03061446941266811
13,17,9.596018477249249
13,18,19.086694745626044
13,19,26.5941413995814
13,20,31.430454448955125
13,21,31.907718387016928
13,22,9.596018477249249
13,23,8.765686713021232
13,24,13.216560371063332
13,25,19.663787117787827
13,27,15.227235324957512
13,28,39.08288083661349
13,29,32.92290693508569
13,30,29.626926614803136
13,31,26.83649954673775
13,32,18.346614864614715
13,33,15.031047576916903
13,34,16.8146843264424
13,35,16.309055773610435
14,0,112.62924883433108
14,1,118.53028853968753
14,2,113.03207103225486
14,3,0.0
14,4,125.01562137588152
14,5,125.99030925751008
14,6,120.39016228736334
14,7,123.80224370239047
14,8,125.9877801719542
14,9,125.97151471419514
14,10,86.97058353331731
14,11,86.82811696301498
14,12,84.79778102893631
14,13,89.03515973392707
14,14,0.0
14,15,123.81602739391046
14,16,89.0557294640363
14,17,98.30718808596514
14,18,106.62721025592869
14,19,115.36336766149226
14,20,119.84879643941284
14,21,120.61371778389751
14,22,98.30718808596514
14,23,95.06139831514633
14,24,92.84033596810751
14,25,105.44139374139844
14,27,104.25475105053775
14,28,128.0328104337794
14,29,121.0261073268251
14,30,116.90061913867144
14,31,114.49861169706776
14,32,105.42064884432347
14,33,102.82800595882941
14,34,105.50848367794771
14,35,105.22540498872748
15,0,15.543183602382097
15,1,11.149406707472716
15,2,16.32889609459553
15,3,123.81602739391046
15,4,2.196032674871001
15,5,3.865477619079865
15,6,3.63930533679337
15,7,0.15669562758622738
15,8,15.172784577656898
15,9,15.325152438004034
15,10,38.55370728732463
15,11,38.68916272494856
15,12,40.04938127518949
15,13,37.400027646118765
15,14,123.81602739391046
15,15,0.0
15,16,37.389220236896
15,17,27.883127172730624
15,18,26.95405270623391
15,19,18.93608328782773
15,20,19.514028366311955
15,21,17.8152908853907
15,22,27.883127172730624
15,23,35.037367034750766
15,24,40.632231754843005
15,25,30.340310856967147
15,27,24.10044574599375
15,28,11.258301623760648
15,29,6.38617271879143
15,30,7.819209018417158
15,31,10.678759325053228
15,32,19.212340615218384
15,33,22.386327689117934
15,34,21.00593869980518
15,35,21.952130559665083
16,0,23.733326537751502
16,1,29.694258628051777
16,2,24.007069282026603
16,3,89.0557294640363
16,4,37.84774589444753
16,5,38.35583673942216
16,6,33.755047980425246
16,7,37.43741315977194
16,8,36.994771403021794
16,9,36.98847964063542
16,10,3.194841289313291
16,11,3.2908637278483686
16,12,6.35470794329617
16,13,0.03061446941266811
16,14,89.0557294640363
16,15,37.389220236896
16,16,0.0
16,17,9.582092531678795
16,18,19.05888114580273
16,19,26.570564096690024
16,20,31.405811282723686
16,21,31.88411146456902
16,22,9.582092531678795
16,23,8.735075258827562
16,24,13.189139828445741
16,25,19.63406938562519
16,27,15.205965770327218
16,28,39.063844543348
16,29,32.90829963798222
16,30,29.61536231245384
16,31,26.824236841026003
16,32,18.338642164311725
16,33,15.021355068840286
16,34,16.79916206778315
16,35,16.291422897559393
17,0,14.324296919585443
17,1,20.25402317889679
17,2,14.78057199743279
17,3,98.30718808596514
17,4,28.28110260354249
17,5,28.773929025493086
17,6,24.26050456880083
17,7,27.937193035810175
17,8,28.05833886018582
17,9,28.069565050612916
17,10,11.336692509835263
17,11,11.479149278444435
17,12,13.70147257624713
17,13,9.596018477249249
17,14,98.30718808596514
17,15,27.883127172730624
17,16,9.582092531678795
17,17,0.0
17,18,12.938096758300642
17,19,18.15347780144149
17,20,23.206857302570103
17,21,23.381220386512595
17,22,0.0
17,23,9.467968989912421
17,24,16.188436240532056
17,25,15.144463074446293
17,27,6.64826494978273
17,28,29.72601476514245
17,29,23.330724868807422
17,30,20.081905594419975
17,31,17.267692378758316
17,32,9.173645431740958
17,33,5.7240569231153575
17,34,7.256746938128607
17,35,6.937346902582958
18,0,11.716144777875972
18,1,16.09310533403842
18,2,10.667633250256875
18,3,106.62721025592869
18,4,26.29117300700989
18,5,25.984360504018845
18,6,23.98635113674956
18,7,27.07085978667867
18,8,20.001618354395653
18,9,19.945830299780674
18,10,21.97401409082337
18,11,22.102038705180583
18,12,24.978783858148905
18,13,19.086694745626044
18,14,106.62721025592869
18,15,26.95405270623391
18,16,19.05888114580273
18,17,12.938096758300642
18,18,0.0
18,19,9.448176714814267
18,20,13.270225233790459
18,21,14.251268995048516
18,22,12.938096758300642
18,23,11.609877544360785
18,24,14.789132073356335
18,25,3.6336910833204548
18,27,7.320621744988065
18,28,23.485746967592274
18,29,20.745660609266086
18,30,20.103234093997152
18,31,17.60490156732489
18,32,15.7003819012434
18,33,13.926114995822664
18,34,10.830219000666713
18,35,9.47288862163149
19,0,6.933357366730535
19,1,7.818561767729558
19,2,5.390392785938224
19,3,115.36336766149226
19,4,17.84469370714731
19,5,17.239085130177674
19,6,16.61768572806639
19,7,19.07335990207353
19,8,10.726489880243285
19,9,10.689601081519854
19,10,29.05562645270331
19,11,29.195253034626433
19,12,31.724815809181987
19,13,26.5941413995814
19,14,115.36336766149226
19,15,18.93608328782773
19,16,26.570564096690024
19,17,18.15347780144149
19,18,9.448176714814267
19,19,0.0
19,20,5.0868893032795865
19,21,5.313733960965285
19,22,18.15347780144149
19,23,20.47053674646135
19,24,24.236640509746643
19,25,12.14537970333708
19,27,11.575593070023826
19,28,14.041001947997355
19,29,12.551447211756171
19,30,13.590847649134863
19,31,12.01987887578122
19,32,15.507376622224095
19,33,15.831554918272724
19,34,12.12618816822741
19,35,11.618518983871732
20,0,11.326283031331057
20,1,9.55114867811096
20,2,9.934756363936776
20,3,119.84879643941284
20,4,17.940980311157116
20,5,16.907950611411128
20,6,18.05367786495479
20,7,19.66636198270559
20,8,7.216994893936539
20,9,7.121579588592995
20,10,33.98591733532265
20,11,34.124245088473515
20,12,36.71412701589284
20,13,31.430454448955125
20,14,119.84879643941284
20,15,19.514028366311955
20,16,31.405811282723686
20,17,23.206857302570103
20,18,13.270225233790459
20,19,5.0868893032795865
20,20,0.0
20,21,1.738027953605544
20,22,23.206857302570103
20,23,24.787836684186214
20,24,27.76653055235771
20,25,15.0976819385691
20,27,16.59396024544199
20,28,11.657124341574967
20,29,13.503198537748
20,30,16.036776437070323
20,31,15.250335879056879
20,32,20.27831652184954
20,33,20.85289093027796
20,34,17.174581916829542
20,35,16.703535823756372
21,0,10.702623738188798
21,1,8.147377909630467
21,2,9.443802589407117
21,3,120.61371778389751
21,4,16.216885349042755
21,5,15.171811690243729
21,6,16.45483506672322
21,7,17.968328299037623
21,8,5.827048902492176
21,9,5.753022391878221
21,10,34.359605991530174
21,11,34.49952335991073
21,12,37.00337632067301
21,13,31.907718387016928
21,14,120.61371778389751
21,15,17.8152908853907
21,16,31.88411146456902
21,17,23.381220386512595
21,18,14.251268995048516
21,19,5.313733960965285
21,20,1.738027953605544
21,21,0.0
21,22,23.381220386512595
21,23,25.6131805757419
21,24,28.91800792059377
21,25,16.356239094187018
21,27,16.855113441623825
21,28,10.036740931119487
21,29,11.877364550660781
21,30,14.64236614940621
21,31,14.074662670913236
21,32,19.754043612395318
21,33,20.614538394216037
21,34,17.0158600387036
21,35,16.688081428768925
22,0,14.324296919585443
22,1,20.25402317889679
22,2,14.78057199743279
22,3,98.30718808596514
22,4,28.28110260354249
22,5,28.773929025493086
22,6,24.26050456880083
22,7,27.937193035810175
22,8,28.05833886018582
22,9,28.069565050612916
22,10,11.336692509835263
22,11,11.479149278444435
22,12,13.70147257624713
22,13,9.596018477249249
22,14,98.30718808596514
22,15,27.883127172730624
22,16,9.582092531678795
22,17,0.0
22,18,12.938096758300642
22,19,18.15347780144149
22,20,23.206857302570103
22,21,23.381220386512595
22,22,0.0
22,23,9.467968989912421
22,24,16.188436240532056
22,25,15.144463074446293
22,27,6.64826494978273
22,28,29.72601476514245
22,29,23.330724868807422
22,30,20.081905594419975
22,31,17.267692378758316
22,32,9.173645431740958
22,33,5.7240569231153575
22,34,7.256746938128607
22,35,6.937346902582958
23,0,19.79399003632789
23,1,25.483588600214446
23,2,19.504215529404235
23,3,95.06139831514633
23,4,34.96582716671987
23,5,35.086189110369624
23,6,31.5730280347634
23,7,35.120385918339565
23,8,31.19698423465994
23,9,31.159726504725874
23,10,11.92838112731893
23,11,12.025922493876049
23,12,15.089627418407408
23,13,8.765686713021232
23,14,95.06139831514633
23,15,35.037367034750766
23,16,8.735075258827562
23,17,9.467968989912421
23,18,11.609877544360785
23,19,20.47053674646135
23,20,24.787836684186214
23,21,25.6131805757419
23,22,9.467968989912421
23,23,0.0
23,24,6.7204980389252205
23,25,11.296030758061224
23,27,10.94075141892899
23,28,34.12939662132049
23,29,29.544221994969654
23,30,27.326657258475652
23,31,24.465753234756374
23,32,17.975644956193324
23,33,14.640481971207288
23,34,14.320311626275924
23,35,13.17634233035269
24,0,25.114122244024326
24,1,30.394283110908116
24,2,24.5265384263804
24,3,92.84033596810751
24,4,40.32074829174331
24,5,40.243762115046295
24,6,37.305375140702715
24,7,40.72863696748166
24,8,34.721985710110104
24,9,34.65798154825951
24,10,16.13719228658761
24,11,16.188835752014867
24,12,19.077556859817605
24,13,13.216560371063332
24,14,92.84033596810751
24,15,40.632231754843005
24,16,13.189139828445741
24,17,16.188436240532056
24,18,14.789132073356335
24,19,24.236640509746643
24,20,27.76653055235771
24,21,28.91800792059377
24,22,16.188436240532056
24,23,6.7204980389252205
24,24,0.0
24,25,12.74498554801033
24,27,16.77319058904541
24,28,38.268768797779636
24,29,34.788814850018916
24,30,33.113091849976286
24,31,30.303314239159302
24,32,24.517090202004656
24,33,21.255070699852894
24,34,20.52622196548233
24,35,19.254210178409192
25,0,15.283600888001972
25,1,19.334368383062912
25,2,14.159961084871734
25,3,105.44139374139844
25,4,29.56764511421637
25,5,29.159289692673344
25,6,27.469863349515848
25,7,30.461931092194973
25,8,22.18325137241431
25,9,22.107610556589055
25,10,22.732340160289944
25,11,22.848593685931807
25,12,25.851775699587133
25,13,19.663787117787827
25,14,105.44139374139844
25,15,30.340310856967147
25,16,19.63406938562519
25,17,15.144463074446293
25,18,3.6336910833204548
25,19,12.14537970333708
25,20,15.0976819385691
25,21,16.356239094187018
25,22,15.144463074446293
25,23,11.296030758061224
25,24,12.74498554801033
25,25,0.0
25,27,10.438364332897606
25,28,26.061965132067932
25,29,24.056527896886358
25,30,23.65695410727202
25,31,21.204000337187544
25,32,19.104154606391663
25,33,17.050809518829986
25,34,14.218573018854864
25,35,12.81590432528645
27,0,8.96429795944249
27,1,14.834479360781739
27,2,8.934219719910821
27,3,104.25475105053775
27,4,24.039783128780588
27,5,24.212955213487096
27,6,20.65904222031952
27,7,24.184950199300577
27,8,21.798004630735814
27,9,21.794947023401566
27,10,17.527493847163694
27,11,17.66831199678352
27,12,20.150777736957384
27,13,15.227235324957512
27,14,104.25475105053775
27,15,24.10044574599375
27,16,15.205965770327218
27,17,6.64826494978273
27,18,7.320621744988065
27,19,11.575593070023826
27,20,16.59396024544199
27,21,16.855113441623825
27,22,6.64826494978273
27,23,10.94075141892899
27,24,16.77319058904541
27,25,10.438364332897606
27,27,0.0
27,28,23.96810158660775
27,29,18.662176326936006
27,30,16.424550433333483
27,31,13.580328790181126
27,32,8.824393928155253
27,33,6.630659343921554
27,34,4.056839128523953
27,35,2.636191865445132
28,0,15.403835715774491
28,1,9.54613353679928
28,2,15.063200277698847
28,3,128.0328104337794
28,4,9.099576019900237
28,5,7.4973554210283915
28,6,12.065808575073177
28,7,11.406651479135181
28,8,4.89401535818615
28,9,5.040688391312144
28,10,41.06270238383408
28,11,41.2051565725859
28,12,43.28607673416027
28,13,39.08288083661349
28,14,128.0328104337794
28,15,11.258301623760648
28,16,39.063844543348
28,17,29.72601476514245
28,18,23.485746967592274
28,19,14.041001947997355
28,20,11.657124341574967
28,21,10.036740931119487
28,22,29.72601476514245
28,23,34.12939662132049
28,24,38.268768797779636
28,25,26.061965132067932
28,27,23.96810158660775
28,28,0.0
28,29,8.527791191056787
28,30,13.174481869062049
28,31,14.63083497152276
28,32,23.252278187451065
28,33,25.411527659736613
28,34,22.53549904602954
28,35,22.81656806311098
29,0,9.755122368480466
29,1,4.770380409149208
29,2,10.272412374834564
29,3,121.0261073268251
29,4,5.557885642025623
29,5,5.5511388906784545
29,6,4.605651623736325
29,7,6.522388257533409
29,8,10.663988393986614
29,9,10.796065042983802
29,10,34.47576091693856
29,11,34.61611643290661
29,12,36.35563088523128
29,13,32.92290693508569
29,14,121.0261073268251
29,15,6.38617271879143
29,16,32.90829963798222
29,17,23.330724868807422
29,18,20.745660609266086
29,19,12.551447211756171
29,20,13.503198537748
29,21,11.877364550660781
29,22,23.330724868807422
29,23,29.544221994969654
29,24,34.788814850018916
29,25,24.056527896886358
29,27,18.662176326936006
29,28,8.527791191056787
29,29,0.0
29,30,4.662454450775359
29,31,6.557284841445571
29,32,15.610367561465209
29,33,18.291542907481336
29,34,16.128007657656912
29,35,16.82310522444625
30,0,8.388262319536063
30,1,6.497616904426445
30,2,9.536775942978576
30,3,116.90061913867144
30,4,8.304161052690217
30,5,9.0971566388137
30,6,4.253293396440308
30,7,7.882672123939983
30,8,14.803170317319964
30,9,14.919230552966797
30,10,30.889057016952368
30,11,31.02644539302085
30,12,32.536890093788685
30,13,29.626926614803136
30,14,116.90061913867144
30,15,7.819209018417158
30,16,29.61536231245384
30,17,20.081905594419975
30,18,20.103234093997152
30,19,13.590847649134863
30,20,16.036776437070323
30,21,14.64236614940621
30,22,20.081905594419975
30,23,27.326657258475652
30,24,33.113091849976286
30,25,23.65695410727202
30,27,16.424550433333483
30,28,13.174481869062049
30,29,4.662454450775359
30,30,0.0
30,31,2.8714076664114483
30,32,11.626308266739171
30,33,14.65730289426396
30,34,13.196552401651342
30,35,14.182606643954891
31,0,5.965810270081437
31,1,6.232655449687823
31,2,7.319377466509703
31,3,114.49861169706776
31,4,11.027224448386965
31,5,11.649288253396698
31,6,7.124352236059899
31,7,10.74593761861382
31,8,15.372788370205674
31,9,15.467479306165945
31,10,28.18348591028979
31,11,28.322071130534514
31,12,29.93032605795417
31,13,26.83649954673775
31,14,114.49861169706776
31,15,10.678759325053228
31,16,26.824236841026003
31,17,17.267692378758316
31,18,17.60490156732489
31,19,12.01987887578122
31,20,15.250335879056879
31,21,14.074662670913236
31,22,17.267692378758316
31,23,24.465753234756374
31,24,30.303314239159302
31,25,21.204000337187544
31,27,13.580328790181126
31,28,14.63083497152276
31,29,6.557284841445571
31,30,2.8714076664114483
31,31,0.0
31,32,9.081269109276988
31,33,11.937084598858018
31,34,10.328556912319945
31,35,11.313226803906723
32,0,9.059694217210714
32,1,13.885705591070527
32,2,10.34935511539874
32,3,105.42064884432347
32,4,19.9249015615587
32,5,20.685051357764156
32,6,15.577101727400718
32,7,19.24673135455995
32,8,22.934738386909522
32,9,22.992640062796095
32,10,19.34325860535254
32,11,19.47828592430787
32,12,20.91086593955498
32,13,18.346614864614715
32,14,105.42064884432347
32,15,19.212340615218384
32,16,18.338642164311725
32,17,9.173645431740958
32,18,15.7003819012434
32,19,15.507376622224095
32,20,20.27831652184954
32,21,19.754043612395318
32,22,9.173645431740958
32,23,17.975644956193324
32,24,24.517090202004656
32,25,19.104154606391663
32,27,8.824393928155253
32,28,23.252278187451065
32,29,15.610367561465209
32,30,11.626308266739171
32,31,9.081269109276988
32,32,0.0
32,33,3.45345458859202
32,34,4.885778337804975
32,35,6.295833394899874
33,0,10.320271467406133
33,1,15.87578720936101
33,2,11.260188362865158
33,3,102.82800595882941
33,4,22.94433114028849
33,5,23.57748163244538
33,6,18.74827734413588
33,7,22.430750551260534
33,8,24.492711693445596
33,9,24.530940508387676
33,10,16.246651050296173
33,11,16.38512904984725
33,12,18.06941617577942
33,13,15.031047576916903
33,14,102.82800595882941
33,15,22.386327689117934
33,16,15.021355068840286
33,17,5.7240569231153575
33,18,13.926114995822664
33,19,15.831554918272724
33,20,20.85289093027796
33,21,20.614538394216037
33,22,5.7240569231153575
33,23,14.640481971207288
33,24,21.255070699852894
33,25,17.050809518829986
33,27,6.630659343921554
33,28,25.411527659736613
33,29,18.291542907481336
33,30,14.65730289426396
33,31,11.937084598858018
33,32,3.45345458859202
33,33,0.0
33,34,3.7416104338861857
33,35,4.680361189534405
34,0,7.149041903821051
34,1,13.023877859290643
34,2,7.828196057789726
34,3,105.50848367794771
34,4,21.220989182240583
34,5,21.61753290327291
34,6,17.44336042772572
34,7,21.074253380479757
34,8,21.182993350766143
34,9,21.20941081337959
34,10,18.56151428379539
34,11,18.703680185472187
34,12,20.75831014382712
34,13,16.8146843264424
34,14,105.50848367794771
34,15,21.00593869980518
34,16,16.79916206778315
34,17,7.256746938128607
34,18,10.830219000666713
34,19,12.12618816822741
34,20,17.174581916829542
34,21,17.0158600387036
34,22,7.256746938128607
34,23,14.320311626275924
34,24,20.52622196548233
34,25,14.218573018854864
34,27,4.056839128523953
34,28,22.53549904602954
34,29,16.128007657656912
34,30,13.196552401651342
34,31,10.328556912319945
34,32,4.885778337804975
34,33,3.7416104338861857
34,34,0.0
34,35,1.435070971922615
35,0,7.442971235534863
35,1,13.402872077860247
35,2,7.844175110261514
35,3,105.22540498872748
35,4,22.050493739154135
35,5,22.35522727373371
35,6,18.435602257760333
35,7,22.027542632076038
35,8,21.154324940143127
35,9,21.17011924103033
35,10,18.26080857169146
35,11,18.40328575521096
35,12,20.619371375375472
35,13,16.309055773610435
35,14,105.22540498872748
35,15,21.952130559665083
35,16,16.291422897559393
35,17,6.937346902582958
35,18,9.47288862163149
35,19,11.618518983871732
35,20,16.703535823756372
35,21,16.688081428768925
35,22,6.937346902582958
35,23,13.17634233035269
35,24,19.254210178409192
35,25,12.81590432528645
35,27,2.636191865445132
35,28,22.81656806311098
35,29,16.82310522444625
35,30,14.182606643954891
35,31,11.313226803906723
35,32,6.295833394899874
35,33,4.680361189534405
35,34,1.435070971922615
35,35,0.0
