source_id,target_id,rtt
0,0,0.0
0,1,7.412711508658339
0,2,11.297750309796937
0,3,5.937690196628498
0,4,10.868998215434452
0,5,12.361085119292355
0,6,8.347837180155492
0,7,9.262082623159182
0,8,17.304009625700843
0,9,19.82667273365328
0,10,99.75164145645
0,11,15.739140636558112
0,12,99.75164145645
0,13,99.75164145645
0,14,99.75164145645
0,15,14.822327793550052
0,16,27.050682073160278
0,17,20.068912226178423
0,18,99.75164145645
0,19,99.75164145645
0,20,99.75164145645
0,22,17.990726876988997
0,23,12.972466773957605
0,24,31.737405498434075
0,25,21.99382508414526
0,26,17.783400539645783
0,27,22.38922072375369
0,28,21.89806990847854
0,29,24.60135607776444
0,30,24.966705459458783
0,31,24.43235145310945
1,0,7.412711508658339
1,1,0.0
1,2,16.16232523065343
1,3,11.572949144759678
1,4,10.408260622848838
1,5,12.020344456518574
1,6,3.8432720053899234
1,7,7.0373848130016805
1,8,17.394043575594118
1,9,20.146757590727
1,10,98.30718808596514
1,11,13.70147257624713
1,12,98.30718808596514
1,13,98.30718808596514
1,14,98.30718808596514
1,15,11.479149278444435
1,16,28.131418547729147
1,17,19.70852692540287
1,18,98.30718808596514
1,19,98.30718808596514
1,20,98.30718808596514
1,22,22.561217816027888
1,23,18.315341187194985
1,24,37.93298561380501
1,25,28.89128908460825
1,26,23.130997576717835
1,27,26.743431552111776
1,28,26.030070015592173
1,29,28.575620373355584
1,30,28.723210791308514
1,31,27.937193035810175
2,0,11.297750309796937
2,1,16.16232523065343
2,2,0.0
2,3,5.365544929954937
2,4,22.148291257774936
2,5,23.597956890052984
2,6,18.783671263322702
2,7,20.421078006119572
2,8,28.30328640066533
2,9,30.667181151206947
2,10,110.55811264154026
2,11,27.035666630258184
2,12,110.55811264154026
2,13,110.55811264154026
2,14,110.55811264154026
2,15,25.97321393148665
2,16,37.28822851536401
2,17,31.113077350083294
2,18,110.55811264154026
2,19,110.55811264154026
2,20,110.55811264154026
2,22,6.701479873698116
2,23,2.3282418204919946
2,24,22.02070730488631
2,25,14.618170824925151
2,26,6.976671740139904
2,27,11.093590321791913
2,28,10.610109282969345
2,29,13.32139151863596
2,30,13.728661023086314
2,31,13.285879216494235
3,0,5.937690196628498
3,1,11.572949144759678
3,2,5.365544929954937
3,3,0.0
3,4,16.782948160422826
3,5,18.238772854455256
3,6,13.72431321191763
3,7,15.124996264434012
3,8,23.009789318149743
3,9,25.427103478161452
3,10,105.37898774323169
3,11,21.676589431954003
3,12,105.37898774323169
3,13,105.37898774323169
3,14,105.37898774323169
3,15,20.68860167707126
3,16,32.27560907214339
3,17,25.80953514788361
3,18,105.37898774323169
3,19,105.37898774323169
3,20,105.37898774323169
3,22,12.053185732045614
3,23,7.0942322500892265
3,24,26.39710058036662
3,25,17.489407403470288
3,26,11.949083430682798
3,27,16.452543065883184
3,28,15.974380727321963
3,29,18.68338642732967
3,30,19.072778652606676
3,31,18.58320085000487
4,0,10.868998215434452
4,1,10.408260622848838
4,2,22.148291257774936
4,3,16.782948160422826
4,4,0.0
4,5,1.6524140402569039
4,6,6.821428967629897
4,7,3.5128124069185116
4,8,7.051462443825368
4,9,9.791799964254057
4,10,89.13208806622738
4,11,5.041490743629657
4,12,89.13208806622738
4,13,89.13208806622738
4,14,89.13208806622738
4,15,5.4100372235708685
4,16,17.72775342922304
4,17,9.574641097727657
4,18,89.13208806622738
4,19,89.13208806622738
4,20,89.13208806622738
4,22,28.821706706455753
4,23,23.702390097699528
4,24,41.4767078834084
4,25,30.91664798069113
4,26,28.413337567498026
4,27,33.224533221519714
4,28,32.757068318902455
4,29,35.46434970212561
4,30,35.835636455269984
4,31,35.29502705463201
5,0,12.361085119292355
5,1,12.020344456518574
5,2,23.597956890052984
5,3,18.238772854455256
5,4,1.6524140402569039
5,5,0.0
5,6,8.366766439629961
5,7,5.041075994007165
5,8,5.4031520783734095
5,9,8.148004986309042
5,10,87.5348801054462
5,11,4.0527645814821245
5,12,87.5348801054462
5,13,87.5348801054462
5,14,87.5348801054462
5,15,5.351777575719396
5,16,16.11185233024326
5,17,7.930792757625073
5,18,87.5348801054462
5,19,87.5348801054462
5,20,87.5348801054462
5,22,30.24818893099581
5,23,25.087326389994477
5,24,42.54499938090375
5,25,31.863337059233935
5,26,29.751058482994512
5,27,34.65043880587717
5,28,34.20706617167303
5,29,36.919348385721314
5,30,37.30944409730738
5,31,36.79157075818725
6,0,8.347837180155492
6,1,3.8432720053899234
6,2,18.783671263322702
6,3,13.72431321191763
6,4,6.821428967629897
6,5,8.366766439629961
6,6,0.0
6,7,3.3257541664827155
6,8,13.671264770802928
6,9,16.42034155050797
6,10,94.53638563353692
6,11,9.860345121665931
6,12,94.53638563353692
6,13,94.53638563353692
6,14,94.53638563353692
6,15,7.747397190846407
6,16,24.448190089917873
6,17,15.907783722689285
6,18,94.53638563353692
6,19,94.53638563353692
6,20,94.53638563353692
6,22,25.392242490017527
6,23,20.769387441202174
6,24,40.002033904119
6,25,30.334036270497105
6,26,25.635510409231593
6,27,29.691320223494433
6,28,29.05060246289106
6,29,31.66702490300992
6,30,31.88458234497784
6,31,31.16806197082124
7,0,9.262082623159182
7,1,7.0373848130016805
7,2,20.421078006119572
7,3,15.124996264434012
7,4,3.5128124069185116
7,5,5.041075994007165
7,6,3.3257541664827155
7,7,0.0
7,8,10.367976067785506
7,9,13.120105227624222
7,10,91.75650599410429
7,11,6.963748655681801
7,12,91.75650599410429
7,13,91.75650599410429
7,14,91.75650599410429
7,15,5.5651062610187285
7,16,21.13307135594384
7,17,12.681846915518083
7,18,91.75650599410429
7,19,91.75650599410429
7,20,91.75650599410429
7,22,27.117881789265883
7,23,22.208271420254263
7,24,40.838069007549535
7,25,30.684025523366167
7,26,27.03791507835041
7,27,31.49191839673179
7,28,30.933641104532178
7,29,33.60599119213297
7,30,33.89968583784579
7,31,33.26660955179208
8,0,17.304009625700843
8,1,17.394043575594118
8,2,28.30328640066533
8,3,23.009789318149743
8,4,7.051462443825368
8,5,5.4031520783734095
8,6,13.671264770802928
8,7,10.367976067785506
8,8,0.0
8,9,2.7527561965829257
8,10,82.44764562329117
8,11,5.318161801049921
8,12,82.44764562329117
8,13,82.44764562329117
8,14,82.44764562329117
8,15,8.320073321283978
8,16,10.787744135506552
8,17,2.822252857936272
8,18,82.44764562329117
8,19,82.44764562329117
8,20,82.44764562329117
8,22,34.84009308096104
8,23,29.58793212229204
8,24,45.925233394576324
8,25,34.96277057902107
8,26,34.07138793349207
8,27,39.218573314280306
8,28,38.85450496399999
8,29,41.5724246531918
8,30,42.02286661015197
8,31,41.58177596211601
9,0,19.82667273365328
9,1,20.146757590727
9,2,30.667181151206947
9,3,25.427103478161452
9,4,9.791799964254057
9,5,8.148004986309042
9,6,16.42034155050797
9,7,13.120105227624222
9,8,2.7527561965829257
9,9,0.0
9,10,79.96081497743347
9,11,7.652882349248785
9,12,79.96081497743347
9,13,79.96081497743347
9,14,79.96081497743347
9,15,10.716238795140443
9,16,8.059782839878473
9,17,1.8044489555345904
9,18,79.96081497743347
9,19,79.96081497743347
9,20,79.96081497743347
9,22,37.126966865676096
9,23,31.850290100226385
9,24,47.57178259872639
9,25,36.52885101991569
9,26,36.22891872629648
9,27,41.48130782847172
9,28,41.15807874514771
9,29,43.87265529955727
9,30,44.353150986620285
9,31,43.95259708190995
10,0,99.75164145645
10,1,98.30718808596514
10,2,110.55811264154026
10,3,105.37898774323169
10,4,89.13208806622738
10,5,87.5348801054462
10,6,94.53638563353692
10,7,91.75650599410429
10,8,82.44764562329117
10,9,79.96081497743347
10,10,0.0
10,11,84.79778102893631
10,12,0.0
10,13,0.0
10,14,0.0
10,15,86.82811696301498
10,16,73.37707966125299
10,17,79.69342228796657
10,18,0.0
10,19,0.0
10,20,0.0
10,22,116.8162158273625
10,23,111.53491291474063
10,24,122.82011188180506
10,25,112.50232339601368
10,26,115.50303413692349
10,27,121.04472584526434
10,28,120.85504008941102
10,29,123.53347849053361
10,30,124.1004407845706
10,31,123.80224370239047
11,0,15.739140636558112
11,1,13.70147257624713
11,2,27.035666630258184
11,3,21.676589431954003
11,4,5.041490743629657
11,5,4.0527645814821245
11,6,9.860345121665931
11,7,6.963748655681801
11,8,5.318161801049921
11,9,7.652882349248785
11,10,84.79778102893631
11,11,0.0
11,12,84.79778102893631
11,13,84.79778102893631
11,14,84.79778102893631
11,15,3.0639462196638463
11,16,15.536427980755118
11,17,6.560721994674348
11,18,84.79778102893631
11,19,84.79778102893631
11,20,84.79778102893631
11,22,33.72977190961791
11,23,28.663506186602397
11,24,46.49966484132725
11,25,35.87897538947986
11,26,33.40772388749815
11,27,38.12822381168999
11,28,37.62616223723916
11,29,40.32210745355236
11,30,40.65968078041144
11,31,40.073377041551616
12,0,99.75164145645
12,1,98.30718808596514
12,2,110.55811264154026
12,3,105.37898774323169
12,4,89.13208806622738
12,5,87.5348801054462
12,6,94.53638563353692
12,7,91.75650599410429
12,8,82.44764562329117
12,9,79.96081497743347
12,10,0.0
12,11,84.79778102893631
12,12,0.0
12,13,0.0
12,14,0.0
12,15,86.82811696301498
12,16,73.37707966125299
12,17,79.69342228796657
12,18,0.0
12,19,0.0
12,20,0.0
12,22,116.8162158273625
12,23,111.53491291474063
12,24,122.82011188180506
12,25,112.50232339601368
12,26,115.50303413692349
12,27,121.04472584526434
12,28,120.85504008941102
12,29,123.53347849053361
12,30,124.1004407845706
12,31,123.80224370239047
13,0,99.75164145645
13,1,98.30718808596514
13,2,110.55811264154026
13,3,105.37898774323169
13,4,89.13208806622738
13,5,87.5348801054462
13,6,94.53638563353692
13,7,91.75650599410429
13,8,82.44764562329117
13,9,79.96081497743347
13,10,0.0
13,11,84.79778102893631
13,12,0.0
13,13,0.0
13,14,0.0
13,15,86.82811696301498
13,16,73.37707966125299
13,17,79.69342228796657
13,18,0.0
13,19,0.0
13,20,0.0
13,22,116.8162158273625
13,23,111.53491291474063
13,24,122.82011188180506
13,25,112.50232339601368
13,26,115.50303413692349
13,27,121.04472584526434
13,28,120.85504008941102
13,29,123.53347849053361
13,30,124.1004407845706
13,31,123.80224370239047
14,0,99.75164145645
14,1,98.30718808596514
14,2,110.55811264154026
14,3,105.37898774323169
14,4,89.13208806622738
14,5,87.5348801054462
14,6,94.53638563353692
14,7,91.75650599410429
14,8,82.44764562329117
14,9,79.96081497743347
14,10,0.0
14,11,84.79778102893631
14,12,0.0
14,13,0.0
14,14,0.0
14,15,86.82811696301498
14,16,73.37707966125299
14,17,79.69342228796657
14,18,0.0
14,19,0.0
14,20,0.0
14,22,116.8162158273625
14,23,111.53491291474063
14,24,122.82011188180506
14,25,112.50232339601368
14,26,115.50303413692349
14,27,121.04472584526434
14,28,120.85504008941102
14,29,123.53347849053361
14,30,124.1004407845706
14,31,123.80224370239047
15,0,14.822327793550052
15,1,11.479149278444435
15,2,25.97321393148665
15,3,20.68860167707126
15,4,5.4100372235708685
15,5,5.351777575719396
15,6,7.747397190846407
15,7,5.5651062610187285
15,8,8.320073321283978
15,9,10.716238795140443
15,10,86.82811696301498
15,11,3.0639462196638463
15,12,86.82811696301498
15,13,86.82811696301498
15,14,86.82811696301498
15,15,0.0
15,16,18.578202253895768
15,17,9.590704225676985
15,18,86.82811696301498
15,19,86.82811696301498
15,20,86.82811696301498
15,22,32.66507597937205
15,23,27.77331536171098
15,24,46.282770281792175
15,25,35.95360699129154
15,26,32.60211906181916
15,27,37.03037345057545
15,28,36.45500063430025
15,29,39.11560711755639
15,30,39.387379702012254
15,31,38.72460764740807
16,0,27.050682073160278
16,1,28.131418547729147
16,2,37.28822851536401
16,3,32.27560907214339
16,4,17.72775342922304
16,5,16.11185233024326
16,6,24.448190089917873
16,7,21.13307135594384
16,8,10.787744135506552
16,9,8.059782839878473
16,10,73.37707966125299
16,11,15.536427980755118
16,12,73.37707966125299
16,13,73.37707966125299
16,14,73.37707966125299
16,15,18.578202253895768
16,16,0.0
16,17,8.989130531450444
16,18,73.37707966125299
16,19,73.37707966125299
16,20,73.37707966125299
16,22,43.441269272861575
16,23,38.16484719746127
16,24,51.857507503679834
16,25,40.7954885888689
16,26,42.17733490662883
16,27,47.67470253690522
16,28,47.478605999888984
16,29,50.15693167166609
16,30,50.72618513930918
16,31,50.455571261767275
17,0,20.068912226178423
17,1,19.70852692540287
17,2,31.113077350083294
17,3,25.80953514788361
17,4,9.574641097727657
17,5,7.930792757625073
17,6,15.907783722689285
17,7,12.681846915518083
17,8,2.822252857936272
17,9,1.8044489555345904
17,10,79.69342228796657
17,11,6.560721994674348
17,12,79.69342228796657
17,13,79.69342228796657
17,14,79.69342228796657
17,15,9.590704225676985
17,16,8.989130531450444
17,17,0.0
17,18,79.69342228796657
17,19,79.69342228796657
17,20,79.69342228796657
17,22,37.659150553166505
17,23,32.40911008202377
17,24,48.63505058372248
17,25,37.63812559408596
17,26,36.89218105852817
17,27,42.03910508685462
17,28,41.67148586288796
17,29,44.389520568501936
17,30,44.835912879608046
17,31,44.387358209961576
18,0,99.75164145645
18,1,98.30718808596514
18,2,110.55811264154026
18,3,105.37898774323169
18,4,89.13208806622738
18,5,87.5348801054462
18,6,94.53638563353692
18,7,91.75650599410429
18,8,82.44764562329117
18,9,79.96081497743347
18,10,0.0
18,11,84.79778102893631
18,12,0.0
18,13,0.0
18,14,0.0
18,15,86.82811696301498
18,16,73.37707966125299
18,17,79.69342228796657
18,18,0.0
18,19,0.0
18,20,0.0
18,22,116.8162158273625
18,23,111.53491291474063
18,24,122.82011188180506
18,25,112.50232339601368
18,26,115.50303413692349
18,27,121.04472584526434
18,28,120.85504008941102
18,29,123.53347849053361
18,30,124.1004407845706
18,31,123.80224370239047
19,0,99.75164145645
19,1,98.30718808596514
19,2,110.55811264154026
19,3,105.37898774323169
19,4,89.13208806622738
19,5,87.5348801054462
19,6,94.53638563353692
19,7,91.75650599410429
19,8,82.44764562329117
19,9,79.96081497743347
19,10,0.0
19,11,84.79778102893631
19,12,0.0
19,13,0.0
19,14,0.0
19,15,86.82811696301498
19,16,73.37707966125299
19,17,79.69342228796657
19,18,0.0
19,19,0.0
19,20,0.0
19,22,116.8162158273625
19,23,111.53491291474063
19,24,122.82011188180506
19,25,112.50232339601368
19,26,115.50303413692349
19,27,121.04472584526434
19,28,120.85504008941102
19,29,123.53347849053361
19,30,124.1004407845706
19,31,123.80224370239047
20,0,99.75164145645
20,1,98.30718808596514
20,2,110.55811264154026
20,3,105.37898774323169
20,4,89.13208806622738
20,5,87.5348801054462
20,6,94.53638563353692
20,7,91.75650599410429
20,8,82.44764562329117
20,9,79.96081497743347
20,10,0.0
20,11,84.79778102893631
20,12,0.0
20,13,0.0
20,14,0.0
20,15,86.82811696301498
20,16,73.37707966125299
20,17,79.69342228796657
20,18,0.0
20,19,0.0
20,20,0.0
20,22,116.8162158273625
20,23,111.53491291474063
20,24,122.82011188180506
20,25,112.50232339601368
20,26,115.50303413692349
20,27,121.04472584526434
20,28,120.85504008941102
20,29,123.53347849053361
20,30,124.1004407845706
20,31,123.80224370239047
22,0,17.990726876988997
22,1,22.561217816027888
22,2,6.701479873698116
22,3,12.053185732045614
22,4,28.821706706455753
22,5,30.24818893099581
22,6,25.392242490017527
22,7,27.117881789265883
22,8,34.84009308096104
22,9,37.126966865676096
22,10,116.8162158273625
22,11,33.72977190961791
22,12,116.8162158273625
22,13,116.8162158273625
22,14,116.8162158273625
22,15,32.66507597937205
22,16,43.441269272861575
22,17,37.659150553166505
22,18,116.8162158273625
22,19,116.8162158273625
22,20,116.8162158273625
22,22,0.0
22,23,5.289865088912398
22,24,16.82876413958176
22,25,12.706789267801128
22,26,2.8164131928071168
22,27,4.403003798086708
22,28,4.042785723645048
22,29,6.748172758559534
22,30,7.284967491404991
22,31,7.104485715499681
23,0,12.972466773957605
23,1,18.315341187194985
23,2,2.3282418204919946
23,3,7.0942322500892265
23,4,23.702390097699528
23,5,25.087326389994477
23,6,20.769387441202174
23,7,22.208271420254263
23,8,29.58793212229204
23,9,31.850290100226385
23,10,111.53491291474063
23,11,28.663506186602397
23,12,111.53491291474063
23,13,111.53491291474063
23,14,111.53491291474063
23,15,27.77331536171098
23,16,38.16484719746127
23,17,32.40911008202377
23,18,111.53491291474063
23,19,111.53491291474063
23,20,111.53491291474063
23,22,5.289865088912398
23,23,0.0
23,24,19.738096531434735
23,25,12.39898138716809
23,26,4.8662355899737655
23,27,9.633482211735119
23,28,9.332438759052096
23,29,12.036028852729515
23,30,12.56697741455077
23,31,12.308862197397588
24,0,31.737405498434075
24,1,37.93298561380501
24,2,22.02070730488631
24,3,26.39710058036662
24,4,41.4767078834084
24,5,42.54499938090375
24,6,40.002033904119
24,7,40.838069007549535
24,8,45.925233394576324
24,9,47.57178259872639
24,10,122.82011188180506
24,11,46.49966484132725
24,12,122.82011188180506
24,13,122.82011188180506
24,14,122.82011188180506
24,15,46.282770281792175
24,16,51.857507503679834
24,17,48.63505058372248
24,18,122.82011188180506
24,19,122.82011188180506
24,20,122.82011188180506
24,22,16.82876413958176
24,23,19.738096531434735
24,24,0.0
24,25,11.092686389697173
24,26,15.190990959358103
24,27,14.455602421668777
24,28,15.510804192396433
24,29,14.826582100568505
24,30,15.572498649837632
24,31,16.73040433806422
25,0,21.99382508414526
25,1,28.89128908460825
25,2,14.618170824925151
25,3,17.489407403470288
25,4,30.91664798069113
25,5,31.863337059233935
25,6,30.334036270497105
25,7,30.684025523366167
25,8,34.96277057902107
25,9,36.52885101991569
25,10,112.50232339601368
25,11,35.87897538947986
25,12,112.50232339601368
25,13,112.50232339601368
25,14,112.50232339601368
25,15,35.95360699129154
25,16,40.7954885888689
25,17,37.63812559408596
25,18,112.50232339601368
25,19,112.50232339601368
25,20,112.50232339601368
25,22,12.706789267801128
25,23,12.39898138716809
25,24,11.092686389697173
25,25,0.0
25,26,9.934288629139589
25,27,13.62024341112353
25,28,14.351982176295692
25,29,15.666259395515906
25,30,16.59046731085337
25,31,17.277961535286156
26,0,17.783400539645783
26,1,23.130997576717835
26,2,6.976671740139904
26,3,11.949083430682798
26,4,28.413337567498026
26,5,29.751058482994512
26,6,25.635510409231593
26,7,27.03791507835041
26,8,34.07138793349207
26,9,36.22891872629648
26,10,115.50303413692349
26,11,33.40772388749815
26,12,115.50303413692349
26,13,115.50303413692349
26,14,115.50303413692349
26,15,32.60211906181916
26,16,42.17733490662883
26,17,36.89218105852817
26,18,115.50303413692349
26,19,115.50303413692349
26,20,115.50303413692349
26,22,2.8164131928071168
26,23,4.8662355899737655
26,24,15.190990959358103
26,25,9.934288629139589
26,26,0.0
26,27,5.678174746507737
26,28,5.821321002618661
26,29,8.230932484471657
26,30,8.968536495361251
26,31,9.105773552814767
27,0,22.38922072375369
27,1,26.743431552111776
27,2,11.093590321791913
27,3,16.452543065883184
27,4,33.224533221519714
27,5,34.65043880587717
27,6,29.691320223494433
27,7,31.49191839673179
27,8,39.218573314280306
27,9,41.48130782847172
27,10,121.04472584526434
27,11,38.12822381168999
27,12,121.04472584526434
27,13,121.04472584526434
27,14,121.04472584526434
27,15,37.03037345057545
27,16,47.67470253690522
27,17,42.03910508685462
27,18,121.04472584526434
27,19,121.04472584526434
27,20,121.04472584526434
27,22,4.403003798086708
27,23,9.633482211735119
27,24,14.455602421668777
27,25,13.62024341112353
27,26,5.678174746507737
27,27,0.0
27,28,1.0553214280195664
27,29,2.5527577624933717
27,30,3.323566829124354
27,31,3.7109306572130816
28,0,21.89806990847854
28,1,26.030070015592173
28,2,10.610109282969345
28,3,15.974380727321963
28,4,32.757068318902455
28,5,34.20706617167303
28,6,29.05060246289106
28,7,30.933641104532178
28,8,38.85450496399999
28,9,41.15807874514771
28,10,120.85504008941102
28,11,37.62616223723916
28,12,120.85504008941102
28,13,120.85504008941102
28,14,120.85504008941102
28,15,36.45500063430025
28,16,47.478605999888984
28,17,41.67148586288796
28,18,120.85504008941102
28,19,120.85504008941102
28,20,120.85504008941102
28,22,4.042785723645048
28,23,9.332438759052096
28,24,15.510804192396433
28,25,14.351982176295692
28,26,5.821321002618661
28,27,1.0553214280195664
28,28,0.0
28,29,2.7181077945239567
28,30,3.2573307806052196
28,31,3.286551911537355
29,0,24.60135607776444
29,1,28.575620373355584
29,2,13.32139151863596
29,3,18.68338642732967
29,4,35.46434970212561
29,5,36.919348385721314
29,6,31.66702490300992
29,7,33.60599119213297
29,8,41.5724246531918
29,9,43.87265529955727
29,10,123.53347849053361
29,11,40.32210745355236
29,12,123.53347849053361
29,13,123.53347849053361
29,14,123.53347849053361
29,15,39.11560711755639
29,16,50.15693167166609
29,17,44.389520568501936
29,18,123.53347849053361
29,19,123.53347849053361
29,20,123.53347849053361
29,22,6.748172758559534
29,23,12.036028852729515
29,24,14.826582100568505
29,25,15.666259395515906
29,26,8.230932484471657
29,27,2.5527577624933717
29,28,2.7181077945239567
29,29,0.0
29,30,0.9280696698051479
29,31,1.9209816434707954
30,0,24.966705459458783
30,1,28.723210791308514
30,2,13.728661023086314
30,3,19.072778652606676
30,4,35.835636455269984
30,5,37.30944409730738
30,6,31.88458234497784
30,7,33.89968583784579
30,8,42.02286661015197
30,9,44.353150986620285
30,10,124.1004407845706
30,11,40.65968078041144
30,12,124.1004407845706
30,13,124.1004407845706
30,14,124.1004407845706
30,15,39.387379702012254
30,16,50.72618513930918
30,17,44.835912879608046
30,18,124.1004407845706
30,19,124.1004407845706
30,20,124.1004407845706
30,22,7.284967491404991
30,23,12.56697741455077
30,24,15.572498649837632
30,25,16.59046731085337
30,26,8.968536495361251
30,27,3.323566829124354
30,28,3.2573307806052196
30,29,0.9280696698051479
30,30,0.0
30,31,1.2022393814686063
31,0,24.43235145310945
31,1,27.937193035810175
31,2,13.285879216494235
31,3,18.58320085000487
31,4,35.29502705463201
31,5,36.79157075818725
31,6,31.16806197082124
31,7,33.26660955179208
31,8,41.58177596211601
31,9,43.95259708190995
31,10,123.80224370239047
31,11,40.073377041551616
31,12,123.80224370239047
31,13,123.80224370239047
31,14,123.80224370239047
31,15,38.72460764740807
31,16,50.455571261767275
31,17,44.387358209961576
31,18,123.80224370239047
31,19,123.80224370239047
31,20,123.80224370239047
31,22,7.104485715499681
31,23,12.308862197397588
31,24,16.73040433806422
31,25,17.277961535286156
31,26,9.105773552814767
31,27,3.7109306572130816
31,28,3.286551911537355
31,29,1.9209816434707954
31,30,1.2022393814686063
31,31,0.0
