source_id,target_id,rtt
0,0,0.0
0,1,1.9691478724110314
0,2,4.058183584711444
0,3,4.194038815992449
0,4,1.374273875845815
0,5,1.7327883231113748
0,6,1.735508120048864
0,7,1.8115366107906494
0,8,1.5411374456262517
0,9,54.62835968907353
0,10,4.2066152230098
0,11,5.4836398398443675
0,12,3.544714893662886
0,13,3.11318416448162
0,14,2.647909768039234
0,15,3.22103294472803
0,16,3.1582747414470655
0,17,5.010243060105138
0,18,5.121836843764631
0,19,4.458077731997108
0,20,3.983372147951935
0,21,4.130306453002246
0,22,3.899014189738054
0,23,4.3259466486676645
0,24,3.257518932185528
0,25,3.4751441301462798
0,26,2.568834332620482
0,27,3.8318545306357343
0,28,1.9661143004969124
0,30,3.738306569575636
0,31,3.406976285296722
0,32,3.8688286280318533
0,33,54.62835968907353
0,34,3.704248425878326
0,35,3.7211073641624446
0,36,1.2377241351392234
0,37,1.377842666086469
0,38,1.4399486029244313
0,39,1.8503374557123653
0,40,1.732518187629423
0,41,1.919872974535692
0,42,2.3292844879995296
0,43,3.3715320136528852
1,0,1.9691478724110314
1,1,0.0
1,2,3.551883186844029
1,3,3.687738418125033
1,4,0.8679734779783996
1,5,1.2264879252439593
1,6,1.2292077221814486
1,7,1.305236212923234
1,8,1.0348370477588362
1,9,54.122059291206114
1,10,3.7003148251423843
1,11,4.977339441976952
1,12,3.0384144957954704
1,13,2.606883766614204
1,14,2.1416093701718184
1,15,2.7147325468606147
1,16,2.65197434357965
1,17,4.503942662237722
1,18,4.615536445897215
1,19,3.9517773341296927
1,20,3.4770717500845194
1,21,3.6240060551348305
1,22,3.3927137918706385
1,23,3.819646250800249
1,24,2.7512185343181126
1,25,2.9688437322788643
1,26,2.0625339347530667
1,27,3.325554132768319
1,28,1.459813902629497
1,30,3.2320061717082207
1,31,2.9006758874293066
1,32,3.362528230164438
1,33,54.122059291206114
1,34,3.1979480280109107
1,35,3.214806966295029
1,36,0.731423737271808
1,37,0.8715422682190537
1,38,0.9336482050570158
1,39,1.3440370578449499
1,40,1.2262177897620075
1,41,1.4135725766682765
1,42,1.8229840901321142
1,43,2.86523161578547
2,0,4.058183584711444
2,1,3.551883186844029
2,2,0.0
2,3,1.509158373398122
2,4,2.9570091902788125
2,5,3.315523637544372
2,6,3.3182434344818614
2,7,3.394271925223647
2,8,3.1238727600592493
2,9,56.21109500350653
2,10,5.789350537442798
2,11,7.066375154277365
2,12,5.127450208095883
2,13,4.695919478914617
2,14,4.230645082472231
2,15,4.803768259161028
2,16,4.741010055880063
2,17,6.592978374538135
2,18,6.704572158197628
2,19,6.040813046430105
2,20,5.566107462384932
2,21,5.713041767435244
2,22,5.481749504171051
2,23,5.908681963100662
2,24,4.840254246618525
2,25,5.057879444579277
2,26,4.1515696470534795
2,27,5.414589845068732
2,28,3.54884961492991
2,30,5.3210418840086335
2,31,4.989711599729719
2,32,1.1839481854375271
2,33,56.21109500350653
2,34,1.019367983284
2,35,1.0362269215681184
2,36,2.820459449572221
2,37,2.9605779805194663
2,38,3.0226839173574285
2,39,3.4330727701453627
2,40,3.3152535020624203
2,41,3.5026082889686894
2,42,3.912019802432527
2,43,0.686651571058559
3,0,4.194038815992449
3,1,3.687738418125033
3,2,1.509158373398122
3,3,0.0
3,4,3.0928644215598164
3,5,3.451378868825376
3,6,3.4540986657628654
3,7,3.530127156504651
3,8,3.2597279913402533
3,9,56.34695023478753
3,10,5.925205768723802
3,11,7.202230385558369
3,12,5.263305439376888
3,13,4.831774710195622
3,14,4.366500313753235
3,15,4.939623490442032
3,16,4.876865287161068
3,17,6.72883360581914
3,18,6.8404273894786325
3,19,6.1766682777111095
3,20,5.701962693665936
3,21,5.848896998716248
3,22,5.617604735452056
3,23,6.044537194381666
3,24,4.97610947789953
3,25,5.193734675860282
3,26,4.287424878334484
3,27,5.550445076349736
3,28,3.6847048462109138
3,30,5.456897115289638
3,31,5.125566831010723
3,32,1.319803416718531
3,33,56.34695023478753
3,34,1.1552232145650039
3,35,1.1720821528491223
3,36,2.956314680853225
3,37,3.0964332118004703
3,38,3.1585391486384324
3,39,3.5689280014263667
3,40,3.4511087333434243
3,41,3.6384635202496933
3,42,4.047875033713531
3,43,0.8225068023395631
4,0,1.374273875845815
4,1,0.8679734779783996
4,2,2.9570091902788125
4,3,3.0928644215598164
4,4,0.0
4,5,0.631613928678743
4,6,0.6343337256162321
4,7,0.7103622163580177
4,8,0.4399630511936199
4,9,53.527185294640894
4,10,3.105440828577168
4,11,4.382465445411736
4,12,2.443540499230254
4,13,2.0120097700489876
4,14,1.546735373606602
4,15,2.1198585502953984
4,16,2.057100347014434
4,17,3.9090686656725055
4,18,4.020662449331999
4,19,3.3569033375644763
4,20,2.882197753519303
4,21,3.029132058569614
4,22,2.797839795305422
4,23,3.2247722542350328
4,24,2.1563445377528963
4,25,2.373969735713648
4,26,1.4676599381878503
4,27,2.7306801362031026
4,28,0.8649399060642805
4,30,2.6371321751430044
4,31,2.3058018908640903
4,32,2.7676542335992216
4,33,53.527185294640894
4,34,2.6030740314456944
4,35,2.619932969729813
4,36,0.13654974070659162
4,37,0.2766682716538373
4,38,0.3387742084917994
4,39,0.7491630612797334
4,40,0.6313437931967911
4,41,0.8186985801030601
4,42,1.2281100935668978
4,43,2.2703576192202535
5,0,1.7327883231113748
5,1,1.2264879252439593
5,2,3.315523637544372
5,3,3.451378868825376
5,4,0.631613928678743
5,5,0.0
5,6,0.992848172881792
5,7,1.0688766636235774
5,8,0.7984774984591797
5,9,53.88569974190646
5,10,3.4639552758427277
5,11,4.740979892677296
5,12,2.8020549464958138
5,13,2.3705242173145478
5,14,1.9052498208721618
5,15,2.478372997560958
5,16,2.4156147942799935
5,17,4.267583112938065
5,18,4.379176896597559
5,19,3.715417784830036
5,20,3.2407122007848628
5,21,3.387646505835174
5,22,3.156354242570982
5,23,3.5832867015005925
5,24,2.514858985018456
5,25,2.7324841829792077
5,26,1.82617438545341
5,27,3.0891945834686623
5,28,1.2234543533298403
5,30,2.995646622408564
5,31,2.66431633812965
5,32,3.1261686808647813
5,33,53.88569974190646
5,34,2.961588478711254
5,35,2.9784474169953725
5,36,0.4950641879721514
5,37,0.635182718919397
5,38,0.6972886557573592
5,39,1.1076775085452932
5,40,0.9898582404623508
5,41,1.1772130273686199
5,42,1.5866245408324575
5,43,2.628872066485813
6,0,1.735508120048864
6,1,1.2292077221814486
6,2,3.3182434344818614
6,3,3.4540986657628654
6,4,0.6343337256162321
6,5,0.992848172881792
6,6,0.0
6,7,0.0760284907417855
6,8,0.8011972953966688
6,9,53.88841953884394
6,10,3.466675072780217
6,11,4.743699689614784
6,12,2.804774743433303
6,13,2.3732440142520366
6,14,1.907969617809651
6,15,2.4810927944984473
6,16,2.4183345912174827
6,17,4.2703029098755545
6,18,4.381896693535047
6,19,3.7181375817675253
6,20,3.243431997722352
6,21,3.390366302772663
6,22,3.159074039508471
6,23,3.5860064984380817
6,24,2.517578781955945
6,25,2.735203979916697
6,26,1.8288941823908993
6,27,3.0919143804061515
6,28,1.2261741502673293
6,30,2.9983664193460533
6,31,2.667036135067139
6,32,3.1288884778022705
6,33,53.88841953884394
6,34,2.9643082756487433
6,35,2.9811672139328618
6,36,0.4977839849096405
6,37,0.6379025158568862
6,38,0.7000084526948482
6,39,1.1103973054827823
6,40,0.99257803739984
6,41,1.179932824306109
6,42,1.5893443377699468
6,43,2.6315918634233024
7,0,1.8115366107906494
7,1,1.305236212923234
7,2,3.394271925223647
7,3,3.530127156504651
7,4,0.7103622163580177
7,5,1.0688766636235774
7,6,0.0760284907417855
7,7,0.0
7,8,0.8772257861384543
7,9,53.964448029585725
7,10,3.5427035635220023
7,11,4.81972818035657
7,12,2.8808032341750884
7,13,2.4492725049938224
7,14,1.9839981085514364
7,15,2.5571212852402327
7,16,2.494363081959268
7,17,4.3463314006173395
7,18,4.457925184276833
7,19,3.7941660725093107
7,20,3.3194604884641374
7,21,3.4663947935144486
7,22,3.2351025302502565
7,23,3.662034989179867
7,24,2.5936072726977306
7,25,2.8112324706584824
7,26,1.9049226731326847
7,27,3.167942871147937
7,28,1.302202641009115
7,30,3.0743949100878387
7,31,2.7430646258089246
7,32,3.204916968544056
7,33,53.964448029585725
7,34,3.0403367663905287
7,35,3.057195704674647
7,36,0.573812475651426
7,37,0.7139310065986717
7,38,0.7760369434366339
7,39,1.186425796224568
7,40,1.0686065281416255
7,41,1.2559613150478945
7,42,1.6653728285117322
7,43,2.707620354165088
8,0,1.5411374456262517
8,1,1.0348370477588362
8,2,3.1238727600592493
8,3,3.2597279913402533
8,4,0.4399630511936199
8,5,0.7984774984591797
8,6,0.8011972953966688
8,7,0.8772257861384543
8,8,0.0
8,9,53.69404886442133
8,10,3.272304398357605
8,11,4.549329015192172
8,12,2.610404069010691
8,13,2.1788733398294244
8,14,1.7135989433870387
8,15,2.286722120075835
8,16,2.2239639167948706
8,17,4.075932235452942
8,18,4.187526019112435
8,19,3.523766907344913
8,20,3.04906132329974
8,21,3.195995628350051
8,22,2.964703365085859
8,23,3.3916358240154696
8,24,2.323208107533333
8,25,2.540833305494085
8,26,1.634523507968287
8,27,2.8975437059835394
8,28,1.0318034758447172
8,30,2.803995744923441
8,31,2.472665460644527
8,32,2.9345178033796584
8,33,53.69404886442133
8,34,2.769937601226131
8,35,2.7867965395102496
8,36,0.3034133104870283
8,37,0.44353184143427393
8,38,0.5056377782722361
8,39,0.9160266310601701
8,40,0.7982073629772277
8,41,0.9855621498834968
8,42,1.3949736633473344
8,43,2.4372211890006903
9,0,54.62835968907353
9,1,54.122059291206114
9,2,56.21109500350653
9,3,56.34695023478753
9,4,53.527185294640894
9,5,53.88569974190646
9,6,53.88841953884394
9,7,53.964448029585725
9,8,53.69404886442133
9,9,0.0
9,10,56.35952664180488
9,11,57.63655125863944
9,12,55.69762631245796
9,13,55.2660955832767
9,14,54.80082118683431
9,15,55.37394436352311
9,16,55.311186160242144
9,17,57.16315447890022
9,18,57.27474826255971
9,19,56.610989150792186
9,20,56.13628356674701
9,21,56.283217871797326
9,22,56.05192560853313
9,23,56.478858067462745
9,24,55.410430350980604
9,25,55.62805554894136
9,26,54.72174575141556
9,27,55.984765949430816
9,28,54.11902571929199
9,30,55.89121798837071
9,31,55.5598877040918
9,32,56.021740046826935
9,33,106.7812711078686
9,34,55.857159844673404
9,35,55.87401878295753
9,36,53.3906355539343
9,37,53.53075408488155
9,38,53.59286002171951
9,39,54.00324887450744
9,40,53.8854296064245
9,41,54.07278439333077
9,42,54.48219590679461
9,43,55.52444343244797
10,0,4.2066152230098
10,1,3.7003148251423843
10,2,5.789350537442798
10,3,5.925205768723802
10,4,3.105440828577168
10,5,3.4639552758427277
10,6,3.466675072780217
10,7,3.5427035635220023
10,8,3.272304398357605
10,9,56.35952664180488
10,10,0.0
10,11,2.026546001582699
10,12,5.275881846394238
10,13,4.844351117212972
10,14,4.379076720770587
10,15,4.9521998974593835
10,16,4.8894416941784185
10,17,1.5531492218434684
10,18,1.6647430055029617
10,19,1.0009838937354394
10,20,0.5262783096902659
10,21,0.673212614740577
10,22,0.44192035147638487
10,23,0.8688528104059956
10,24,4.988685884916881
10,25,5.206311082877633
10,26,4.300001285351835
10,27,0.37476069237406545
10,28,3.6972812532282653
10,30,5.4694735223069895
10,31,5.138143238028075
10,32,5.599995580763206
10,33,56.35952664180488
10,34,5.4354153786096795
10,35,5.4522743168937975
10,36,2.9688910878705763
10,37,3.109009618817822
10,38,3.171115555655784
10,39,3.581504408443718
10,40,3.463685140360776
10,41,3.651039927267045
10,42,4.0604514407308825
10,43,5.102698966384239
11,0,5.4836398398443675
11,1,4.977339441976952
11,2,7.066375154277365
11,3,7.202230385558369
11,4,4.382465445411736
11,5,4.740979892677296
11,6,4.743699689614784
11,7,4.81972818035657
11,8,4.549329015192172
11,9,57.63655125863944
11,10,2.026546001582699
11,11,0.0
11,12,6.5529064632288065
11,13,6.1213757340475405
11,14,5.656101337605154
11,15,6.229224514293951
11,16,6.166466311012986
11,17,2.8301738386780366
11,18,2.94176762233753
11,19,2.2780085105700074
11,20,1.8033029265248341
11,21,1.9502372315751453
11,22,1.718944968310953
11,23,2.145877427240564
11,24,6.265710501751449
11,25,6.4833356997122005
11,26,5.577025902186403
11,27,1.6517853092086336
11,28,4.974305870062833
11,30,6.746498139141557
11,31,6.415167854862643
11,32,6.877020197597774
11,33,57.63655125863944
11,34,6.712439995444247
11,35,6.729298933728366
11,36,4.245915704705144
11,37,4.38603423565239
11,38,4.448140172490352
11,39,4.858529025278286
11,40,4.740709757195344
11,41,4.928064544101613
11,42,5.33747605756545
11,43,6.379723583218806
12,0,3.544714893662886
12,1,3.0384144957954704
12,2,5.127450208095883
12,3,5.263305439376888
12,4,2.443540499230254
12,5,2.8020549464958138
12,6,2.804774743433303
12,7,2.8808032341750884
12,8,2.610404069010691
12,9,55.69762631245796
12,10,5.275881846394238
12,11,6.5529064632288065
12,12,0.0
12,13,1.5202303929035414
12,14,1.054955996461156
12,15,1.6280791731499522
12,16,1.5653209698689874
12,17,6.079509683489576
12,18,6.19110346714907
12,19,5.527344355381548
12,20,5.052638771336374
12,21,5.1995730763866845
12,22,4.968280813122493
12,23,5.3952132720521035
12,24,0.287195961477358
12,25,1.8821903585682014
12,26,0.975880561042404
12,27,4.901121154020173
12,28,3.0353809238813514
12,30,2.145352797997558
12,31,1.8140225137186436
12,32,4.938095251416292
12,33,55.69762631245796
12,34,4.773515049262765
12,35,4.790373987546884
12,36,2.3069907585236624
12,37,2.447109289470908
12,38,2.50921522630887
12,39,2.9196040790968043
12,40,2.801784811013862
12,41,2.989139597920131
12,42,3.3985511113839686
12,43,4.440798637037324
13,0,3.11318416448162
13,1,2.606883766614204
13,2,4.695919478914617
13,3,4.831774710195622
13,4,2.0120097700489876
13,5,2.3705242173145478
13,6,2.3732440142520366
13,7,2.4492725049938224
13,8,2.1788733398294244
13,9,55.2660955832767
13,10,4.844351117212972
13,11,6.1213757340475405
13,12,1.5202303929035414
13,13,0.0
13,14,0.6234252672798893
13,15,1.1965484439686858
13,16,1.133790240687721
13,17,5.64797895430831
13,18,5.759572737967804
13,19,5.095813626200281
13,20,4.621108042155107
13,21,4.7680423472054185
13,22,4.536750083941227
13,23,4.9636825428708375
13,24,1.2330344314261836
13,25,1.450659629386935
13,26,0.5443498318611375
13,27,4.469590424838907
13,28,2.603850194700085
13,30,1.7138220688162917
13,31,1.3824917845373772
13,32,4.506564522235026
13,33,55.2660955832767
13,34,4.341984320081499
13,35,4.358843258365617
13,36,1.8754600293423962
13,37,2.015578560289642
13,38,2.077684497127604
13,39,2.488073349915538
13,40,2.370254081832596
13,41,2.5576088687388645
13,42,2.967020382202702
13,43,4.009267907856058
14,0,2.647909768039234
14,1,2.1416093701718184
14,2,4.230645082472231
14,3,4.366500313753235
14,4,1.546735373606602
14,5,1.9052498208721618
14,6,1.907969617809651
14,7,1.9839981085514364
14,8,1.7135989433870387
14,9,54.80082118683431
14,10,4.379076720770587
14,11,5.656101337605154
14,12,1.054955996461156
14,13,0.6234252672798893
14,14,0.0
14,15,0.7312740475263
14,16,0.6685158442453353
14,17,5.182704557865924
14,18,5.294298341525417
14,19,4.630539229757895
14,20,4.155833645712722
14,21,4.302767950763033
14,22,4.071475687498841
14,23,4.498408146428451
14,24,0.7677600349837979
14,25,0.9853852329445493
14,26,0.07907543541875184
14,27,4.004316028396522
14,28,2.1385757982576994
14,30,1.2485476723739062
14,31,0.9172173880949916
14,32,4.04129012579264
14,33,54.80082118683431
14,34,3.876709923639113
14,35,3.8935688619232316
14,36,1.4101856329000104
14,37,1.5503041638472561
14,38,1.6124101006852183
14,39,2.0227989534731523
14,40,1.90497968539021
14,41,2.092334472296479
14,42,2.5017459857603166
14,43,3.5439935114136722
15,0,3.22103294472803
15,1,2.7147325468606147
15,2,4.803768259161028
15,3,4.939623490442032
15,4,2.1198585502953984
15,5,2.478372997560958
15,6,2.4810927944984473
15,7,2.5571212852402327
15,8,2.286722120075835
15,9,55.37394436352311
15,10,4.9521998974593835
15,11,6.229224514293951
15,12,1.6280791731499522
15,13,1.1965484439686858
15,14,0.7312740475263
15,15,0.0
15,16,1.2416390209341315
15,17,5.755827734554721
15,18,5.867421518214214
15,19,5.203662406446691
15,20,4.728956822401518
15,21,4.87589112745183
15,22,4.644598864187637
15,23,5.071531323117248
15,24,1.3408832116725942
15,25,1.5585084096333457
15,26,0.6521986121075481
15,27,4.577439205085318
15,28,2.7116989749464957
15,30,1.8216708490627025
15,31,1.490340564783788
15,32,4.614413302481436
15,33,55.37394436352311
15,34,4.4498331003279095
15,35,4.4666920386120275
15,36,1.9833088095888067
15,37,2.123427340536052
15,38,2.1855332773740144
15,39,2.5959221301619486
15,40,2.478102862079006
15,41,2.6654576489852753
15,42,3.074869162449113
15,43,4.117116688102469
16,0,3.1582747414470655
16,1,2.65197434357965
16,2,4.741010055880063
16,3,4.876865287161068
16,4,2.057100347014434
16,5,2.4156147942799935
16,6,2.4183345912174827
16,7,2.494363081959268
16,8,2.2239639167948706
16,9,55.311186160242144
16,10,4.8894416941784185
16,11,6.166466311012986
16,12,1.5653209698689874
16,13,1.133790240687721
16,14,0.6685158442453353
16,15,1.2416390209341315
16,16,0.0
16,17,5.693069531273756
16,18,5.804663314933249
16,19,5.140904203165727
16,20,4.666198619120554
16,21,4.813132924170865
16,22,4.581840660906673
16,23,5.008773119836283
16,24,1.2781250083916293
16,25,1.4957502063523809
16,26,0.5894404088265834
16,27,4.5146810018043535
16,28,2.648940771665531
16,30,1.7589126457817377
16,31,1.4275823615028234
16,32,4.551655099200472
16,33,55.311186160242144
16,34,4.387074897046945
16,35,4.403933835331063
16,36,1.9205506063078421
16,37,2.0606691372550876
16,38,2.1227750740930498
16,39,2.533163926880984
16,40,2.4153446587980416
16,41,2.6026994457043107
16,42,3.0121109591681483
16,43,4.054358484821504
17,0,5.010243060105138
17,1,4.503942662237722
17,2,6.592978374538135
17,3,6.72883360581914
17,4,3.9090686656725055
17,5,4.267583112938065
17,6,4.2703029098755545
17,7,4.3463314006173395
17,8,4.075932235452942
17,9,57.16315447890022
17,10,1.5531492218434684
17,11,2.8301738386780366
17,12,6.079509683489576
17,13,5.64797895430831
17,14,5.182704557865924
17,15,5.755827734554721
17,16,5.693069531273756
17,17,0.0
17,18,0.11159378365949325
17,19,1.8046117308307768
17,20,1.3299061467856035
17,21,1.4768404518359146
17,22,1.2455481885717223
17,23,1.6724806475013332
17,24,5.792313722012219
17,25,6.009938919972971
17,26,5.103629122447172
17,27,1.178388529469403
17,28,4.500909090323602
17,30,6.273101359402327
17,31,5.9417710751234125
17,32,6.403623417858544
17,33,57.16315447890022
17,34,6.239043215705017
17,35,6.255902153989135
17,36,3.772518924965914
17,37,3.9126374559131594
17,38,3.9747433927511215
17,39,4.385132245539055
17,40,4.267312977456113
17,41,4.454667764362382
17,42,4.86407927782622
17,43,5.906326803479576
18,0,5.121836843764631
18,1,4.615536445897215
18,2,6.704572158197628
18,3,6.8404273894786325
18,4,4.020662449331999
18,5,4.379176896597559
18,6,4.381896693535047
18,7,4.457925184276833
18,8,4.187526019112435
18,9,57.27474826255971
18,10,1.6647430055029617
18,11,2.94176762233753
18,12,6.19110346714907
18,13,5.759572737967804
18,14,5.294298341525417
18,15,5.867421518214214
18,16,5.804663314933249
18,17,0.11159378365949325
18,18,0.0
18,19,1.91620551449027
18,20,1.4414999304450968
18,21,1.588434235495408
18,22,1.3571419722312157
18,23,1.7840744311608265
18,24,5.903907505671712
18,25,6.121532703632464
18,26,5.215222906106666
18,27,1.2899823131288963
18,28,4.612502873983096
18,30,6.38469514306182
18,31,6.053364858782906
18,32,6.515217201518037
18,33,57.27474826255971
18,34,6.35063699936451
18,35,6.367495937648629
18,36,3.8841127086254073
18,37,4.024231239572653
18,38,4.086337176410615
18,39,4.496726029198549
18,40,4.378906761115607
18,41,4.566261548021876
18,42,4.975673061485713
18,43,6.017920587139069
19,0,4.458077731997108
19,1,3.9517773341296927
19,2,6.040813046430105
19,3,6.1766682777111095
19,4,3.3569033375644763
19,5,3.715417784830036
19,6,3.7181375817675253
19,7,3.7941660725093107
19,8,3.523766907344913
19,9,56.610989150792186
19,10,1.0009838937354394
19,11,2.2780085105700074
19,12,5.527344355381548
19,13,5.095813626200281
19,14,4.630539229757895
19,15,5.203662406446691
19,16,5.140904203165727
19,17,1.8046117308307768
19,18,1.91620551449027
19,19,0.0
19,20,0.7777408186775743
19,21,0.9246751237278854
19,22,0.6933828604636934
19,23,1.120315319393304
19,24,5.240148393904189
19,25,5.457773591864941
19,26,4.551463794339144
19,27,0.6262232013613739
19,28,3.9487437622155737
19,30,5.720936031294297
19,31,5.389605747015383
19,32,5.851458089750514
19,33,56.610989150792186
19,34,5.686877887596987
19,35,5.703736825881105
19,36,3.2203535968578847
19,37,3.36047212780513
19,38,3.4225780646430923
19,39,3.8329669174310266
19,40,3.715147649348084
19,41,3.9025024362543532
19,42,4.311913949718191
19,43,5.354161475371546
20,0,3.983372147951935
20,1,3.4770717500845194
20,2,5.566107462384932
20,3,5.701962693665936
20,4,2.882197753519303
20,5,3.2407122007848628
20,6,3.243431997722352
20,7,3.3194604884641374
20,8,3.04906132329974
20,9,56.13628356674701
20,10,0.5262783096902659
20,11,1.8033029265248341
20,12,5.052638771336374
20,13,4.621108042155107
20,14,4.155833645712722
20,15,4.728956822401518
20,16,4.666198619120554
20,17,1.3299061467856035
20,18,1.4414999304450968
20,19,0.7777408186775743
20,20,0.0
20,21,0.4499695396827119
20,22,0.2186772764185198
20,23,0.6456097353481306
20,24,4.765442809859016
20,25,4.983068007819767
20,26,4.076758210293971
20,27,0.1515176173162004
20,28,3.4740381781704004
20,30,5.246230447249124
20,31,4.91490016297021
20,32,5.3767525057053405
20,33,56.13628356674701
20,34,5.212172303551814
20,35,5.229031241835932
20,36,2.7456480128127114
20,37,2.885766543759957
20,38,2.947872480597919
20,39,3.3582613333858533
20,40,3.240442065302911
20,41,3.42779685220918
20,42,3.8372083656730176
20,43,4.879455891326373
21,0,4.130306453002246
21,1,3.6240060551348305
21,2,5.713041767435244
21,3,5.848896998716248
21,4,3.029132058569614
21,5,3.387646505835174
21,6,3.390366302772663
21,7,3.4663947935144486
21,8,3.195995628350051
21,9,56.283217871797326
21,10,0.673212614740577
21,11,1.9502372315751453
21,12,5.1995730763866845
21,13,4.7680423472054185
21,14,4.302767950763033
21,15,4.87589112745183
21,16,4.813132924170865
21,17,1.4768404518359146
21,18,1.588434235495408
21,19,0.9246751237278854
21,20,0.4499695396827119
21,21,0.0
21,22,0.36561158146883094
21,23,0.7925440403984417
21,24,4.912377114909328
21,25,5.130002312870079
21,26,4.223692515344281
21,27,0.2984519223665115
21,28,3.6209724832207115
21,30,5.393164752299436
21,31,5.061834468020521
21,32,5.5236868107556525
21,33,56.283217871797326
21,34,5.359106608602126
21,35,5.375965546886244
21,36,2.8925823178630226
21,37,3.032700848810268
21,38,3.09480678564823
21,39,3.5051956384361644
21,40,3.387376370353222
21,41,3.574731157259491
21,42,3.9841426707233287
21,43,5.026390196376685
22,0,3.899014189738054
22,1,3.3927137918706385
22,2,5.481749504171051
22,3,5.617604735452056
22,4,2.797839795305422
22,5,3.156354242570982
22,6,3.159074039508471
22,7,3.2351025302502565
22,8,2.964703365085859
22,9,56.05192560853313
22,10,0.44192035147638487
22,11,1.718944968310953
22,12,4.968280813122493
22,13,4.536750083941227
22,14,4.071475687498841
22,15,4.644598864187637
22,16,4.581840660906673
22,17,1.2455481885717223
22,18,1.3571419722312157
22,19,0.6933828604636934
22,20,0.2186772764185198
22,21,0.36561158146883094
22,22,0.0
22,23,0.5612517771342496
22,24,4.681084851645135
22,25,4.898710049605887
22,26,3.992400252080089
22,27,0.06715965910231941
22,28,3.3896802199565195
22,30,5.161872489035243
22,31,4.830542204756329
22,32,5.29239454749146
22,33,56.05192560853313
22,34,5.127814345337933
22,35,5.144673283622051
22,36,2.6612900545988305
22,37,2.801408585546076
22,38,2.863514522384038
22,39,3.2739033751719724
22,40,3.15608410708903
22,41,3.343438893995299
22,42,3.7528504074591367
22,43,4.795097933112492
23,0,4.3259466486676645
23,1,3.819646250800249
23,2,5.908681963100662
23,3,6.044537194381666
23,4,3.2247722542350328
23,5,3.5832867015005925
23,6,3.5860064984380817
23,7,3.662034989179867
23,8,3.3916358240154696
23,9,56.478858067462745
23,10,0.8688528104059956
23,11,2.145877427240564
23,12,5.3952132720521035
23,13,4.9636825428708375
23,14,4.498408146428451
23,15,5.071531323117248
23,16,5.008773119836283
23,17,1.6724806475013332
23,18,1.7840744311608265
23,19,1.120315319393304
23,20,0.6456097353481306
23,21,0.7925440403984417
23,22,0.5612517771342496
23,23,0.0
23,24,5.108017310574746
23,25,5.3256425085354975
23,26,4.4193327110097
23,27,0.4940921180319302
23,28,3.81661267888613
23,30,5.588804947964854
23,31,5.25747466368594
23,32,5.719327006421071
23,33,56.478858067462745
23,34,5.554746804267544
23,35,5.571605742551663
23,36,3.088222513528441
23,37,3.2283410444756866
23,38,3.2904469813136488
23,39,3.700835834101583
23,40,3.5830165660186406
23,41,3.7703713529249097
23,42,4.179782866388747
23,43,5.222030392042103
24,0,3.257518932185528
24,1,2.7512185343181126
24,2,4.840254246618525
24,3,4.97610947789953
24,4,2.1563445377528963
24,5,2.514858985018456
24,6,2.517578781955945
24,7,2.5936072726977306
24,8,2.323208107533333
24,9,55.410430350980604
24,10,4.988685884916881
24,11,6.265710501751449
24,12,0.287195961477358
24,13,1.2330344314261836
24,14,0.7677600349837979
24,15,1.3408832116725942
24,16,1.2781250083916293
24,17,5.792313722012219
24,18,5.903907505671712
24,19,5.240148393904189
24,20,4.765442809859016
24,21,4.912377114909328
24,22,4.681084851645135
24,23,5.108017310574746
24,24,0.0
24,25,1.5949943970908436
24,26,0.688684599565046
24,27,4.6139251925428155
24,28,2.7481849624039936
24,30,1.8581568365202004
24,31,1.5268265522412858
24,32,4.650899289938934
24,33,55.410430350980604
24,34,4.486319087785407
24,35,4.503178026069525
24,36,2.0197947970463046
24,37,2.15991332799355
24,38,2.2220192648315122
24,39,2.6324081176194465
24,40,2.514588849536504
24,41,2.701943636442773
24,42,3.1113551499066108
24,43,4.153602675559966
25,0,3.4751441301462798
25,1,2.9688437322788643
25,2,5.057879444579277
25,3,5.193734675860282
25,4,2.373969735713648
25,5,2.7324841829792077
25,6,2.735203979916697
25,7,2.8112324706584824
25,8,2.540833305494085
25,9,55.62805554894136
25,10,5.206311082877633
25,11,6.4833356997122005
25,12,1.8821903585682014
25,13,1.450659629386935
25,14,0.9853852329445493
25,15,1.5585084096333457
25,16,1.4957502063523809
25,17,6.009938919972971
25,18,6.121532703632464
25,19,5.457773591864941
25,20,4.983068007819767
25,21,5.130002312870079
25,22,4.898710049605887
25,23,5.3256425085354975
25,24,1.5949943970908436
25,25,0.0
25,26,0.9063097975257974
25,27,4.831550390503567
25,28,2.9658101603647453
25,30,2.0757820344809517
25,31,1.7444517502020371
25,32,4.868524487899686
25,33,55.62805554894136
25,34,4.703944285746159
25,35,4.720803224030277
25,36,2.2374199950070564
25,37,2.377538525954302
25,38,2.439644462792264
25,39,2.8500333155801982
25,40,2.732214047497256
25,41,2.919568834403525
25,42,3.3289803478673625
25,43,4.371227873520718
26,0,2.568834332620482
26,1,2.0625339347530667
26,2,4.1515696470534795
26,3,4.287424878334484
26,4,1.4676599381878503
26,5,1.82617438545341
26,6,1.8288941823908993
26,7,1.9049226731326847
26,8,1.634523507968287
26,9,54.72174575141556
26,10,4.300001285351835
26,11,5.577025902186403
26,12,0.975880561042404
26,13,0.5443498318611375
26,14,0.07907543541875184
26,15,0.6521986121075481
26,16,0.5894404088265834
26,17,5.103629122447172
26,18,5.215222906106666
26,19,4.551463794339144
26,20,4.076758210293971
26,21,4.223692515344281
26,22,3.992400252080089
26,23,4.4193327110097
26,24,0.688684599565046
26,25,0.9063097975257974
26,26,0.0
26,27,3.9252405929777696
26,28,2.0595003628389477
26,30,1.1694722369551542
26,31,0.8381419526762398
26,32,3.9622146903738886
26,33,54.72174575141556
26,34,3.7976344882203614
26,35,3.81449342650448
26,36,1.3311101974812587
26,37,1.4712287284285044
26,38,1.5333346652664666
26,39,1.9437235180544006
26,40,1.8259042499714582
26,41,2.0132590368777272
26,42,2.422670550341565
26,43,3.4649180759949205
27,0,3.8318545306357343
27,1,3.325554132768319
27,2,5.414589845068732
27,3,5.550445076349736
27,4,2.7306801362031026
27,5,3.0891945834686623
27,6,3.0919143804061515
27,7,3.167942871147937
27,8,2.8975437059835394
27,9,55.984765949430816
27,10,0.37476069237406545
27,11,1.6517853092086336
27,12,4.901121154020173
27,13,4.469590424838907
27,14,4.004316028396522
27,15,4.577439205085318
27,16,4.5146810018043535
27,17,1.178388529469403
27,18,1.2899823131288963
27,19,0.6262232013613739
27,20,0.1515176173162004
27,21,0.2984519223665115
27,22,0.06715965910231941
27,23,0.4940921180319302
27,24,4.6139251925428155
27,25,4.831550390503567
27,26,3.9252405929777696
27,27,0.0
27,28,3.3225205608542
27,30,5.094712829932924
27,31,4.763382545654009
27,32,5.22523488838914
27,33,55.984765949430816
27,34,5.060654686235614
27,35,5.077513624519732
27,36,2.594130395496511
27,37,2.7342489264437564
27,38,2.7963548632817186
27,39,3.206743716069653
27,40,3.0889244479867104
27,41,3.2762792348929795
27,42,3.685690748356817
27,43,4.727938274010173
28,0,1.9661143004969124
28,1,1.459813902629497
28,2,3.54884961492991
28,3,3.6847048462109138
28,4,0.8649399060642805
28,5,1.2234543533298403
28,6,1.2261741502673293
28,7,1.302202641009115
28,8,1.0318034758447172
28,9,54.11902571929199
28,10,3.6972812532282653
28,11,4.974305870062833
28,12,3.0353809238813514
28,13,2.603850194700085
28,14,2.1385757982576994
28,15,2.7116989749464957
28,16,2.648940771665531
28,17,4.500909090323602
28,18,4.612502873983096
28,19,3.9487437622155737
28,20,3.4740381781704004
28,21,3.6209724832207115
28,22,3.3896802199565195
28,23,3.81661267888613
28,24,2.7481849624039936
28,25,2.9658101603647453
28,26,2.0595003628389477
28,27,3.3225205608542
28,28,0.0
28,30,3.2289725997941017
28,31,2.8976423155151876
28,32,3.359494658250319
28,33,54.11902571929199
28,34,3.1949144560967917
28,35,3.21177339438091
28,36,0.7283901653576889
28,37,0.8685086963049345
28,38,0.9306146331428966
28,39,0.11577684478454704
28,40,1.2231842178478884
28,41,1.4105390047541573
28,42,1.8199505182179951
28,43,2.862198043871351
30,0,3.738306569575636
30,1,3.2320061717082207
30,2,5.3210418840086335
30,3,5.456897115289638
30,4,2.6371321751430044
30,5,2.995646622408564
30,6,2.9983664193460533
30,7,3.0743949100878387
30,8,2.803995744923441
30,9,55.89121798837071
30,10,5.4694735223069895
30,11,6.746498139141557
30,12,2.145352797997558
30,13,1.7138220688162917
30,14,1.2485476723739062
30,15,1.8216708490627025
30,16,1.7589126457817377
30,17,6.273101359402327
30,18,6.38469514306182
30,19,5.720936031294297
30,20,5.246230447249124
30,21,5.393164752299436
30,22,5.161872489035243
30,23,5.588804947964854
30,24,1.8581568365202004
30,25,2.0757820344809517
30,26,1.1694722369551542
30,27,5.094712829932924
30,28,3.2289725997941017
30,30,0.0
30,31,2.007614189631394
30,32,5.131686927329042
30,33,55.89121798837071
30,34,4.967106725175515
30,35,4.983965663459633
30,36,2.5005824344364127
30,37,2.640700965383658
30,38,2.7028069022216203
30,39,3.1131957550095546
30,40,2.995376486926612
30,41,3.1827312738328812
30,42,3.592142787296719
30,43,4.6343903129500745
31,0,3.406976285296722
31,1,2.9006758874293066
31,2,4.989711599729719
31,3,5.125566831010723
31,4,2.3058018908640903
31,5,2.66431633812965
31,6,2.667036135067139
31,7,2.7430646258089246
31,8,2.472665460644527
31,9,55.5598877040918
31,10,5.138143238028075
31,11,6.415167854862643
31,12,1.8140225137186436
31,13,1.3824917845373772
31,14,0.9172173880949916
31,15,1.490340564783788
31,16,1.4275823615028234
31,17,5.9417710751234125
31,18,6.053364858782906
31,19,5.389605747015383
31,20,4.91490016297021
31,21,5.061834468020521
31,22,4.830542204756329
31,23,5.25747466368594
31,24,1.5268265522412858
31,25,1.7444517502020371
31,26,0.8381419526762398
31,27,4.763382545654009
31,28,2.8976423155151876
31,30,2.007614189631394
31,31,0.0
31,32,4.800356643050128
31,33,55.5598877040918
31,34,4.635776440896601
31,35,4.652635379180719
31,36,2.1692521501574986
31,37,2.309370681104744
31,38,2.3714766179427063
31,39,2.7818654707306405
31,40,2.664046202647698
31,41,2.851400989553967
31,42,3.260812503017805
31,43,4.30306002867116
32,0,3.8688286280318533
32,1,3.362528230164438
32,2,1.1839481854375271
32,3,1.319803416718531
32,4,2.7676542335992216
32,5,3.1261686808647813
32,6,3.1288884778022705
32,7,3.204916968544056
32,8,2.9345178033796584
32,9,56.021740046826935
32,10,5.599995580763206
32,11,6.877020197597774
32,12,4.938095251416292
32,13,4.506564522235026
32,14,4.04129012579264
32,15,4.614413302481436
32,16,4.551655099200472
32,17,6.403623417858544
32,18,6.515217201518037
32,19,5.851458089750514
32,20,5.3767525057053405
32,21,5.5236868107556525
32,22,5.29239454749146
32,23,5.719327006421071
32,24,4.650899289938934
32,25,4.868524487899686
32,26,3.9622146903738886
32,27,5.22523488838914
32,28,3.359494658250319
32,30,5.131686927329042
32,31,4.800356643050128
32,32,0.0
32,33,56.021740046826935
32,34,0.16458020215352714
32,35,0.8468719648885273
32,36,2.63110449289263
32,37,2.7712230238398754
32,38,2.8333289606778376
32,39,3.243717813465772
32,40,3.1258985453828294
32,41,3.3132533322890985
32,42,3.722664845752936
32,43,0.497296614378968
33,0,54.62835968907353
33,1,54.122059291206114
33,2,56.21109500350653
33,3,56.34695023478753
33,4,53.527185294640894
33,5,53.88569974190646
33,6,53.88841953884394
33,7,53.964448029585725
33,8,53.69404886442133
33,9,106.7812711078686
33,10,56.35952664180488
33,11,57.63655125863944
33,12,55.69762631245796
33,13,55.2660955832767
33,14,54.80082118683431
33,15,55.37394436352311
33,16,55.311186160242144
33,17,57.16315447890022
33,18,57.27474826255971
33,19,56.610989150792186
33,20,56.13628356674701
33,21,56.283217871797326
33,22,56.05192560853313
33,23,56.478858067462745
33,24,55.410430350980604
33,25,55.62805554894136
33,26,54.72174575141556
33,27,55.984765949430816
33,28,54.11902571929199
33,30,55.89121798837071
33,31,55.5598877040918
33,32,56.021740046826935
33,33,0.0
33,34,55.857159844673404
33,35,55.87401878295753
33,36,53.3906355539343
33,37,53.53075408488155
33,38,53.59286002171951
33,39,54.00324887450744
33,40,53.8854296064245
33,41,54.07278439333077
33,42,54.48219590679461
33,43,55.52444343244797
34,0,3.704248425878326
34,1,3.1979480280109107
34,2,1.019367983284
34,3,1.1552232145650039
34,4,2.6030740314456944
34,5,2.961588478711254
34,6,2.9643082756487433
34,7,3.0403367663905287
34,8,2.769937601226131
34,9,55.857159844673404
34,10,5.4354153786096795
34,11,6.712439995444247
34,12,4.773515049262765
34,13,4.341984320081499
34,14,3.876709923639113
34,15,4.4498331003279095
34,16,4.387074897046945
34,17,6.239043215705017
34,18,6.35063699936451
34,19,5.686877887596987
34,20,5.212172303551814
34,21,5.359106608602126
34,22,5.127814345337933
34,23,5.554746804267544
34,24,4.486319087785407
34,25,4.703944285746159
34,26,3.7976344882203614
34,27,5.060654686235614
34,28,3.1949144560967917
34,30,4.967106725175515
34,31,4.635776440896601
34,32,0.16458020215352714
34,33,55.857159844673404
34,34,0.0
34,35,0.6822917627350003
34,36,2.4665242907391027
34,37,2.606642821686348
34,38,2.6687487585243104
34,39,3.0791376113122446
34,40,2.961318343229302
34,41,3.1486731301355713
34,42,3.558084643599409
34,43,0.33271641222544085
35,0,3.7211073641624446
35,1,3.214806966295029
35,2,1.0362269215681184
35,3,1.1720821528491223
35,4,2.619932969729813
35,5,2.9784474169953725
35,6,2.9811672139328618
35,7,3.057195704674647
35,8,2.7867965395102496
35,9,55.87401878295753
35,10,5.4522743168937975
35,11,6.729298933728366
35,12,4.790373987546884
35,13,4.358843258365617
35,14,3.8935688619232316
35,15,4.4666920386120275
35,16,4.403933835331063
35,17,6.255902153989135
35,18,6.367495937648629
35,19,5.703736825881105
35,20,5.229031241835932
35,21,5.375965546886244
35,22,5.144673283622051
35,23,5.571605742551663
35,24,4.503178026069525
35,25,4.720803224030277
35,26,3.81449342650448
35,27,5.077513624519732
35,28,3.21177339438091
35,30,4.983965663459633
35,31,4.652635379180719
35,32,0.8468719648885273
35,33,55.87401878295753
35,34,0.6822917627350003
35,35,0.0
35,36,2.483383229023221
35,37,2.6235017599704666
35,38,2.685607696808429
35,39,3.095996549596363
35,40,2.9781772815134206
35,41,3.1655320684196897
35,42,3.5749435818835273
35,43,0.34957535050955935
36,0,1.2377241351392234
36,1,0.731423737271808
36,2,2.820459449572221
36,3,2.956314680853225
36,4,0.13654974070659162
36,5,0.4950641879721514
36,6,0.4977839849096405
36,7,0.573812475651426
36,8,0.3034133104870283
36,9,53.3906355539343
36,10,2.9688910878705763
36,11,4.245915704705144
36,12,2.3069907585236624
36,13,1.8754600293423962
36,14,1.4101856329000104
36,15,1.9833088095888067
36,16,1.9205506063078421
36,17,3.772518924965914
36,18,3.8841127086254073
36,19,3.2203535968578847
36,20,2.7456480128127114
36,21,2.8925823178630226
36,22,2.6612900545988305
36,23,3.088222513528441
36,24,2.0197947970463046
36,25,2.2374199950070564
36,26,1.3311101974812587
36,27,2.594130395496511
36,28,0.7283901653576889
36,30,2.5005824344364127
36,31,2.1692521501574986
36,32,2.63110449289263
36,33,53.3906355539343
36,34,2.4665242907391027
36,35,2.483383229023221
36,36,0.0
36,37,0.14011853094724566
36,38,0.2022244677852078
36,39,0.6126133205731418
36,40,0.4947940524901995
36,41,0.6821488393964684
36,42,1.0915603528603062
36,43,2.133807878513662
37,0,1.377842666086469
37,1,0.8715422682190537
37,2,2.9605779805194663
37,3,3.0964332118004703
37,4,0.2766682716538373
37,5,0.635182718919397
37,6,0.6379025158568862
37,7,0.7139310065986717
37,8,0.44353184143427393
37,9,53.53075408488155
37,10,3.109009618817822
37,11,4.38603423565239
37,12,2.447109289470908
37,13,2.015578560289642
37,14,1.5503041638472561
37,15,2.123427340536052
37,16,2.0606691372550876
37,17,3.9126374559131594
37,18,4.024231239572653
37,19,3.36047212780513
37,20,2.885766543759957
37,21,3.032700848810268
37,22,2.801408585546076
37,23,3.2283410444756866
37,24,2.15991332799355
37,25,2.377538525954302
37,26,1.4712287284285044
37,27,2.7342489264437564
37,28,0.8685086963049345
37,30,2.640700965383658
37,31,2.309370681104744
37,32,2.7712230238398754
37,33,53.53075408488155
37,34,2.606642821686348
37,35,2.6235017599704666
37,36,0.14011853094724566
37,37,0.0
37,38,0.34234299873245344
37,39,0.7527318515203875
37,40,0.6349125834374452
37,41,0.8222673703437141
37,42,1.2316788838075519
37,43,2.2739264094609073
38,0,1.4399486029244313
38,1,0.9336482050570158
38,2,3.0226839173574285
38,3,3.1585391486384324
38,4,0.3387742084917994
38,5,0.6972886557573592
38,6,0.7000084526948482
38,7,0.7760369434366339
38,8,0.5056377782722361
38,9,53.59286002171951
38,10,3.171115555655784
38,11,4.448140172490352
38,12,2.50921522630887
38,13,2.077684497127604
38,14,1.6124101006852183
38,15,2.1855332773740144
38,16,2.1227750740930498
38,17,3.9747433927511215
38,18,4.086337176410615
38,19,3.4225780646430923
38,20,2.947872480597919
38,21,3.09480678564823
38,22,2.863514522384038
38,23,3.2904469813136488
38,24,2.2220192648315122
38,25,2.439644462792264
38,26,1.5333346652664666
38,27,2.7963548632817186
38,28,0.9306146331428966
38,30,2.7028069022216203
38,31,2.3714766179427063
38,32,2.8333289606778376
38,33,53.59286002171951
38,34,2.6687487585243104
38,35,2.685607696808429
