source_id,target_id,rtt
0,0,0.0
0,1,32.64778183638135
0,2,19.757599138373457
0,3,28.58711272799045
0,4,8.415829796539217
0,5,41.50838832522351
0,6,3.3993597759371674
0,7,3.8579125202163116
0,8,4.911762137022024
0,9,9.011159005321138
0,10,145.2711544076171
0,11,145.2711544076171
0,12,24.560782443122427
0,13,23.885736251791162
0,14,31.472171668491242
0,15,27.90763101517036
0,16,33.01883594767501
0,17,30.698956942472087
0,18,145.2711544076171
0,19,145.2711544076171
0,20,15.442461796630141
0,21,22.801635278270844
0,23,22.07939777960701
0,24,12.236511914103744
0,25,9.527701330182648
0,26,11.161704553317398
0,27,21.56506590336435
0,28,16.83385666304914
0,29,16.00198999323716
0,30,17.64019176529645
0,31,16.922647557101662
0,32,18.282316129192235
0,33,51.77921906565723
0,34,48.49076234588083
0,35,37.56890270442307
0,36,35.64811195371064
0,37,30.560292219299434
0,38,35.81947122863058
0,39,26.952535931991783
0,40,26.828766036819736
1,0,32.64778183638135
1,1,0.0
1,2,25.507369797925463
1,3,4.362843349014135
1,4,33.34778659248794
1,5,49.68314633339737
1,6,33.86058444077296
1,7,28.78986931616504
1,8,29.843718932970745
1,9,33.94311580126986
1,10,153.44591241579096
1,11,153.44591241579096
1,12,32.73554045129629
1,13,32.06049425996502
1,14,40.827786279199074
1,15,37.26324562587819
1,16,42.37445055838284
1,17,40.05457155317992
1,18,153.44591241579096
1,19,153.44591241579096
1,20,23.617219804804
1,21,30.976393286444704
1,23,33.79435656697217
1,24,20.411269922277604
1,25,23.35071045252251
1,26,33.8383285312078
1,27,29.73982391153821
1,28,25.008614671223
1,29,27.716948780602316
1,30,29.355150552661605
1,31,25.097405565275523
1,32,14.365465707189111
1,33,47.86236864365411
1,34,56.66552035405469
1,35,33.65205228241994
1,36,31.73126153170751
1,37,26.64344179729631
1,38,31.902620806627457
1,39,35.12729394016564
1,40,35.0035240449936
2,0,19.757599138373457
2,1,25.507369797925463
2,2,0.0
2,3,21.446700689534566
2,4,20.45760389448005
2,5,36.79296363538948
2,6,20.970401742765073
2,7,15.899686618157146
2,8,16.953536234962858
2,9,21.05293310326197
2,10,140.55572971778307
2,11,140.55572971778307
2,12,19.845357753288397
2,13,19.17031156195713
2,14,27.937603581191183
2,15,24.3730629278703
2,16,29.48426786037495
2,17,27.164388855172028
2,18,140.55572971778307
2,19,140.55572971778307
2,20,10.72703710679611
2,21,18.086210588436813
2,23,20.90417386896428
2,24,7.5210872242697135
2,25,10.46052775451462
2,26,20.948145833199913
2,27,16.84964121353032
2,28,12.11843197321511
2,29,14.826766082594427
2,30,16.464967854653718
2,31,12.207222867267634
2,32,11.141904090736352
2,33,44.638807027201345
2,34,43.7753376560468
2,35,30.428490665967182
2,36,28.50769991525475
2,37,23.41988018084355
2,38,28.679059190174698
2,39,22.237111242157752
2,40,22.113341346985706
3,0,28.58711272799045
3,1,4.362843349014135
3,2,21.446700689534566
3,3,0.0
3,4,29.287117484097045
3,5,45.62247722500647
3,6,29.799915332382064
3,7,24.72920020777414
3,8,25.783049824579848
3,9,29.882446692878965
3,10,149.38524330740006
3,11,149.38524330740006
3,12,28.67487134290539
3,13,27.99982515157412
3,14,36.76711717080818
3,15,33.202576517487294
3,16,38.31378144999194
3,17,35.99390244478902
3,18,149.38524330740006
3,19,149.38524330740006
3,20,19.556550696413105
3,21,26.915724178053807
3,23,29.733687458581272
3,24,16.350600813886707
3,25,19.290041344131613
3,26,29.777659422816903
3,27,25.679154803147313
3,28,20.947945562832103
3,29,23.65627967221142
3,30,25.29448144427071
3,31,21.036736456884626
3,32,10.304796598798214
3,33,43.80169953526321
3,34,52.604851245663795
3,35,29.591383174029044
3,36,27.670592423316613
3,37,22.58277268890541
3,38,27.84195169823656
3,39,31.066624831774746
3,40,30.9428549366027
4,0,8.415829796539217
4,1,33.34778659248794
4,2,20.45760389448005
4,3,29.287117484097045
4,4,0.0
4,5,42.2083930813301
4,6,9.628632400930833
4,7,4.5579172763229066
4,8,4.765530106149149
4,9,9.711163761427734
4,10,145.9711591637237
4,11,145.9711591637237
4,12,25.26078719922902
4,13,24.585741007897756
4,14,32.172176424597836
4,15,28.607635771276954
4,16,33.7188407037816
4,17,31.39896169857868
4,18,145.9711591637237
4,19,145.9711591637237
4,20,16.142466552736735
4,21,23.501640034377438
4,23,22.779402535713604
4,24,12.936516670210338
4,25,10.227706086289242
4,26,11.861709309423993
4,27,22.265070659470943
4,28,17.533861419155734
4,29,16.701994749343754
4,30,18.340196521403044
4,31,17.622652313208256
4,32,18.98232088529883
4,33,52.479223821763824
4,34,49.190767101987426
4,35,38.26890746052966
4,36,36.34811670981723
4,37,31.26029697540603
4,38,36.51947598473718
4,39,27.652540688098377
4,40,27.52877079292633
5,0,41.50838832522351
5,1,49.68314633339737
5,2,36.79296363538948
5,3,45.62247722500647
5,4,42.2083930813301
5,5,0.0
5,6,42.72119092961512
5,7,37.6504758050072
5,8,38.70432542181291
5,9,38.68551283380441
5,10,141.1762721762989
5,11,141.1762721762989
5,12,21.367832495649978
5,13,19.79085402047298
5,14,28.558146039707033
5,15,24.99360538638615
5,16,30.1048103188908
5,17,27.784931313687878
5,18,141.1762721762989
5,19,141.1762721762989
5,20,29.13703044626498
5,21,18.706753046952663
5,23,31.218964483906667
5,24,29.271876411119763
5,25,32.21131694136467
5,26,36.53496728580816
5,27,27.03408086330101
5,28,27.70525342582335
5,29,30.41358753520267
5,30,32.05178930726196
5,31,24.937683364474804
5,32,35.31768062620826
5,33,49.065413278754434
5,34,44.39588011456265
5,35,34.855096917520264
5,36,32.934306166807836
5,37,27.846486432396635
5,38,33.10566544172779
5,39,22.857653700673602
5,40,22.733883805501556
6,0,3.3993597759371674
6,1,33.86058444077296
6,2,20.970401742765073
6,3,29.799915332382064
6,4,9.628632400930833
6,5,42.72119092961512
6,6,0.0
6,7,5.070715124607927
6,8,6.12456474141364
6,9,10.223961609712754
6,10,146.48395701200872
6,11,146.48395701200872
6,12,25.773585047514047
6,13,25.098538856182778
6,14,32.684974272882855
6,15,29.12043361956197
6,16,34.23163855206662
6,17,31.9117595468637
6,18,146.48395701200872
6,19,146.48395701200872
6,20,16.655264401021757
6,21,24.01443788266246
6,23,23.292200383998622
6,24,13.44931451849536
6,25,10.740503934574264
6,26,12.374507157709013
6,27,22.777868507755965
6,28,18.046659267440756
6,29,17.214792597628772
6,30,18.852994369688062
6,31,18.13545016149328
6,32,19.49511873358385
6,33,52.99202167004884
6,34,49.70356495027245
6,35,38.78170530881468
6,36,36.86091455810225
6,37,31.773094823691046
6,38,37.032273833022195
6,39,28.165338536383402
6,40,28.041568641211352
7,0,3.8579125202163116
7,1,28.78986931616504
7,2,15.899686618157146
7,3,24.72920020777414
7,4,4.5579172763229066
7,5,37.6504758050072
7,6,5.070715124607927
7,7,0.0
7,8,1.0538496168057125
7,9,5.153246485104827
7,10,141.4132418874008
7,11,141.4132418874008
7,12,20.702869922906117
7,13,20.02782373157485
7,14,27.61425914827493
7,15,24.049718494954043
7,16,29.160923427458695
7,17,26.841044422255777
7,18,141.4132418874008
7,19,141.4132418874008
7,20,11.58454927641383
7,21,18.943722758054534
7,23,18.221485259390697
7,24,8.378599393887432
7,25,5.669788809966335
7,26,7.303792033101086
7,27,17.707153383148036
7,28,12.975944142832827
7,29,12.144077473020847
7,30,13.782279245080138
7,31,13.064735036885352
7,32,14.424403608975926
7,33,47.92130654544092
7,34,44.63284982566452
7,35,33.71099018420676
7,36,31.790199433494326
7,37,26.702379699083124
7,38,31.961558708414273
7,39,23.094623411775473
7,40,22.970853516603427
8,0,4.911762137022024
8,1,29.843718932970745
8,2,16.953536234962858
8,3,25.783049824579848
8,4,4.765530106149149
8,5,38.70432542181291
8,6,6.12456474141364
8,7,1.0538496168057125
8,8,0.0
8,9,6.2070961019105395
8,10,142.4670915042065
8,11,142.4670915042065
8,12,21.75671953971183
8,13,21.081673348380562
8,14,28.66810876508064
8,15,25.103568111759756
8,16,30.214773044264405
8,17,27.894894039061487
8,18,142.4670915042065
8,19,142.4670915042065
8,20,12.638398893219541
8,21,19.997572374860244
8,23,19.27533487619641
8,24,9.432449010693144
8,25,6.723638426772048
8,26,8.357641649906798
8,27,18.76100299995375
8,28,14.02979375963854
8,29,13.197927089826559
8,30,14.83612886188585
8,31,14.118584653691064
8,32,15.478253225781636
8,33,48.97515616224663
8,34,45.68669944247023
8,35,34.764839801012464
8,36,32.84404905030003
8,37,27.75622931588883
8,38,33.01540832521998
8,39,24.148473028581186
8,40,24.024703133409137
9,0,9.011159005321138
9,1,33.94311580126986
9,2,21.05293310326197
9,3,29.882446692878965
9,4,9.711163761427734
9,5,38.68551283380441
9,6,10.223961609712754
9,7,5.153246485104827
9,8,6.2070961019105395
9,9,0.0
9,10,142.44827891619798
9,11,142.44827891619798
9,12,18.70718518805435
9,13,21.062860760372068
9,14,23.742106973855826
9,15,20.177566320534943
9,16,25.28877125303959
9,17,22.96889224783667
9,18,142.44827891619798
9,19,142.44827891619798
9,20,12.41203642842269
9,21,19.978759786851747
9,23,14.349333084971594
9,24,13.531845878992259
9,25,10.823035295071161
9,26,2.1505455479962587
9,27,15.71146864829627
9,28,10.98025940798106
9,29,8.271925298601744
9,30,9.910127070661035
9,31,18.21798152199018
9,32,19.577650094080752
9,33,50.33742001865352
9,34,45.667886854461734
9,35,36.127103657419354
9,36,34.20631290670693
9,37,29.11849317229572
9,38,34.37767218162687
9,39,24.12966044057269
9,40,24.00589054540064
10,0,145.2711544076171
10,1,153.44591241579096
10,2,140.55572971778307
10,3,149.38524330740006
10,4,145.9711591637237
10,5,141.1762721762989
10,6,146.48395701200872
10,7,141.4132418874008
10,8,142.4670915042065
10,9,142.44827891619798
10,10,0.0
10,11,244.9390382586925
10,12,125.13059857804356
10,13,123.55362010286657
10,14,132.32091212210062
10,15,128.75637146877975
10,16,133.8675764012844
10,17,131.54769739608147
10,18,244.9390382586925
10,19,244.9390382586925
10,20,132.89979652865856
10,21,122.46951912934625
10,23,134.98173056630026
10,24,133.03464249351336
10,25,135.97408302375825
10,26,140.29773336820173
10,27,130.7968469456946
10,28,131.46801950821694
10,29,134.17635361759625
10,30,135.81455538965554
10,31,128.7004494468684
10,32,139.08044670860184
10,33,152.82817936114802
10,34,148.15864619695623
10,35,138.61786299991385
10,36,136.69707224920143
10,37,131.60925251479023
10,38,136.86843152412138
10,39,126.62041978306719
10,40,126.49664988789515
11,0,145.2711544076171
11,1,153.44591241579096
11,2,140.55572971778307
11,3,149.38524330740006
11,4,145.9711591637237
11,5,141.1762721762989
11,6,146.48395701200872
11,7,141.4132418874008
11,8,142.4670915042065
11,9,142.44827891619798
11,10,244.9390382586925
11,11,0.0
11,12,125.13059857804356
11,13,123.55362010286657
11,14,132.32091212210062
11,15,128.75637146877975
11,16,133.8675764012844
11,17,131.54769739608147
11,18,244.9390382586925
11,19,244.9390382586925
11,20,132.89979652865856
11,21,122.46951912934625
11,23,134.98173056630026
11,24,133.03464249351336
11,25,135.97408302375825
11,26,140.29773336820173
11,27,130.7968469456946
11,28,131.46801950821694
11,29,134.17635361759625
11,30,135.81455538965554
11,31,128.7004494468684
11,32,139.08044670860184
11,33,152.82817936114802
11,34,148.15864619695623
11,35,138.61786299991385
11,36,136.69707224920143
11,37,131.60925251479023
11,38,136.86843152412138
11,39,126.62041978306719
11,40,126.49664988789515
12,0,24.560782443122427
12,1,32.73554045129629
12,2,19.845357753288397
12,3,28.67487134290539
12,4,25.26078719922902
12,5,21.367832495649978
12,6,25.773585047514047
12,7,20.702869922906117
12,8,21.75671953971183
12,9,18.70718518805435
12,10,125.13059857804356
12,11,125.13059857804356
12,12,0.0
12,13,2.649803543901236
12,14,12.512472441451683
12,15,8.947931788130798
12,16,14.059136720635449
12,17,11.73925771543253
12,18,125.13059857804356
12,19,125.13059857804356
12,20,9.158702800514918
12,21,2.661079448697313
12,23,15.173290885651317
12,24,12.324270529018683
12,25,15.26371105926359
12,26,16.55663964005809
12,27,5.6662483676510345
12,28,7.726925780073289
12,29,10.435259889452606
12,30,12.073461661511898
12,31,8.892009766219454
12,32,18.37007474410718
12,33,33.01973968049908
12,34,28.350206516307303
12,35,18.809423319264916
12,36,16.888632568552488
12,37,11.800812834141285
12,38,17.059991843472435
12,39,6.811980102418254
12,40,6.688210207246205
13,0,23.885736251791162
13,1,32.06049425996502
13,2,19.17031156195713
13,3,27.99982515157412
13,4,24.585741007897756
13,5,19.79085402047298
13,6,25.098538856182778
13,7,20.02782373157485
13,8,21.081673348380562
13,9,21.062860760372068
13,10,123.55362010286657
13,11,123.55362010286657
13,12,2.649803543901236
13,13,0.0
13,14,10.935493966274688
13,15,7.370953312953804
13,16,12.482158245458454
13,17,10.162279240255534
13,18,123.55362010286657
13,19,123.55362010286657
13,20,11.514378372832635
13,21,1.0841009735203186
13,23,13.596312410474322
13,24,11.649224337687418
13,25,14.588664867932325
13,26,18.91231521237581
13,27,8.31605191155227
13,28,10.082601352391006
13,29,12.790935461770323
13,30,14.429137233829614
13,31,7.31503129104246
13,32,17.69502855277591
13,33,31.442761205322086
13,34,26.773228041130306
13,35,17.232444844087922
13,36,15.311654093375491
13,37,10.22383435896429
13,38,15.483013368295438
13,39,5.235001627241259
13,40,5.111231732069211
14,0,31.472171668491242
14,1,40.827786279199074
14,2,27.937603581191183
14,3,36.76711717080818
14,4,32.172176424597836
14,5,28.558146039707033
14,6,32.684974272882855
14,7,27.61425914827493
14,8,28.66810876508064
14,9,23.742106973855826
14,10,132.32091212210062
14,11,132.32091212210062
14,12,12.512472441451683
14,13,10.935493966274688
14,14,0.0
14,15,3.564540653320884
14,16,8.675745585825533
14,17,6.355866580622616
14,18,132.32091212210062
14,19,132.32091212210062
14,20,19.610292805075026
14,21,9.85139299275437
14,23,21.547589461623932
14,24,20.41651635692147
14,25,23.355956887166375
14,26,21.591561425859567
14,27,18.178720809102717
14,28,18.1785157846334
14,29,15.470181675254082
14,30,17.108383447313372
14,31,16.08232331027651
14,32,26.46232057200996
14,33,40.210053224556134
14,34,35.54052006036436
14,35,25.999736863321974
14,36,24.078946112609543
14,37,18.99112637819834
14,38,24.25030538752949
14,39,14.00229364647531
14,40,13.878523751303263
15,0,27.90763101517036
15,1,37.26324562587819
15,2,24.3730629278703
15,3,33.202576517487294
15,4,28.607635771276954
15,5,24.99360538638615
15,6,29.12043361956197
15,7,24.049718494954043
15,8,25.103568111759756
15,9,20.177566320534943
15,10,128.75637146877975
15,11,128.75637146877975
15,12,8.947931788130798
15,13,7.370953312953804
15,14,3.564540653320884
15,15,0.0
15,16,5.111204932504649
15,17,2.791325927301731
15,18,128.75637146877975
15,19,128.75637146877975
15,20,16.045752151754144
15,21,6.286852339433485
15,23,17.98304880830305
15,24,16.851975703600587
15,25,19.791416233845492
15,26,18.027020772538684
15,27,14.614180155781833
15,28,14.613975131312515
15,29,11.905641021933198
15,30,13.54384279399249
15,31,12.517782656955626
15,32,22.89777991868908
15,33,36.64551257123525
15,34,31.975979407043475
15,35,22.435196210001088
15,36,20.51440545928866
15,37,15.426585724877457
15,38,20.685764734208608
15,39,10.437752993154426
15,40,10.313983097982376
16,0,33.01883594767501
16,1,42.37445055838284
16,2,29.48426786037495
16,3,38.31378144999194
16,4,33.7188407037816
16,5,30.1048103188908
16,6,34.23163855206662
16,7,29.160923427458695
16,8,30.214773044264405
16,9,25.28877125303959
16,10,133.8675764012844
16,11,133.8675764012844
16,12,14.059136720635449
16,13,12.482158245458454
16,14,8.675745585825533
16,15,5.111204932504649
16,16,0.0
16,17,7.90253085980638
16,18,133.8675764012844
16,19,133.8675764012844
16,20,21.156957084258792
16,21,11.398057271938136
16,23,23.094253740807698
16,24,21.963180636105236
16,25,24.90262116635014
16,26,23.138225705043332
16,27,19.725385088286483
16,28,19.725180063817167
16,29,17.016845954437848
16,30,18.655047726497138
16,31,17.628987589460277
16,32,28.008984851193727
16,33,41.75671750373991
16,34,37.08718433954812
16,35,27.54640114250574
16,36,25.62561039179331
16,37,20.537790657382107
16,38,25.796969666713256
16,39,15.548957925659076
16,40,15.425188030487028
17,0,30.698956942472087
17,1,40.05457155317992
17,2,27.164388855172028
17,3,35.99390244478902
17,4,31.39896169857868
17,5,27.784931313687878
17,6,31.9117595468637
17,7,26.841044422255777
17,8,27.894894039061487
17,9,22.96889224783667
17,10,131.54769739608147
17,11,131.54769739608147
17,12,11.73925771543253
17,13,10.162279240255534
17,14,6.355866580622616
17,15,2.791325927301731
17,16,7.90253085980638
17,17,0.0
17,18,131.54769739608147
17,19,131.54769739608147
17,20,18.837078079055875
17,21,9.078178266735216
17,23,20.77437473560478
17,24,19.643301630902315
17,25,22.58274216114722
17,26,20.818346699840415
17,27,17.405506083083566
17,28,17.405301058614246
17,29,14.696966949234929
17,30,16.33516872129422
17,31,15.309108584257357
17,32,25.689105845990806
17,33,39.436838498536986
17,34,34.7673053343452
17,35,25.226522137302823
17,36,23.30573138659039
17,37,18.21791165217919
17,38,23.47709066151034
17,39,13.229078920456157
17,40,13.105309025284107
18,0,145.2711544076171
18,1,153.44591241579096
18,2,140.55572971778307
18,3,149.38524330740006
18,4,145.9711591637237
18,5,141.1762721762989
18,6,146.48395701200872
18,7,141.4132418874008
18,8,142.4670915042065
18,9,142.44827891619798
18,10,244.9390382586925
18,11,244.9390382586925
18,12,125.13059857804356
18,13,123.55362010286657
18,14,132.32091212210062
18,15,128.75637146877975
18,16,133.8675764012844
18,17,131.54769739608147
18,18,0.0
18,19,244.9390382586925
18,20,132.89979652865856
18,21,122.46951912934625
18,23,134.98173056630026
18,24,133.03464249351336
18,25,135.97408302375825
18,26,140.29773336820173
18,27,130.7968469456946
18,28,131.46801950821694
18,29,134.17635361759625
18,30,135.81455538965554
18,31,128.7004494468684
18,32,139.08044670860184
18,33,152.82817936114802
18,34,148.15864619695623
18,35,138.61786299991385
18,36,136.69707224920143
18,37,131.60925251479023
18,38,136.86843152412138
18,39,126.62041978306719
18,40,126.49664988789515
19,0,145.2711544076171
19,1,153.44591241579096
19,2,140.55572971778307
19,3,149.38524330740006
19,4,145.9711591637237
19,5,141.1762721762989
19,6,146.48395701200872
19,7,141.4132418874008
19,8,142.4670915042065
19,9,142.44827891619798
19,10,244.9390382586925
19,11,244.9390382586925
19,12,125.13059857804356
19,13,123.55362010286657
19,14,132.32091212210062
19,15,128.75637146877975
19,16,133.8675764012844
19,17,131.54769739608147
19,18,244.9390382586925
19,19,0.0
19,20,132.89979652865856
19,21,122.46951912934625
19,23,134.98173056630026
19,24,133.03464249351336
19,25,135.97408302375825
19,26,140.29773336820173
19,27,130.7968469456946
19,28,131.46801950821694
19,29,134.17635361759625
19,30,135.81455538965554
19,31,128.7004494468684
19,32,139.08044670860184
19,33,152.82817936114802
19,34,148.15864619695623
19,35,138.61786299991385
19,36,136.69707224920143
19,37,131.60925251479023
19,38,136.86843152412138
19,39,126.62041978306719
19,40,126.49664988789515
20,0,15.442461796630141
20,1,23.617219804804
20,2,10.72703710679611
20,3,19.556550696413105
20,4,16.142466552736735
20,5,29.13703044626498
20,6,16.655264401021757
20,7,11.58454927641383
20,8,12.638398893219541
20,9,12.41203642842269
20,10,132.89979652865856
20,11,132.89979652865856
20,12,9.158702800514918
20,13,11.514378372832635
20,14,19.610292805075026
20,15,16.045752151754144
20,16,21.156957084258792
20,17,18.837078079055875
20,18,132.89979652865856
20,19,132.89979652865856
20,20,0.0
20,21,10.430277399312317
20,23,10.217518916190798
20,24,3.2059498825263972
20,25,6.145390412771304
20,26,10.261490880426432
20,27,6.162986260756837
20,28,1.4317770204416287
20,29,4.140111129820946
20,30,5.778312901880237
20,31,7.892085525524317
20,32,9.251754097614889
20,33,40.78893763111408
20,34,36.119404466922305
20,35,26.57862126987992
20,36,24.65783051916749
20,37,19.57001078475629
20,38,24.829189794087437
20,39,14.581178053033257
20,40,14.45740815786121
21,0,22.801635278270844
21,1,30.976393286444704
21,2,18.086210588436813
21,3,26.915724178053807
21,4,23.501640034377438
21,5,18.706753046952663
21,6,24.01443788266246
21,7,18.943722758054534
21,8,19.997572374860244
21,9,19.978759786851747
21,10,122.46951912934625
21,11,122.46951912934625
21,12,2.661079448697313
21,13,1.0841009735203186
21,14,9.85139299275437
21,15,6.286852339433485
21,16,11.398057271938136
21,17,9.078178266735216
21,18,122.46951912934625
21,19,122.46951912934625
21,20,10.430277399312317
21,21,0.0
21,23,12.512211436954004
21,24,10.5651233641671
21,25,13.504563894412007
21,26,17.82821423885549
21,27,8.327327816348348
21,28,8.998500378870688
21,29,11.706834488250005
21,30,13.345036260309296
21,31,6.230930317522141
21,32,16.61092757925559
21,33,30.358660231801768
21,34,25.689127067609988
21,35,16.148343870567604
21,36,14.227553119855173
21,37,9.139733385443972
21,38,14.39891239477512
21,39,4.1509006537209405
21,40,4.027130758548892
23,0,22.07939777960701
23,1,33.79435656697217
23,2,20.90417386896428
23,3,29.733687458581272
23,4,22.779402535713604
23,5,31.218964483906667
23,6,23.292200383998622
23,7,18.221485259390697
23,8,19.27533487619641
23,9,14.349333084971594
23,10,134.98173056630026
23,11,134.98173056630026
23,12,15.173290885651317
23,13,13.596312410474322
23,14,21.547589461623932
23,15,17.98304880830305
23,16,23.094253740807698
23,17,20.77437473560478
23,18,134.98173056630026
23,19,134.98173056630026
23,20,10.217518916190798
23,21,12.512211436954004
23,23,0.0
23,24,13.383086644694565
23,25,16.32252717493947
23,26,12.198787536975336
23,27,13.516951136064378
23,28,8.785741895749169
23,29,6.077407786369851
23,30,7.715609558429142
23,31,18.069222287692483
23,32,19.428890859783056
23,33,42.87087166875577
23,34,38.20133850456399
23,35,28.66055530752161
23,36,26.739764556809178
23,37,21.651944822397976
23,38,26.911123831729125
23,39,16.663112090674943
23,40,16.539342195502897
24,0,12.236511914103744
24,1,20.411269922277604
24,2,7.5210872242697135
24,3,16.350600813886707
24,4,12.936516670210338
24,5,29.271876411119763
24,6,13.44931451849536
24,7,8.378599393887432
24,8,9.432449010693144
24,9,13.531845878992259
24,10,133.03464249351336
24,11,133.03464249351336
24,12,12.324270529018683
24,13,11.649224337687418
24,14,20.41651635692147
24,15,16.851975703600587
24,16,21.963180636105236
24,17,19.643301630902315
24,18,133.03464249351336
24,19,133.03464249351336
24,20,3.2059498825263972
24,21,10.5651233641671
24,23,13.383086644694565
24,24,0.0
24,25,2.9394405302449065
24,26,13.4270586089302
24,27,9.328553989260604
24,28,4.597344748945395
24,29,7.305678858324713
24,30,8.943880630384005
24,31,4.68613564299792
24,32,6.045804215088492
24,33,39.542707151553486
24,34,36.25425043177709
24,35,25.332390790319323
24,36,23.411600039606892
24,37,18.32378030519569
24,38,23.58295931452684
24,39,14.71602401788804
24,40,14.592254122715993
25,0,9.527701330182648
25,1,23.35071045252251
25,2,10.46052775451462
25,3,19.290041344131613
25,4,10.227706086289242
25,5,32.21131694136467
25,6,10.740503934574264
25,7,5.669788809966335
25,8,6.723638426772048
25,9,10.823035295071161
25,10,135.97408302375825
25,11,135.97408302375825
25,12,15.26371105926359
25,13,14.588664867932325
25,14,23.355956887166375
25,15,19.791416233845492
25,16,24.90262116635014
25,17,22.58274216114722
25,18,135.97408302375825
25,19,135.97408302375825
25,20,6.145390412771304
25,21,13.504563894412007
25,23,16.32252717493947
25,24,2.9394405302449065
25,25,0.0
25,26,12.97358084306742
25,27,12.26799451950551
25,28,7.536785279190301
25,29,10.245119388569618
25,30,11.88332116062891
25,31,7.625576173242827
25,32,8.985244745333398
25,33,42.482147681798395
25,34,39.193690962021996
25,35,28.271831320564228
25,36,26.351040569851797
25,37,21.263220835440595
25,38,26.522399844771744
25,39,17.655464548132947
25,40,17.531694652960898
26,0,11.161704553317398
26,1,33.8383285312078
26,2,20.948145833199913
26,3,29.777659422816903
26,4,11.861709309423993
26,5,36.53496728580816
26,6,12.374507157709013
26,7,7.303792033101086
26,8,8.357641649906798
26,9,2.1505455479962587
26,10,140.29773336820173
26,11,140.29773336820173
26,12,16.55663964005809
26,13,18.91231521237581
26,14,21.591561425859567
26,15,18.027020772538684
26,16,23.138225705043332
26,17,20.818346699840415
26,18,140.29773336820173
26,19,140.29773336820173
26,20,10.261490880426432
26,21,17.82821423885549
26,23,12.198787536975336
26,24,13.4270586089302
26,25,12.97358084306742
26,26,0.0
26,27,13.560923100300013
26,28,8.829713859984803
26,29,6.1213797506054854
26,30,7.759581522664776
26,31,18.113194251928117
26,32,19.47286282401869
26,33,48.18687447065726
26,34,43.517341306465475
26,35,33.976558109423095
26,36,32.05576735871067
26,37,26.967947624299462
26,38,32.22712663363061
26,39,21.97911489257643
26,40,21.855344997404384
27,0,21.56506590336435
27,1,29.73982391153821
27,2,16.84964121353032
27,3,25.679154803147313
27,4,22.265070659470943
27,5,27.03408086330101
27,6,22.777868507755965
27,7,17.707153383148036
27,8,18.76100299995375
27,9,15.71146864829627
27,10,130.7968469456946
27,11,130.7968469456946
27,12,5.6662483676510345
27,13,8.31605191155227
27,14,18.178720809102717
27,15,14.614180155781833
27,16,19.725385088286483
27,17,17.405506083083566
27,18,130.7968469456946
27,19,130.7968469456946
27,20,6.162986260756837
27,21,8.327327816348348
27,23,13.516951136064378
27,24,9.328553989260604
27,25,12.26799451950551
27,26,13.560923100300013
27,27,0.0
27,28,4.731209240315208
27,29,7.439543349694526
27,30,9.077745121753818
27,31,14.014689632258523
27,32,15.374358204349097
27,33,38.685988048150115
27,34,34.01645488395833
27,35,24.475671686915952
27,36,22.55488093620352
27,37,17.46706120179232
27,38,22.726240211123468
27,39,12.478228470069288
27,40,12.35445857489724
28,0,16.83385666304914
28,1,25.008614671223
28,2,12.11843197321511
28,3,20.947945562832103
28,4,17.533861419155734
28,5,27.70525342582335
28,6,18.046659267440756
28,7,12.975944142832827
28,8,14.02979375963854
28,9,10.98025940798106
28,10,131.46801950821694
28,11,131.46801950821694
28,12,7.726925780073289
28,13,10.082601352391006
28,14,18.1785157846334
28,15,14.613975131312515
28,16,19.725180063817167
28,17,17.405301058614246
28,18,131.46801950821694
28,19,131.46801950821694
28,20,1.4317770204416287
28,21,8.998500378870688
28,23,8.785741895749169
28,24,4.597344748945395
28,25,7.536785279190301
28,26,8.829713859984803
28,27,4.731209240315208
28,28,0.0
28,29,2.7083341093793174
28,30,4.346535881438609
28,31,9.283480391943314
28,32,10.643148964033887
28,33,39.35716061067245
28,34,34.687627446480676
28,35,25.146844249438292
28,36,23.22605349872586
28,37,18.13823376431466
28,38,23.397412773645808
28,39,13.149401032591628
28,40,13.02563113741958
29,0,16.00198999323716
29,1,27.716948780602316
29,2,14.826766082594427
29,3,23.65627967221142
29,4,16.701994749343754
29,5,30.41358753520267
29,6,17.214792597628772
29,7,12.144077473020847
29,8,13.197927089826559
29,9,8.271925298601744
29,10,134.17635361759625
29,11,134.17635361759625
29,12,10.435259889452606
29,13,12.790935461770323
29,14,15.470181675254082
29,15,11.905641021933198
29,16,17.016845954437848
29,17,14.696966949234929
29,18,134.17635361759625
29,19,134.17635361759625
29,20,4.140111129820946
29,21,11.706834488250005
29,23,6.077407786369851
29,24,7.305678858324713
29,25,10.245119388569618
29,26,6.1213797506054854
29,27,7.439543349694526
29,28,2.7083341093793174
29,29,0.0
29,30,1.638201772059291
29,31,11.991814501322631
29,32,13.351483073413204
29,33,42.065494720051774
29,34,37.39596155585999
29,35,27.85517835881761
29,36,25.93438760810518
29,37,20.846567873693978
29,38,26.105746883025127
29,39,15.857735141970945
29,40,15.733965246798897
30,0,17.64019176529645
30,1,29.355150552661605
30,2,16.464967854653718
30,3,25.29448144427071
30,4,18.340196521403044
30,5,32.05178930726196
30,6,18.852994369688062
30,7,13.782279245080138
30,8,14.83612886188585
30,9,9.910127070661035
30,10,135.81455538965554
30,11,135.81455538965554
30,12,12.073461661511898
30,13,14.429137233829614
30,14,17.108383447313372
30,15,13.54384279399249
30,16,18.655047726497138
30,17,16.33516872129422
30,18,135.81455538965554
30,19,135.81455538965554
30,20,5.778312901880237
30,21,13.345036260309296
30,23,7.715609558429142
30,24,8.943880630384005
30,25,11.88332116062891
30,26,7.759581522664776
30,27,9.077745121753818
30,28,4.346535881438609
30,29,1.638201772059291
30,30,0.0
30,31,13.630016273381923
30,32,14.989684845472496
30,33,43.703696492111064
30,34,39.03416332791928
30,35,29.4933801308769
30,36,27.57258938016447
30,37,22.484769645753268
30,38,27.743948655084417
30,39,17.495936914030235
30,40,17.37216701885819
31,0,16.922647557101662
31,1,25.097405565275523
31,2,12.207222867267634
31,3,21.036736456884626
31,4,17.622652313208256
31,5,24.937683364474804
31,6,18.13545016149328
31,7,13.064735036885352
31,8,14.118584653691064
31,9,18.21798152199018
31,10,128.7004494468684
31,11,128.7004494468684
31,12,8.892009766219454
31,13,7.31503129104246
31,14,16.08232331027651
31,15,12.517782656955626
31,16,17.628987589460277
31,17,15.309108584257357
31,18,128.7004494468684
31,19,128.7004494468684
31,20,7.892085525524317
31,21,6.230930317522141
31,23,18.069222287692483
31,24,4.68613564299792
31,25,7.625576173242827
31,26,18.113194251928117
31,27,14.014689632258523
31,28,9.283480391943314
31,29,11.991814501322631
31,30,13.630016273381923
31,31,0.0
31,32,10.731939858086413
31,33,36.58959054932391
31,34,31.92005738513213
31,35,22.379274188089745
31,36,20.458483437377314
31,37,15.370663702966112
31,38,20.62984271229726
31,39,10.381830971243081
31,40,10.258061076071034
32,0,18.282316129192235
32,1,14.365465707189111
32,2,11.141904090736352
32,3,10.304796598798214
32,4,18.98232088529883
32,5,35.31768062620826
32,6,19.49511873358385
32,7,14.424403608975926
32,8,15.478253225781636
32,9,19.577650094080752
32,10,139.08044670860184
32,11,139.08044670860184
32,12,18.37007474410718
32,13,17.69502855277591
32,14,26.46232057200996
32,15,22.89777991868908
32,16,28.008984851193727
32,17,25.689105845990806
32,18,139.08044670860184
32,19,139.08044670860184
32,20,9.251754097614889
32,21,16.61092757925559
32,23,19.428890859783056
32,24,6.045804215088492
32,25,8.985244745333398
32,26,19.47286282401869
32,27,15.374358204349097
32,28,10.643148964033887
32,29,13.351483073413204
32,30,14.989684845472496
32,31,10.731939858086413
32,32,0.0
32,33,33.49690293646499
32,34,42.30005464686558
32,35,19.286586575230828
32,36,17.3657958245184
32,37,12.277976090107197
32,38,17.537155099438348
32,39,20.761828232976534
32,40,20.638058337804484
33,0,51.77921906565723
33,1,47.86236864365411
33,2,44.638807027201345
33,3,43.80169953526321
33,4,52.479223821763824
33,5,49.065413278754434
33,6,52.99202167004884
33,7,47.92130654544092
33,8,48.97515616224663
33,9,50.33742001865352
33,10,152.82817936114802
33,11,152.82817936114802
33,12,33.01973968049908
33,13,31.442761205322086
33,14,40.210053224556134
33,15,36.64551257123525
33,16,41.75671750373991
33,17,39.436838498536986
33,18,152.82817936114802
33,19,152.82817936114802
33,20,40.78893763111408
33,21,30.358660231801768
33,23,42.87087166875577
33,24,39.542707151553486
33,25,42.482147681798395
33,26,48.18687447065726
33,27,38.685988048150115
33,28,39.35716061067245
33,29,42.065494720051774
33,30,43.703696492111064
33,31,36.58959054932391
33,32,33.49690293646499
33,33,0.0
33,34,56.04778729941176
33,35,28.22753733148143
33,36,26.306746580768998
33,37,21.218926846357796
33,38,16.722323559169915
33,39,34.50956088552271
33,40,34.38579099035066
34,0,48.49076234588083
34,1,56.66552035405469
34,2,43.7753376560468
34,3,52.604851245663795
34,4,49.190767101987426
34,5,44.39588011456265
34,6,49.70356495027245
34,7,44.63284982566452
34,8,45.68669944247023
34,9,45.667886854461734
34,10,148.15864619695623
34,11,148.15864619695623
34,12,28.350206516307303
34,13,26.773228041130306
34,14,35.54052006036436
34,15,31.975979407043475
34,16,37.08718433954812
34,17,34.7673053343452
34,18,148.15864619695623
34,19,148.15864619695623
34,20,36.119404466922305
34,21,25.689127067609988
34,23,38.20133850456399
34,24,36.25425043177709
34,25,39.193690962021996
34,26,43.517341306465475
34,27,34.01645488395833
34,28,34.687627446480676
34,29,37.39596155585999
34,30,39.03416332791928
34,31,31.92005738513213
34,32,42.30005464686558
34,33,56.04778729941176
34,34,0.0
34,35,41.837470938177596
34,36,39.91668018746516
34,37,34.82886045305396
34,38,40.08803946238511
34,39,29.840027721330927
34,40,29.71625782615888
35,0,37.56890270442307
35,1,33.65205228241994
35,2,30.428490665967182
35,3,29.591383174029044
35,4,38.26890746052966
35,5,34.855096917520264
35,6,38.78170530881468
35,7,33.71099018420676
35,8,34.764839801012464
35,9,36.127103657419354
35,10,138.61786299991385
35,11,138.61786299991385
35,12,18.809423319264916
35,13,17.232444844087922
35,14,25.999736863321974
35,15,22.435196210001088
35,16,27.54640114250574
35,17,25.226522137302823
35,18,138.61786299991385
35,19,138.61786299991385
35,20,26.57862126987992
35,21,16.148343870567604
35,23,28.66055530752161
35,24,25.332390790319323
35,25,28.271831320564228
35,26,33.976558109423095
35,27,24.475671686915952
35,28,25.146844249438292
35,29,27.85517835881761
35,30,29.4933801308769
35,31,22.379274188089745
35,32,19.286586575230828
35,33,28.22753733148143
35,34,41.837470938177596
35,35,0.0
35,36,1.9217602869602544
35,37,7.008610485123632
35,38,12.267789494454782
35,39,20.299244524288543
35,40,20.175474629116497
36,0,35.64811195371064
36,1,31.73126153170751
36,2,28.50769991525475
36,3,27.670592423316613
36,4,36.34811670981723
36,5,32.934306166807836
36,6,36.86091455810225
36,7,31.790199433494326
36,8,32.84404905030003
36,9,34.20631290670693
36,10,136.69707224920143
36,11,136.69707224920143
36,12,16.888632568552488
36,13,15.311654093375491
36,14,24.078946112609543
36,15,20.51440545928866
36,16,25.62561039179331
36,17,23.30573138659039
36,18,136.69707224920143
36,19,136.69707224920143
36,20,24.65783051916749
36,21,14.227553119855173
36,23,26.739764556809178
36,24,23.411600039606892
36,25,26.351040569851797
36,26,32.05576735871067
36,27,22.55488093620352
36,28,23.22605349872586
36,29,25.93438760810518
36,30,27.57258938016447
36,31,20.458483437377314
36,32,17.3657958245184
36,33,26.306746580768998
36,34,39.91668018746516
36,35,1.9217602869602544
36,36,0.0
36,37,5.087819734411202
36,38,10.34699874374235
36,39,18.378453773576112
36,40,18.254683878404066
37,0,30.560292219299434
37,1,26.64344179729631
37,2,23.41988018084355
37,3,22.58277268890541
37,4,31.26029697540603
37,5,27.846486432396635
37,6,31.773094823691046
37,7,26.702379699083124
37,8,27.75622931588883
37,9,29.11849317229572
37,10,131.60925251479023
37,11,131.60925251479023
37,12,11.800812834141285
37,13,10.22383435896429
37,14,18.99112637819834
37,15,15.426585724877457
37,16,20.537790657382107
37,17,18.21791165217919
37,18,131.60925251479023
37,19,131.60925251479023
37,20,19.57001078475629
37,21,9.139733385443972
37,23,21.651944822397976
37,24,18.32378030519569
37,25,21.263220835440595
37,26,26.967947624299462
37,27,17.46706120179232
37,28,18.13823376431466
37,29,20.846567873693978
37,30,22.484769645753268
37,31,15.370663702966112
37,32,12.277976090107197
37,33,21.218926846357796
37,34,34.82886045305396
37,35,7.008610485123632
37,36,5.087819734411202
37,37,0.0
37,38,5.25917900933115
37,39,13.290634039164912
37,40,13.166864143992864
38,0,35.81947122863058
38,1,31.902620806627457
38,2,28.679059190174698
38,3,27.84195169823656
38,4,36.51947598473718
38,5,33.10566544172779
38,6,37.032273833022195
38,7,31.961558708414273
38,8,33.01540832521998
38,9,34.37767218162687
38,10,136.86843152412138
38,11,136.86843152412138
38,12,17.059991843472435
38,13,15.483013368295438
38,14,24.25030538752949
38,15,20.685764734208608
38,16,25.796969666713256
38,17,23.47709066151034
38,18,136.86843152412138
38,19,136.86843152412138
38,20,24.829189794087437
38,21,14.39891239477512
38,23,26.911123831729125
38,24,23.58295931452684
38,25,26.522399844771744
38,26,32.22712663363061
38,27,22.726240211123468
38,28,23.397412773645808
38,29,26.105746883025127
38,30,27.743948655084417
38,31,20.62984271229726
38,32,17.537155099438348
38,33,16.722323559169915
38,34,40.08803946238511
38,35,12.267789494454782
38,36,10.34699874374235
38,37,5.25917900933115
38,38,0.0
38,39,18.549813048496063
38,40,18.426043153324013
39,0,26.952535931991783
39,1,35.12729394016564
39,2,22.237111242157752
39,3,31.066624831774746
39,4,27.652540688098377
39,5,22.857653700673602
39,6,28.165338536383402
39,7,23.094623411775473
39,8,24.148473028581186
39,9,24.12966044057269
39,10,126.62041978306719
39,11,126.62041978306719
39,12,6.811980102418254
39,13,5.235001627241259
39,14,14.00229364647531
39,15,10.437752993154426
39,16,15.548957925659076
39,17,13.229078920456157
39,18,126.62041978306719
39,19,126.62041978306719
39,20,14.581178053033257
39,21,4.1509006537209405
39,23,16.663112090674943
39,24,14.71602401788804
39,25,17.655464548132947
39,26,21.97911489257643
39,27,12.478228470069288
39,28,13.149401032591628
39,29,15.857735141970945
39,30,17.495936914030235
39,31,10.381830971243081
39,32,20.761828232976534
39,33,34.50956088552271
39,34,29.840027721330927
39,35,20.299244524288543
39,36,18.378453773576112
39,37,13.290634039164912
39,38,18.549813048496063
39,39,0.0
39,40,3.3683543753452794
40,0,26.828766036819736
40,1,35.0035240449936
40,2,22.113341346985706
40,3,30.9428549366027
40,4,27.52877079292633
40,5,22.733883805501556
40,6,28.041568641211352
40,7,22.970853516603427
40,8,24.024703133409137
40,9,24.00589054540064
40,10,126.49664988789515
40,11,126.49664988789515
40,12,6.688210207246205
40,13,5.111231732069211
40,14,13.878523751303263
40,15,10.313983097982376
40,16,15.425188030487028
40,17,13.105309025284107
40,18,126.49664988789515
40,19,126.49664988789515
40,20,14.45740815786121
40,21,4.027130758548892
40,23,16.539342195502897
40,24,14.592254122715993
40,25,17.531694652960898
40,26,21.855344997404384
40,27,12.35445857489724
40,28,13.02563113741958
40,29,15.733965246798897
40,30,17.37216701885819
40,31,10.258061076071034
40,32,20.638058337804484
40,33,34.38579099035066
40,34,29.71625782615888
40,35,20.175474629116497
40,36,18.254683878404066
40,37,13.166864143992864
40,38,18.426043153324013
40,39,3.3683543753452794
40,40,0.0
