source_id,target_id,rtt
0,0,0.0
0,1,0.5536388641387935
0,2,1.3287917355140426
0,3,0.1919217183288388
0,4,1.334916141381191
0,5,1.7225524772561225
0,6,1.2263158541104444
0,7,1.2600836373280713
0,8,1.7850518212399233
0,9,1.8018684313446889
0,10,0.735770609424058
0,11,1.5464044638344523
0,12,57.922585726262106
0,13,1.5101156363336914
0,14,1.9455900683801437
0,15,0.49733044330955944
0,16,1.052807744824471
0,17,1.2236184605852904
0,18,1.573748245936906
0,19,57.922585726262106
0,20,57.922585726262106
0,21,2.4732315001232257
0,22,1.832382831340431
0,23,1.3121777228914728
0,24,1.3729167025448963
0,25,1.0169159551770788
0,26,0.8301410852194375
0,27,0.5147606277232035
0,28,1.6893628929682682
1,0,0.5536388641387935
1,1,0.0
1,2,1.3428241456157826
1,3,0.5018114395098634
1,4,0.805102179368103
1,5,1.1692416909027028
1,6,0.6754670949301911
1,7,0.7987812926050218
1,8,1.3149232345274806
1,9,1.321841194806592
1,10,1.140424157128073
1,11,1.5732420839952304
1,12,57.75924853802205
1,13,1.0466910947322865
1,14,1.471410166164113
1,15,0.8447505388907407
1,16,1.5235683586910957
1,17,1.3989388684119708
1,18,1.7856233499116236
1,19,57.75924853802205
1,20,57.75924853802205
1,21,2.92109836869055
1,22,2.2104786932117944
1,23,1.8621377681866105
1,24,1.9122954729413069
1,25,1.463264018887907
1,26,1.3774774453740866
1,27,0.9848831217008415
1,28,1.7631014867410595
2,0,1.3287917355140426
2,1,1.3428241456157826
2,2,0.0
2,3,1.1444678054620279
2,4,1.4600611168932385
2,5,1.9412024133384402
2,6,1.706898899136396
2,7,1.1703086015322646
2,8,1.4399056303590285
2,9,2.494125061472796
2,10,0.9525403304933998
2,11,0.23067888927412247
2,12,56.60332763978797
2,13,2.275004947334934
2,14,2.641769001413711
2,15,0.9162823003160914
2,16,1.2416451317602868
2,17,0.39197820896931984
2,18,0.6488764658006894
2,19,56.60332763978797
2,20,56.60332763978797
2,21,2.1648769717301155
2,22,1.3555861121277817
2,23,1.9101872299758893
2,24,1.8274010079223235
2,25,1.132433247099687
2,26,1.8084456241772389
2,27,1.115293029937846
2,28,0.42965576479144935
3,0,0.1919217183288388
3,1,0.5018114395098634
3,2,1.1444678054620279
3,3,0.0
3,4,1.2246892515862622
3,5,1.6439015103488832
3,6,1.1705089490985479
3,7,1.1167535443849013
3,8,1.6373279971325168
3,9,1.8108584063150652
3,10,0.6586940360501544
3,11,1.365211260494782
3,12,57.73261594480511
3,13,1.526808594111788
3,14,1.9585514123323458
3,15,0.3783555379044004
3,16,1.0252814138892055
3,17,1.0657451602840544
3,18,1.4296223481298433
3,19,57.73261594480511
3,20,57.73261594480511
3,21,2.43358218187966
3,22,1.7522116360071665
3,23,1.3824732282251622
3,24,1.4191786626045173
3,25,0.9709486520760869
3,26,0.9572405860099626
3,27,0.48354981522999524
3,28,1.5159305851174354
4,0,1.334916141381191
4,1,0.805102179368103
4,2,1.4600611168932385
4,3,1.2246892515862622
4,4,0.0
4,5,0.49024745912243217
4,6,0.3988188787685172
4,7,0.2987964337025263
4,8,0.5838748544609131
4,9,1.115736377207161
4,10,1.7377985999150933
4,11,1.6522518373216672
4,12,57.25671252795503
4,13,0.9838344380820377
4,14,1.2498859455325808
4,15,1.4557233599540131
4,16,2.1500191680255814
4,17,1.705839923656459
4,18,2.0718105451910076
4,19,57.25671252795503
4,20,57.25671252795503
4,21,3.45086007451229
4,22,2.6707966452019942
4,23,2.6033385469988715
4,24,2.6250582546130667
4,25,2.065870321409603
4,26,2.164799429453208
4,27,1.6620622879867897
4,28,1.870998804378633
5,0,1.7225524772561225
5,1,1.1692416909027028
5,2,1.9412024133384402
5,3,1.6439015103488832
5,4,0.49024745912243217
5,5,0.0
5,6,0.5182252050312192
5,7,0.7708938163013025
5,8,0.7674227089247699
5,9,0.8196877540709728
5,10,2.2037749027119435
5,11,2.1249630647488478
5,12,57.37904646501334
5,13,0.8221225599272747
5,14,0.9191991736527033
5,15,1.91437211926998
5,16,2.6133523470961344
5,17,2.1959255884238735
5,18,2.560136538331472
5,19,57.37904646501334
5,20,57.37904646501334
5,21,3.9357331651872753
5,22,3.1594739353751407
5,23,3.024489165162678
5,24,3.061710996550847
5,25,2.5339657627966385
5,26,2.54493116771528
5,27,2.106074514670421
5,28,2.343960423068382
6,0,1.2263158541104444
6,1,0.6754670949301911
6,2,1.706898899136396
6,3,1.1705089490985479
6,4,0.3988188787685172
6,5,0.5182252050312192
6,6,0.0
6,7,0.6455212660201256
6,8,0.9699988818286162
6,9,0.7884490884357973
6,10,1.7767187839938618
6,11,1.9190245741403753
6,12,57.6538553907052
6,13,0.604469381030276
6,14,0.9350630201752558
6,15,1.480158819443921
6,16,2.176009986808468
6,17,1.8871543978466958
6,18,2.2704115170086716
6,19,57.6538553907052
6,20,57.6538553907052
6,21,3.5451085094190096
6,22,2.797786951338243
6,23,2.5372335462370104
6,24,2.5869612107457765
6,25,2.1063315407287613
6,26,2.038528858335845
6,27,1.6480906341971027
6,28,2.13329899698236
7,0,1.2600836373280713
7,1,0.7987812926050218
7,2,1.1703086015322646
7,3,1.1167535443849013
7,4,0.2987964337025263
7,5,0.7708938163013025
7,6,0.6455212660201256
7,7,0.0
7,8,0.5256610031692869
7,9,1.4047024242763608
7,10,1.5446794198537221
7,11,1.3569251657911647
7,12,57.06627570248047
7,13,1.2492394877415485
7,14,1.5422843848797725
7,15,1.280864169440753
7,16,1.956380722476667
7,17,1.4373349672695888
7,18,1.7934434888759125
7,19,57.06627570248047
7,20,57.06627570248047
7,21,3.2089772559617176
7,22,2.4177703701009436
7,23,2.4620528504834147
7,24,2.464829638287022
7,25,1.8649675703513287
7,26,2.073944619707192
7,27,1.5052678231832077
7,28,1.575897643442369
8,0,1.7850518212399233
8,1,1.3149232345274806
8,2,1.4399056303590285
8,3,1.6373279971325168
8,4,0.5838748544609131
8,5,0.7674227089247699
8,6,0.9699988818286162
8,7,0.5256610031692869
8,8,0.0
8,9,1.5716451466753123
8,10,2.0111556735385987
8,11,1.570503432102489
8,12,56.68911219695894
8,13,1.5084202792804688
8,14,1.6820034021079016
8,15,1.7682301589867928
8,16,2.41574146334986
8,17,1.7793011853141592
8,18,2.088780891961
8,19,56.68911219695894
8,20,56.68911219695894
8,21,3.5820252648944084
8,22,2.7754911485662626
8,23,2.959637890939025
8,24,2.949496260099235
8,25,2.3176645037026375
8,26,2.5940828792943456
8,27,2.001263432353982
8,28,1.780487934583472
9,0,1.8018684313446889
9,1,1.321841194806592
9,2,2.494125061472796
9,3,1.8108584063150652
9,4,1.115736377207161
9,5,0.8196877540709728
9,6,0.7884490884357973
9,7,1.4047024242763608
9,8,1.5716451466753123
9,9,0.0
9,10,2.4614448430532883
9,11,2.707390501793385
9,12,58.18681984316633
9,13,0.29597708131958333
9,14,0.15099799142860182
9,15,2.1664944025646027
9,16,2.835383006111496
9,17,2.6566118510070917
9,18,3.043278012371911
9,19,58.18681984316633
9,20,58.18681984316633
9,21,4.24191039703667
9,22,3.527744149576584
9,23,3.0795972053933056
9,24,3.1635506095220562
9,25,2.78110848497065
9,26,2.519164636416728
9,27,2.2911630511982333
9,28,2.921295007814363
10,0,0.735770609424058
10,1,1.140424157128073
10,2,0.9525403304933998
10,3,0.6586940360501544
10,4,1.7377985999150933
10,5,2.2037749027119435
10,6,1.7767187839938618
10,7,1.5446794198537221
10,8,2.0111556735385987
10,9,2.4614448430532883
10,10,0.0
10,11,1.105119424087574
10,12,57.46258805393028
10,13,2.181416787028886
10,14,2.610407997726109
10,15,0.297372019475498
10,16,0.4127797419131583
10,17,0.661781405615376
10,18,0.9198523060684941
10,19,57.46258805393028
10,20,57.46258805393028
10,21,1.7806908523076794
10,22,1.098625707388557
10,23,0.9900791595725593
10,24,0.9472861294522102
10,25,0.330706865961846
10,26,0.8724761232856239
10,27,0.24854952869933292
10,28,1.1694060212784885
11,0,1.5464044638344523
11,1,1.5732420839952304
11,2,0.23067888927412247
11,3,1.365211260494782
11,4,1.6522518373216672
11,5,2.1249630647488478
11,6,1.9190245741403753
11,7,1.3569251657911647
11,8,1.570503432102489
11,9,2.707390501793385
11,10,1.105119424087574
11,11,0.0
11,12,56.39951551675704
11,13,2.494713515494182
11,14,2.8538938807949283
11,15,1.1123159490831318
11,16,1.3410899829596763
11,17,0.46489515640021367
11,18,0.5671474918248781
11,19,56.39951551675704
11,20,56.39951551675704
11,21,2.1065193533338165
11,22,1.3066602373979197
11,23,2.020943601676931
11,24,1.9206144882530376
11,25,1.2341685536877987
11,26,1.9751022844786583
11,27,1.2932488477477864
11,28,0.2190226878754456
12,0,57.922585726262106
12,1,57.75924853802205
12,2,56.60332763978797
12,3,57.73261594480511
12,4,57.25671252795503
12,5,57.37904646501334
12,6,57.6538553907052
12,7,57.06627570248047
12,8,56.68911219695894
12,9,58.18681984316633
12,10,57.46258805393028
12,11,56.39951551675704
12,12,0.0
12,13,58.186374126754764
12,14,58.25696773809681
12,15,57.51177989577019
12,16,57.540510116074515
12,17,56.80491563407488
12,18,56.574800477273
12,19,0.0
12,20,0.0
12,21,57.01773268814601
12,22,56.86932343194898
12,23,58.148613897116455
12,24,57.98015987863539
12,25,57.46052269146064
12,26,58.32207404113628
12,27,57.67983643784576
12,28,56.29802681363508
13,0,1.5101156363336914
13,1,1.0466910947322865
13,2,2.275004947334934
13,3,1.526808594111788
13,4,0.9838344380820377
13,5,0.8221225599272747
13,6,0.604469381030276
13,7,1.2492394877415485
13,8,1.5084202792804688
13,9,0.29597708131958333
13,10,2.181416787028886
13,11,2.494713515494182
13,12,58.186374126754764
13,13,0.0
13,14,0.43557547423889215
13,15,1.8885000878642733
13,16,2.549137877569843
13,17,2.4105770337019483
13,18,2.7988020459103966
13,19,58.186374126754764
13,20,58.186374126754764
13,21,3.960207346376096
13,22,3.2571149539750666
13,23,2.7837466811187617
13,24,2.8686510383413384
13,25,2.49775454124897
13,26,2.2234800323987955
13,27,2.0043840982758665
13,28,2.704464751205076
14,0,1.9455900683801437
14,1,1.471410166164113
14,2,2.641769001413711
14,3,1.9585514123323458
14,4,1.2498859455325808
14,5,0.9191991736527033
14,6,0.9350630201752558
14,7,1.5422843848797725
14,8,1.6820034021079016
14,9,0.15099799142860182
14,10,2.610407997726109
14,11,2.8538938807949283
14,12,58.25696773809681
14,13,0.43557547423889215
14,14,0.0
14,15,2.3158450797445993
14,16,2.9824211726209393
14,17,2.8071676940783625
14,18,3.193669722999785
14,19,58.25696773809681
14,20,58.25696773809681
14,21,4.390602137757122
14,22,3.6782852061434292
14,23,3.2161561566985633
14,24,3.3032781150602464
14,25,2.929201495366412
14,26,2.651208127084714
14,27,2.4379070617021807
14,28,3.0683601444077744
15,0,0.49733044330955944
15,1,0.8447505388907407
15,2,0.9162823003160914
15,3,0.3783555379044004
15,4,1.4557233599540131
15,5,1.91437211926998
15,6,1.480158819443921
15,7,1.280864169440753
15,8,1.7682301589867928
15,9,2.1664944025646027
15,10,0.297372019475498
15,11,1.1123159490831318
15,12,57.51177989577019
15,13,1.8885000878642733
15,14,2.3158450797445993
15,15,0.0
15,16,0.6994875449226172
15,17,0.7398394208699335
15,18,1.077707696358591
15,19,57.51177989577019
15,20,57.51177989577019
15,21,2.076817478986224
15,22,1.3762884994412738
15,23,1.1928333709970527
15,24,1.1843897181419027
15,25,0.6261730304640677
15,26,0.9243828918752529
15,27,0.24110664285629363
15,28,1.2277348515241318
16,0,1.052807744824471
16,1,1.5235683586910957
16,2,1.2416451317602868
16,3,1.0252814138892055
16,4,2.1500191680255814
16,5,2.6133523470961344
16,6,2.176009986808468
16,7,1.956380722476667
16,8,2.41574146334986
16,9,2.835383006111496
16,10,0.4127797419131583
16,11,1.3410899829596763
16,12,57.540510116074515
16,13,2.549137877569843
16,14,2.9824211726209393
16,15,0.6994875449226172
16,16,0.0
16,17,0.8769100050903607
16,18,0.9792422884292045
16,19,57.540510116074515
16,20,57.540510116074515
16,21,1.4205418816088486
16,22,0.8498299490072548
16,23,0.6812729168270478
16,24,0.5857947251141278
16,25,0.10930308890109888
16,26,0.8228705838627184
16,27,0.5448253171444634
16,28,1.3426182852357973
17,0,1.2236184605852904
17,1,1.3989388684119708
17,2,0.39197820896931984
17,3,1.0657451602840544
17,4,1.705839923656459
17,5,2.1959255884238735
17,6,1.8871543978466958
17,7,1.4373349672695888
17,8,1.7793011853141592
17,9,2.6566118510070917
17,10,0.661781405615376
17,11,0.46489515640021367
17,12,56.80491563407488
17,13,2.4105770337019483
17,14,2.8071676940783625
17,15,0.7398394208699335
17,16,0.8769100050903607
17,17,0.0
17,18,0.38846773049762334
17,19,56.80491563407488
17,20,56.80491563407488
17,21,1.8031421811303812
17,22,0.9962936911458421
17,23,1.5561478510850477
17,24,1.4586665033887503
17,25,0.7695493919195695
17,26,1.5335185872156916
17,27,0.8761567125911032
17,28,0.5079493104903919
18,0,1.573748245936906
18,1,1.7856233499116236
18,2,0.6488764658006894
18,3,1.4296223481298433
18,4,2.0718105451910076
18,5,2.560136538331472
18,6,2.2704115170086716
18,7,1.7934434888759125
18,8,2.088780891961
18,9,3.043278012371911
18,10,0.9198523060684941
18,11,0.5671474918248781
18,12,56.574800477273
18,13,2.7988020459103966
18,14,3.193669722999785
18,15,1.077707696358591
18,16,0.9792422884292045
18,17,0.38846773049762334
18,18,0.0
18,19,56.574800477273
18,20,56.574800477273
18,21,1.5396291827546928
18,22,0.7407259720906744
18,23,1.64196649698582
18,24,1.5082295087305981
18,25,0.8900941286806777
18,26,1.7497398796589307
18,27,1.1625563392738967
18,28,0.4420816524370662
19,0,57.922585726262106
19,1,57.75924853802205
19,2,56.60332763978797
19,3,57.73261594480511
19,4,57.25671252795503
19,5,57.37904646501334
19,6,57.6538553907052
19,7,57.06627570248047
19,8,56.68911219695894
19,9,58.18681984316633
19,10,57.46258805393028
19,11,56.39951551675704
19,12,0.0
19,13,58.186374126754764
19,14,58.25696773809681
19,15,57.51177989577019
19,16,57.540510116074515
19,17,56.80491563407488
19,18,56.574800477273
19,19,0.0
19,20,0.0
19,21,57.01773268814601
19,22,56.86932343194898
19,23,58.148613897116455
19,24,57.98015987863539
19,25,57.46052269146064
19,26,58.32207404113628
19,27,57.67983643784576
19,28,56.29802681363508
20,0,57.922585726262106
20,1,57.75924853802205
20,2,56.60332763978797
20,3,57.73261594480511
20,4,57.25671252795503
20,5,57.37904646501334
20,6,57.6538553907052
20,7,57.06627570248047
20,8,56.68911219695894
20,9,58.18681984316633
20,10,57.46258805393028
20,11,56.39951551675704
20,12,0.0
20,13,58.186374126754764
20,14,58.25696773809681
20,15,57.51177989577019
20,16,57.540510116074515
20,17,56.80491563407488
20,18,56.574800477273
20,19,0.0
20,20,0.0
20,21,57.01773268814601
20,22,56.86932343194898
20,23,58.148613897116455
20,24,57.98015987863539
20,25,57.46052269146064
20,26,58.32207404113628
20,27,57.67983643784576
20,28,56.29802681363508
21,0,2.4732315001232257
21,1,2.92109836869055
21,2,2.1648769717301155
21,3,2.43358218187966
21,4,3.45086007451229
21,5,3.9357331651872753
21,6,3.5451085094190096
21,7,3.2089772559617176
21,8,3.5820252648944084
21,9,4.24191039703667
21,10,1.7806908523076794
21,11,2.1065193533338165
21,12,57.01773268814601
21,13,3.960207346376096
21,14,4.390602137757122
21,15,2.076817478986224
21,16,1.4205418816088486
21,17,1.8031421811303812
21,18,1.5396291827546928
21,19,57.01773268814601
21,20,57.01773268814601
21,21,0.0
21,22,0.8094700401983548
21,23,1.522699156213241
21,24,1.3443273677567789
21,25,1.4630529180488265
21,26,2.051772944846051
21,27,1.9620536387495893
21,28,1.9549102519625525
22,0,1.832382831340431
22,1,2.2104786932117944
22,2,1.3555861121277817
22,3,1.7522116360071665
22,4,2.6707966452019942
22,5,3.1594739353751407
22,6,2.797786951338243
22,7,2.4177703701009436
22,8,2.7754911485662626
22,9,3.527744149576584
22,10,1.098625707388557
22,11,1.3066602373979197
22,12,56.86932343194898
22,13,3.2571149539750666
22,14,3.6782852061434292
22,15,1.3762884994412738
22,16,0.8498299490072548
22,17,0.9962936911458421
22,18,0.7407259720906744
22,19,56.86932343194898
22,20,56.86932343194898
22,21,0.8094700401983548
22,22,0.0
22,23,1.2976241756131144
22,24,1.1192750009161143
22,25,0.8389069825361571
22,26,1.6489734063923565
22,27,1.323444761970914
22,28,1.1724245738275894
23,0,1.3121777228914728
23,1,1.8621377681866105
23,2,1.9101872299758893
23,3,1.3824732282251622
23,4,2.6033385469988715
23,5,3.024489165162678
23,6,2.5372335462370104
23,7,2.4620528504834147
23,8,2.959637890939025
23,9,3.0795972053933056
23,10,0.9900791595725593
23,11,2.020943601676931
23,12,58.148613897116455
23,13,2.7837466811187617
23,14,3.2161561566985633
23,15,1.1928333709970527
23,16,0.6812729168270478
23,17,1.5561478510850477
23,18,1.64196649698582
23,19,58.148613897116455
23,20,58.148613897116455
23,21,1.522699156213241
23,22,1.2976241756131144
23,23,0.0
23,24,0.18673743272747134
23,25,0.7869051558758317
23,26,0.5929572775145809
23,27,0.9585437758379087
23,28,2.0222914991534298
24,0,1.3729167025448963
24,1,1.9122954729413069
24,2,1.8274010079223235
24,3,1.4191786626045173
24,4,2.6250582546130667
24,5,3.061710996550847
24,6,2.5869612107457765
24,7,2.464829638287022
24,8,2.949496260099235
24,9,3.1635506095220562
24,10,0.9472861294522102
24,11,1.9206144882530376
24,12,57.98015987863539
24,13,2.8686510383413384
24,14,3.3032781150602464
24,15,1.1843897181419027
24,16,0.5857947251141278
24,17,1.4586665033887503
24,18,1.5082295087305981
24,19,57.98015987863539
24,20,57.98015987863539
24,21,1.3443273677567789
24,22,1.1192750009161143
24,23,0.18673743272747134
24,24,0.0
24,25,0.6950689277481511
24,26,0.7318840364348294
24,27,0.9635851810902654
24,28,1.905076245981332
25,0,1.0169159551770788
25,1,1.463264018887907
25,2,1.132433247099687
25,3,0.9709486520760869
25,4,2.065870321409603
25,5,2.5339657627966385
25,6,2.1063315407287613
25,7,1.8649675703513287
25,8,2.3176645037026375
25,9,2.78110848497065
25,10,0.330706865961846
25,11,1.2341685536877987
25,12,57.46052269146064
25,13,2.49775454124897
25,14,2.929201495366412
25,15,0.6261730304640677
25,16,0.10930308890109888
25,17,0.7695493919195695
25,18,0.8900941286806777
25,19,57.46052269146064
25,20,57.46052269146064
25,21,1.4630529180488265
25,22,0.8389069825361571
25,23,0.7869051558758317
25,24,0.6950689277481511
25,25,0.0
25,26,0.8806599855005789
25,27,0.5022992842711558
25,28,1.2410832520240747
26,0,0.8301410852194375
26,1,1.3774774453740866
26,2,1.8084456241772389
26,3,0.9572405860099626
26,4,2.164799429453208
26,5,2.54493116771528
26,6,2.038528858335845
26,7,2.073944619707192
26,8,2.5940828792943456
26,9,2.519164636416728
26,10,0.8724761232856239
26,11,1.9751022844786583
26,12,58.32207404113628
26,13,2.2234800323987955
26,14,2.651208127084714
26,15,0.9243828918752529
26,16,0.8228705838627184
26,17,1.5335185872156916
26,18,1.7497398796589307
26,19,58.32207404113628
26,20,58.32207404113628
26,21,2.051772944846051
26,22,1.6489734063923565
26,23,0.5929572775145809
26,24,0.7318840364348294
26,25,0.8806599855005789
26,26,0.0
26,27,0.6972989073735967
26,28,2.0401482201738323
27,0,0.5147606277232035
27,1,0.9848831217008415
27,2,1.115293029937846
27,3,0.48354981522999524
27,4,1.6620622879867897
27,5,2.106074514670421
27,6,1.6480906341971027
27,7,1.5052678231832077
27,8,2.001263432353982
27,9,2.2911630511982333
27,10,0.24854952869933292
27,11,1.2932488477477864
27,12,57.67983643784576
27,13,2.0043840982758665
27,14,2.4379070617021807
27,15,0.24110664285629363
27,16,0.5448253171444634
27,17,0.8761567125911032
27,18,1.1625563392738967
27,19,57.67983643784576
27,20,57.67983643784576
27,21,1.9620536387495893
27,22,1.323444761970914
27,23,0.9585437758379087
27,24,0.9635851810902654
27,25,0.5022992842711558
27,26,0.6972989073735967
27,27,0.0
27,28,1.3818744410762616
28,0,1.6893628929682682
28,1,1.7631014867410595
28,2,0.42965576479144935
28,3,1.5159305851174354
28,4,1.870998804378633
28,5,2.343960423068382
28,6,2.13329899698236
28,7,1.575897643442369
28,8,1.780487934583472
28,9,2.921295007814363
28,10,1.1694060212784885
28,11,0.2190226878754456
28,12,56.29802681363508
28,13,2.704464751205076
28,14,3.0683601444077744
28,15,1.2277348515241318
28,16,1.3426182852357973
28,17,0.5079493104903919
28,18,0.4420816524370662
28,19,56.29802681363508
28,20,56.29802681363508
28,21,1.9549102519625525
28,22,1.1724245738275894
28,23,2.0222914991534298
28,24,1.905076245981332
28,25,1.2410832520240747
28,26,2.0401482201738323
28,27,1.3818744410762616
28,28,0.0
