source_id,target_id,rtt
0,0,0.0
0,1,0.6455212660201256
0,2,1.1705089490985479
0,3,1.2263158541104444
0,4,0.9699988818286162
0,5,0.7884490884357973
0,6,0.3988188787685172
0,7,0.5182252050312192
0,8,0.9350630201752558
0,9,0.604469381030276
0,10,1.7767187839938618
0,11,1.8871543978466958
0,12,57.6538553907052
0,13,57.6538553907052
0,14,1.706898899136396
0,15,3.5451085094190096
0,16,2.797786951338243
0,17,2.5372335462370104
0,18,2.5869612107457765
0,19,2.1063315407287613
0,20,2.038528858335845
0,21,2.13329899698236
0,22,57.6538553907052
1,0,0.6455212660201256
1,1,0.0
1,2,1.1167535443849013
1,3,1.2600836373280713
1,4,0.5256610031692869
1,5,1.4047024242763608
1,6,0.2987964337025263
1,7,0.7708938163013025
1,8,1.5422843848797725
1,9,1.2492394877415485
1,10,1.5446794198537221
1,11,1.4373349672695888
1,12,57.06627570248047
1,13,57.06627570248047
1,14,1.1703086015322646
1,15,3.2089772559617176
1,16,2.4177703701009436
1,17,2.4620528504834147
1,18,2.464829638287022
1,19,1.8649675703513287
1,20,2.073944619707192
1,21,1.575897643442369
1,22,57.06627570248047
2,0,1.1705089490985479
2,1,1.1167535443849013
2,2,0.0
2,3,0.1919217183288388
2,4,1.6373279971325168
2,5,1.8108584063150652
2,6,1.2246892515862622
2,7,1.6439015103488832
2,8,1.9585514123323458
2,9,1.526808594111788
2,10,0.6586940360501544
2,11,1.0657451602840544
2,12,57.73261594480511
2,13,57.73261594480511
2,14,1.1444678054620279
2,15,2.43358218187966
2,16,1.7522116360071665
2,17,1.3824732282251622
2,18,1.4191786626045173
2,19,0.9709486520760869
2,20,0.9572405860099626
2,21,1.5159305851174354
2,22,57.73261594480511
3,0,1.2263158541104444
3,1,1.2600836373280713
3,2,0.1919217183288388
3,3,0.0
3,4,1.7850518212399233
3,5,1.8018684313446889
3,6,1.334916141381191
3,7,1.7225524772561225
3,8,1.9455900683801437
3,9,1.5101156363336914
3,10,0.735770609424058
3,11,1.2236184605852904
3,12,57.922585726262106
3,13,57.922585726262106
3,14,1.3287917355140426
3,15,2.4732315001232257
3,16,1.832382831340431
3,17,1.3121777228914728
3,18,1.3729167025448963
3,19,1.0169159551770788
3,20,0.8301410852194375
3,21,1.6893628929682682
3,22,57.922585726262106
4,0,0.9699988818286162
4,1,0.5256610031692869
4,2,1.6373279971325168
4,3,1.7850518212399233
4,4,0.0
4,5,1.5716451466753123
4,6,0.5838748544609131
4,7,0.7674227089247699
4,8,1.6820034021079016
4,9,1.5084202792804688
4,10,2.0111556735385987
4,11,1.7793011853141592
4,12,56.68911219695894
4,13,56.68911219695894
4,14,1.4399056303590285
4,15,3.5820252648944084
4,16,2.7754911485662626
4,17,2.959637890939025
4,18,2.949496260099235
4,19,2.3176645037026375
4,20,2.5940828792943456
4,21,1.780487934583472
4,22,56.68911219695894
5,0,0.7884490884357973
5,1,1.4047024242763608
5,2,1.8108584063150652
5,3,1.8018684313446889
5,4,1.5716451466753123
5,5,0.0
5,6,1.115736377207161
5,7,0.8196877540709728
5,8,0.15099799142860182
5,9,0.29597708131958333
5,10,2.4614448430532883
5,11,2.6566118510070917
5,12,58.18681984316633
5,13,58.18681984316633
5,14,2.494125061472796
5,15,4.24191039703667
5,16,3.527744149576584
5,17,3.0795972053933056
5,18,3.1635506095220562
5,19,2.78110848497065
5,20,2.519164636416728
5,21,2.921295007814363
5,22,58.18681984316633
6,0,0.3988188787685172
6,1,0.2987964337025263
6,2,1.2246892515862622
6,3,1.334916141381191
6,4,0.5838748544609131
6,5,1.115736377207161
6,6,0.0
6,7,0.49024745912243217
6,8,1.2498859455325808
6,9,0.9838344380820377
6,10,1.7377985999150933
6,11,1.705839923656459
6,12,57.25671252795503
6,13,57.25671252795503
6,14,1.4600611168932385
6,15,3.45086007451229
6,16,2.6707966452019942
6,17,2.6033385469988715
6,18,2.6250582546130667
6,19,2.065870321409603
6,20,2.164799429453208
6,21,1.870998804378633
6,22,57.25671252795503
7,0,0.5182252050312192
7,1,0.7708938163013025
7,2,1.6439015103488832
7,3,1.7225524772561225
7,4,0.7674227089247699
7,5,0.8196877540709728
7,6,0.49024745912243217
7,7,0.0
7,8,0.9191991736527033
7,9,0.8221225599272747
7,10,2.2037749027119435
7,11,2.1959255884238735
7,12,57.37904646501334
7,13,57.37904646501334
7,14,1.9412024133384402
7,15,3.9357331651872753
7,16,3.1594739353751407
7,17,3.024489165162678
7,18,3.061710996550847
7,19,2.5339657627966385
7,20,2.54493116771528
7,21,2.343960423068382
7,22,57.37904646501334
8,0,0.9350630201752558
8,1,1.5422843848797725
8,2,1.9585514123323458
8,3,1.9455900683801437
8,4,1.6820034021079016
8,5,0.15099799142860182
8,6,1.2498859455325808
8,7,0.9191991736527033
8,8,0.0
8,9,0.43557547423889215
8,10,2.610407997726109
8,11,2.8071676940783625
8,12,58.25696773809681
8,13,58.25696773809681
8,14,2.641769001413711
8,15,4.390602137757122
8,16,3.6782852061434292
8,17,3.2161561566985633
8,18,3.3032781150602464
8,19,2.929201495366412
8,20,2.651208127084714
8,21,3.0683601444077744
8,22,58.25696773809681
9,0,0.604469381030276
9,1,1.2492394877415485
9,2,1.526808594111788
9,3,1.5101156363336914
9,4,1.5084202792804688
9,5,0.29597708131958333
9,6,0.9838344380820377
9,7,0.8221225599272747
9,8,0.43557547423889215
9,9,0.0
9,10,2.181416787028886
9,11,2.4105770337019483
9,12,58.186374126754764
9,13,58.186374126754764
9,14,2.275004947334934
9,15,3.960207346376096
9,16,3.2571149539750666
9,17,2.7837466811187617
9,18,2.8686510383413384
9,19,2.49775454124897
9,20,2.2234800323987955
9,21,2.704464751205076
9,22,58.186374126754764
10,0,1.7767187839938618
10,1,1.5446794198537221
10,2,0.6586940360501544
10,3,0.735770609424058
10,4,2.0111556735385987
10,5,2.4614448430532883
10,6,1.7377985999150933
10,7,2.2037749027119435
10,8,2.610407997726109
10,9,2.181416787028886
10,10,0.0
10,11,0.661781405615376
10,12,57.46258805393028
10,13,57.46258805393028
10,14,0.9525403304933998
10,15,1.7806908523076794
10,16,1.098625707388557
10,17,0.9900791595725593
10,18,0.9472861294522102
10,19,0.330706865961846
10,20,0.8724761232856239
10,21,1.1694060212784885
10,22,57.46258805393028
11,0,1.8871543978466958
11,1,1.4373349672695888
11,2,1.0657451602840544
11,3,1.2236184605852904
11,4,1.7793011853141592
11,5,2.6566118510070917
11,6,1.705839923656459
11,7,2.1959255884238735
11,8,2.8071676940783625
11,9,2.4105770337019483
11,10,0.661781405615376
11,11,0.0
11,12,56.80491563407488
11,13,56.80491563407488
11,14,0.39197820896931984
11,15,1.8031421811303812
11,16,0.9962936911458421
11,17,1.5561478510850477
11,18,1.4586665033887503
11,19,0.7695493919195695
11,20,1.5335185872156916
11,21,0.5079493104903919
11,22,56.80491563407488
12,0,57.6538553907052
12,1,57.06627570248047
12,2,57.73261594480511
12,3,57.922585726262106
12,4,56.68911219695894
12,5,58.18681984316633
12,6,57.25671252795503
12,7,57.37904646501334
12,8,58.25696773809681
12,9,58.186374126754764
12,10,57.46258805393028
12,11,56.80491563407488
12,12,0.0
12,13,0.0
12,14,56.60332763978797
12,15,57.01773268814601
12,16,56.86932343194898
12,17,58.148613897116455
12,18,57.98015987863539
12,19,57.46052269146064
12,20,58.32207404113628
12,21,56.29802681363508
12,22,0.0
13,0,57.6538553907052
13,1,57.06627570248047
13,2,57.73261594480511
13,3,57.922585726262106
13,4,56.68911219695894
13,5,58.18681984316633
13,6,57.25671252795503
13,7,57.37904646501334
13,8,58.25696773809681
13,9,58.186374126754764
13,10,57.46258805393028
13,11,56.80491563407488
13,12,0.0
13,13,0.0
13,14,56.60332763978797
13,15,57.01773268814601
13,16,56.86932343194898
13,17,58.148613897116455
13,18,57.98015987863539
13,19,57.46052269146064
13,20,58.32207404113628
13,21,56.29802681363508
13,22,0.0
14,0,1.706898899136396
14,1,1.1703086015322646
14,2,1.1444678054620279
14,3,1.3287917355140426
14,4,1.4399056303590285
14,5,2.494125061472796
14,6,1.4600611168932385
14,7,1.9412024133384402
14,8,2.641769001413711
14,9,2.275004947334934
14,10,0.9525403304933998
14,11,0.39197820896931984
14,12,56.60332763978797
14,13,56.60332763978797
14,14,0.0
14,15,2.1648769717301155
14,16,1.3555861121277817
14,17,1.9101872299758893
14,18,1.8274010079223235
14,19,1.132433247099687
14,20,1.8084456241772389
14,21,0.42965576479144935
14,22,56.60332763978797
15,0,3.5451085094190096
15,1,3.2089772559617176
15,2,2.43358218187966
15,3,2.4732315001232257
15,4,3.5820252648944084
15,5,4.24191039703667
15,6,3.45086007451229
15,7,3.9357331651872753
15,8,4.390602137757122
15,9,3.960207346376096
15,10,1.7806908523076794
15,11,1.8031421811303812
15,12,57.01773268814601
15,13,57.01773268814601
15,14,2.1648769717301155
15,15,0.0
15,16,0.8094700401983548
15,17,1.522699156213241
15,18,1.3443273677567789
15,19,1.4630529180488265
15,20,2.051772944846051
15,21,1.9549102519625525
15,22,57.01773268814601
16,0,2.797786951338243
16,1,2.4177703701009436
16,2,1.7522116360071665
16,3,1.832382831340431
16,4,2.7754911485662626
16,5,3.527744149576584
16,6,2.6707966452019942
16,7,3.1594739353751407
16,8,3.6782852061434292
16,9,3.2571149539750666
16,10,1.098625707388557
16,11,0.9962936911458421
16,12,56.86932343194898
16,13,56.86932343194898
16,14,1.3555861121277817
16,15,0.8094700401983548
16,16,0.0
16,17,1.2976241756131144
16,18,1.1192750009161143
16,19,0.8389069825361571
16,20,1.6489734063923565
16,21,1.1724245738275894
16,22,56.86932343194898
17,0,2.5372335462370104
17,1,2.4620528504834147
17,2,1.3824732282251622
17,3,1.3121777228914728
17,4,2.959637890939025
17,5,3.0795972053933056
17,6,2.6033385469988715
17,7,3.024489165162678
17,8,3.2161561566985633
17,9,2.7837466811187617
17,10,0.9900791595725593
17,11,1.5561478510850477
17,12,58.148613897116455
17,13,58.148613897116455
17,14,1.9101872299758893
17,15,1.522699156213241
17,16,1.2976241756131144
17,17,0.0
17,18,0.18673743272747134
17,19,0.7869051558758317
17,20,0.5929572775145809
17,21,2.0222914991534298
17,22,58.148613897116455
18,0,2.5869612107457765
18,1,2.464829638287022
18,2,1.4191786626045173
18,3,1.3729167025448963
18,4,2.949496260099235
18,5,3.1635506095220562
18,6,2.6250582546130667
18,7,3.061710996550847
18,8,3.3032781150602464
18,9,2.8686510383413384
18,10,0.9472861294522102
18,11,1.4586665033887503
18,12,57.98015987863539
18,13,57.98015987863539
18,14,1.8274010079223235
18,15,1.3443273677567789
18,16,1.1192750009161143
18,17,0.18673743272747134
18,18,0.0
18,19,0.6950689277481511
18,20,0.7318840364348294
18,21,1.905076245981332
18,22,57.98015987863539
19,0,2.1063315407287613
19,1,1.8649675703513287
19,2,0.9709486520760869
19,3,1.0169159551770788
19,4,2.3176645037026375
19,5,2.78110848497065
19,6,2.065870321409603
19,7,2.5339657627966385
19,8,2.929201495366412
19,9,2.49775454124897
19,10,0.330706865961846
19,11,0.7695493919195695
19,12,57.46052269146064
19,13,57.46052269146064
19,14,1.132433247099687
19,15,1.4630529180488265
19,16,0.8389069825361571
19,17,0.7869051558758317
19,18,0.6950689277481511
19,19,0.0
19,20,0.8806599855005789
19,21,1.2410832520240747
19,22,57.46052269146064
20,0,2.038528858335845
20,1,2.073944619707192
20,2,0.9572405860099626
20,3,0.8301410852194375
20,4,2.5940828792943456
20,5,2.519164636416728
20,6,2.164799429453208
20,7,2.54493116771528
20,8,2.651208127084714
20,9,2.2234800323987955
20,10,0.8724761232856239
20,11,1.5335185872156916
20,12,58.32207404113628
20,13,58.32207404113628
20,14,1.8084456241772389
20,15,2.051772944846051
20,16,1.6489734063923565
20,17,0.5929572775145809
20,18,0.7318840364348294
20,19,0.8806599855005789
20,20,0.0
20,21,2.0401482201738323
20,22,58.32207404113628
21,0,2.13329899698236
21,1,1.575897643442369
21,2,1.5159305851174354
21,3,1.6893628929682682
21,4,1.780487934583472
21,5,2.921295007814363
21,6,1.870998804378633
21,7,2.343960423068382
21,8,3.0683601444077744
21,9,2.704464751205076
21,10,1.1694060212784885
21,11,0.5079493104903919
21,12,56.29802681363508
21,13,56.29802681363508
21,14,0.42965576479144935
21,15,1.9549102519625525
21,16,1.1724245738275894
21,17,2.0222914991534298
21,18,1.905076245981332
21,19,1.2410832520240747
21,20,2.0401482201738323
21,21,0.0
21,22,56.29802681363508
22,0,57.6538553907052
22,1,57.06627570248047
22,2,57.73261594480511
22,3,57.922585726262106
22,4,56.68911219695894
22,5,58.18681984316633
22,6,57.25671252795503
22,7,57.37904646501334
22,8,58.25696773809681
22,9,58.186374126754764
22,10,57.46258805393028
22,11,56.80491563407488
22,12,0.0
22,13,0.0
22,14,56.60332763978797
22,15,57.01773268814601
22,16,56.86932343194898
22,17,58.148613897116455
22,18,57.98015987863539
22,19,57.46052269146064
22,20,58.32207404113628
22,21,56.29802681363508
22,22,0.0
