source_id,target_id,rtt
0,0,0.0
0,1,0.5536388641387935
0,2,1.3287917355140426
0,3,0.1919217183288388
0,4,1.334916141381191
0,5,1.7225524772561225
0,6,1.2263158541104444
0,7,1.2600836373280713
0,8,1.7850518212399233
0,9,1.8018684313446889
0,10,0.6384949973615848
0,11,0.513416001442175
0,12,57.922585726262106
0,13,57.922585726262106
0,14,1.2878332757598154
0,15,2.2546552382675364
0,16,1.5950472917309664
0,17,0.24820472954478617
0,18,1.342192977954814
0,19,1.6280884955529753
0,20,0.9222932343804877
0,21,57.922585726262106
0,22,1.9558890508122633
0,23,0.81778014659764
0,24,0.7411803121435733
0,25,0.5123036885929261
0,26,1.7287023692206598
0,27,1.232465552741168
0,28,1.6808461469436529
0,29,57.922585726262106
0,30,1.5160732954920402
0,31,1.755705821976147
0,32,1.1742388338446306
0,33,0.735770609424058
0,34,1.5464044638344523
0,35,57.922585726262106
0,36,1.5101156363336914
0,37,1.9455900683801437
0,38,0.49733044330955944
0,39,1.052807744824471
0,40,1.2236184605852904
0,41,1.573748245936906
0,42,57.922585726262106
0,43,57.922585726262106
0,44,2.4732315001232257
0,45,1.832382831340431
0,46,1.3121777228914728
0,47,1.3729167025448963
0,48,1.0169159551770788
0,49,0.8301410852194375
0,50,0.5147606277232035
0,51,1.6893628929682682
1,0,0.5536388641387935
1,1,0.0
1,2,1.3428241456157826
1,3,0.5018114395098634
1,4,0.805102179368103
1,5,1.1692416909027028
1,6,0.6754670949301911
1,7,0.7987812926050218
1,8,1.3149232345274806
1,9,1.321841194806592
1,10,1.1916014392519536
1,11,0.15156670974902225
1,12,57.75924853802205
1,13,57.75924853802205
1,14,1.702092877470044
1,15,2.6843235827807748
1,16,2.110075566959706
1,17,0.7397621391474487
1,18,0.9253757408659756
1,19,1.11061366247466
1,20,0.8360275548992312
1,21,57.75924853802205
1,22,2.0621632810206676
1,23,0.8795922550822308
1,24,1.286188961547817
1,25,0.10243588407738735
1,26,1.1850880946771234
1,27,0.6809185156983837
1,28,1.8443088434649184
1,29,57.75924853802205
1,30,1.203051859840015
1,31,1.7329325800657203
1,32,1.0756650944641302
1,33,1.140424157128073
1,34,1.5732420839952304
1,35,57.75924853802205
1,36,1.0466910947322865
1,37,1.471410166164113
1,38,0.8447505388907407
1,39,1.5235683586910957
1,40,1.3989388684119708
1,41,1.7856233499116236
1,42,57.75924853802205
1,43,57.75924853802205
1,44,2.92109836869055
1,45,2.2104786932117944
1,46,1.8621377681866105
1,47,1.9122954729413069
1,48,1.463264018887907
1,49,1.3774774453740866
1,50,0.9848831217008415
1,51,1.7631014867410595
2,0,1.3287917355140426
2,1,1.3428241456157826
2,2,0.0
2,3,1.1444678054620279
2,4,1.4600611168932385
2,5,1.9412024133384402
2,6,1.706898899136396
2,7,1.1703086015322646
2,8,1.4399056303590285
2,9,2.494125061472796
2,10,1.6071329175442512
2,11,1.467443684921494
2,12,56.60332763978797
2,13,56.60332763978797
2,14,1.1342717062827032
2,15,1.897916111035454
2,16,1.8045467028628945
2,17,1.548459378608999
2,18,2.215517576178777
2,19,1.5537232019712366
2,20,0.5115123133328652
2,21,56.60332763978797
2,22,0.7359773852706746
2,23,0.5127649908005174
2,24,1.76448506261032
2,25,1.244349773542247
2,26,1.7933834111989861
2,27,1.5745174325711209
2,28,0.6032743224428458
2,29,56.60332763978797
2,30,0.8291230464834242
2,31,0.4276106695003379
2,32,0.33063487287005616
2,33,0.9525403304933998
2,34,0.23067888927412247
2,35,56.60332763978797
2,36,2.275004947334934
2,37,2.641769001413711
2,38,0.9162823003160914
2,39,1.2416451317602868
2,40,0.39197820896931984
2,41,0.6488764658006894
2,42,56.60332763978797
2,43,56.60332763978797
2,44,2.1648769717301155
2,45,1.3555861121277817
2,46,1.9101872299758893
2,47,1.8274010079223235
2,48,1.132433247099687
2,49,1.8084456241772389
2,50,1.115293029937846
2,51,0.42965576479144935
3,0,0.1919217183288388
3,1,0.5018114395098634
3,2,1.1444678054620279
3,3,0.0
3,4,1.2246892515862622
3,5,1.6439015103488832
3,6,1.1705089490985479
3,7,1.1167535443849013
3,8,1.6373279971325168
3,9,1.8108584063150652
3,10,0.750420007850453
3,11,0.5167420409348373
3,12,57.73261594480511
3,13,57.73261594480511
3,14,1.223480246529018
3,15,2.2034821668511126
3,16,1.608526676609298
3,17,0.4363428908591717
3,18,1.379167479442797
3,19,1.5049819537294111
3,20,0.7304197850424365
3,21,57.73261594480511
3,22,1.7899297482925898
3,23,0.6319173247679891
3,24,0.874533185477334
3,25,0.4298702295450527
3,26,1.6276040940036307
3,27,1.1510467303628082
3,28,1.525202606210653
3,29,57.73261594480511
3,30,1.334961880547711
3,31,1.57023022707385
3,32,0.9824001368421432
3,33,0.6586940360501544
3,34,1.365211260494782
3,35,57.73261594480511
3,36,1.526808594111788
3,37,1.9585514123323458
3,38,0.3783555379044004
3,39,1.0252814138892055
3,40,1.0657451602840544
3,41,1.4296223481298433
3,42,57.73261594480511
3,43,57.73261594480511
3,44,2.43358218187966
3,45,1.7522116360071665
3,46,1.3824732282251622
3,47,1.4191786626045173
3,48,0.9709486520760869
3,49,0.9572405860099626
3,50,0.48354981522999524
3,51,1.5159305851174354
4,0,1.334916141381191
4,1,0.805102179368103
4,2,1.4600611168932385
4,3,1.2246892515862622
4,4,0.0
4,5,0.49024745912243217
4,6,0.3988188787685172
4,7,0.2987964337025263
4,8,0.5838748544609131
4,9,1.115736377207161
4,10,1.9674139765982452
4,11,0.9185336784617035
4,12,57.25671252795503
4,13,57.25671252795503
4,14,2.246254986732598
4,15,3.1941436687266918
4,16,2.7723946773661887
4,17,1.541879506044013
4,18,1.0376295095560828
4,19,0.3110679752502128
4,20,1.0303271126383386
4,21,57.25671252795503
4,22,2.172274472780389
4,23,1.2242504814119533
4,24,2.0760851722808606
4,25,0.8236679977478272
4,26,0.4075820169057754
4,27,0.23152297465026622
4,28,2.0598548267157493
4,29,57.25671252795503
4,30,0.8377693433490675
4,31,1.7103169932589348
4,32,1.1295439475844928
4,33,1.7377985999150933
4,34,1.6522518373216672
4,35,57.25671252795503
4,36,0.9838344380820377
4,37,1.2498859455325808
4,38,1.4557233599540131
4,39,2.1500191680255814
4,40,1.705839923656459
4,41,2.0718105451910076
4,42,57.25671252795503
4,43,57.25671252795503
4,44,3.45086007451229
4,45,2.6707966452019942
4,46,2.6033385469988715
4,47,2.6250582546130667
4,48,2.065870321409603
4,49,2.164799429453208
4,50,1.6620622879867897
4,51,1.870998804378633
5,0,1.7225524772561225
5,1,1.1692416909027028
5,2,1.9412024133384402
5,3,1.6439015103488832
5,4,0.49024745912243217
5,5,0.0
5,6,0.5182252050312192
5,7,0.7708938163013025
5,8,0.7674227089247699
5,9,0.8196877540709728
5,10,2.360815414976898
5,11,1.242075683525263
5,12,57.37904646501334
5,13,57.37904646501334
5,14,2.7256527761594307
5,15,3.680450367492761
5,16,3.229103453313355
5,17,1.8984930457087752
5,18,0.9728614894999447
5,19,0.4586197834929189
5,20,1.5205722427246928
5,21,57.37904646501334
5,22,2.6412163848747077
5,23,1.7120077604543726
5,24,2.452841111427003
5,25,1.2181778054330255
5,26,0.22256643468902707
5,27,0.4929184225158036
5,28,2.543288958112433
5,29,57.37904646501334
5,30,1.248118205962359
5,31,2.163495406049104
5,32,1.6118208934883709
5,33,2.2037749027119435
5,34,2.1249630647488478
5,35,57.37904646501334
5,36,0.8221225599272747
5,37,0.9191991736527033
5,38,1.91437211926998
5,39,2.6133523470961344
5,40,2.1959255884238735
5,41,2.560136538331472
5,42,57.37904646501334
5,43,57.37904646501334
5,44,3.9357331651872753
5,45,3.1594739353751407
5,46,3.024489165162678
5,47,3.061710996550847
5,48,2.5339657627966385
5,49,2.54493116771528
5,50,2.106074514670421
5,51,2.343960423068382
6,0,1.2263158541104444
6,1,0.6754670949301911
6,2,1.706898899136396
6,3,1.1705089490985479
6,4,0.3988188787685172
6,5,0.5182252050312192
6,6,0.0
6,7,0.6455212660201256
6,8,0.9699988818286162
6,9,0.7884490884357973
6,10,1.8610214161920138
6,11,0.7303787039384974
6,12,57.6538553907052
6,13,57.6538553907052
6,14,2.3235723629386054
6,15,3.2984791097248043
6,16,2.7764422742884274
6,17,1.3880846784530247
6,18,0.6391341034192717
6,19,0.6587693446205624
6,20,1.221758344388693
6,21,57.6538553907052
6,22,2.4395773009317785
6,23,1.368471077831147
6,24,1.9456387295994328
6,25,0.7410000415856918
6,26,0.6048286412857463
6,27,0.17088310413703733
6,28,2.286501614959541
6,29,57.6538553907052
6,30,1.2022485182595986
6,31,2.0118467067843993
6,32,1.3825345201533048
6,33,1.7767187839938618
6,34,1.9190245741403753
6,35,57.6538553907052
6,36,0.604469381030276
6,37,0.9350630201752558
6,38,1.480158819443921
6,39,2.176009986808468
6,40,1.8871543978466958
6,41,2.2704115170086716
6,42,57.6538553907052
6,43,57.6538553907052
6,44,3.5451085094190096
6,45,2.797786951338243
6,46,2.5372335462370104
6,47,2.5869612107457765
6,48,2.1063315407287613
6,49,2.038528858335845
6,50,1.6480906341971027
6,51,2.13329899698236
7,0,1.2600836373280713
7,1,0.7987812926050218
7,2,1.1703086015322646
7,3,1.1167535443849013
7,4,0.2987964337025263
7,5,0.7708938163013025
7,6,0.6455212660201256
7,7,0.0
7,8,0.5256610031692869
7,9,1.4047024242763608
7,10,1.8664472949850848
7,11,0.9396861682892751
7,12,57.06627570248047
7,13,57.06627570248047
7,14,2.021776095341369
7,15,2.9486682545202836
7,16,2.584038665360086
7,17,1.490942280865591
7,18,1.2718646962035547
7,19,0.4281670590698783
7,20,0.7717717583115734
7,21,57.06627570248047
7,22,1.8758077059707288
7,23,0.9844832311537149
7,24,1.9903247052162036
7,25,0.7793023292472566
7,26,0.6363455547287662
7,27,0.47830092305477423
7,28,1.7725539910746964
7,29,57.06627570248047
7,30,0.5568079760178424
7,31,1.411520591356323
7,32,0.841120403280481
7,33,1.5446794198537221
7,34,1.3569251657911647
7,35,57.06627570248047
7,36,1.2492394877415485
7,37,1.5422843848797725
7,38,1.280864169440753
7,39,1.956380722476667
7,40,1.4373349672695888
7,41,1.7934434888759125
7,42,57.06627570248047
7,43,57.06627570248047
7,44,3.2089772559617176
7,45,2.4177703701009436
7,46,2.4620528504834147
7,47,2.464829638287022
7,48,1.8649675703513287
7,49,2.073944619707192
7,50,1.5052678231832077
7,51,1.575897643442369
8,0,1.7850518212399233
8,1,1.3149232345274806
8,2,1.4399056303590285
8,3,1.6373279971325168
8,4,0.5838748544609131
8,5,0.7674227089247699
8,6,0.9699988818286162
8,7,0.5256610031692869
8,8,0.0
8,9,1.5716451466753123
8,10,2.3845874781204333
8,11,1.449221652583155
8,12,56.68911219695894
8,13,56.68911219695894
8,14,2.4405851029027703
8,15,3.316636001541222
8,16,3.042408515982231
8,17,2.016597611897262
8,18,1.5974602590189986
8,19,0.3306749802583922
8,20,1.1793191133677043
8,21,56.68911219695894
8,22,2.0523491120078616
8,23,1.4109293633688398
8,24,2.5118397314900487
8,25,1.3027907047356646
8,26,0.546525751397626
8,27,0.8116407868216027
8,28,2.026846302583409
8,29,56.68911219695894
8,30,0.620682710152683
8,31,1.5446805550952778
8,32,1.1474535100053074
8,33,2.0111556735385987
8,34,1.570503432102489
8,35,56.68911219695894
8,36,1.5084202792804688
8,37,1.6820034021079016
8,38,1.7682301589867928
8,39,2.41574146334986
8,40,1.7793011853141592
8,41,2.088780891961
8,42,56.68911219695894
8,43,56.68911219695894
8,44,3.5820252648944084
8,45,2.7754911485662626
8,46,2.959637890939025
8,47,2.949496260099235
8,48,2.3176645037026375
8,49,2.5940828792943456
8,50,2.001263432353982
8,51,1.780487934583472
9,0,1.8018684313446889
9,1,1.321841194806592
9,2,2.494125061472796
9,3,1.8108584063150652
9,4,1.115736377207161
9,5,0.8196877540709728
9,6,0.7884490884357973
9,7,1.4047024242763608
9,8,1.5716451466753123
9,9,0.0
9,10,2.382191034731268
9,11,1.2980564504010517
9,12,58.18681984316633
9,13,58.18681984316633
9,14,3.023908751092086
9,15,4.006159425388926
9,16,3.3969086169882123
9,17,1.8835282209350528
9,18,0.502368819590932
9,19,1.244733594185445
9,20,2.002477517127812
9,21,58.18681984316633
9,22,3.2276974538047116
9,23,2.1313581208662047
9,24,2.425988846221271
9,25,1.4147359411043998
9,26,1.0395390590373508
9,27,0.9356913180653508
9,28,3.068175052967919
9,29,58.18681984316633
9,30,1.9534863627497827
9,31,2.7977605965336716
9,32,2.170818839094956
9,33,2.4614448430532883
9,34,2.707390501793385
9,35,58.18681984316633
9,36,0.29597708131958333
9,37,0.15099799142860182
9,38,2.1664944025646027
9,39,2.835383006111496
9,40,2.6566118510070917
9,41,3.043278012371911
9,42,58.18681984316633
9,43,58.18681984316633
9,44,4.24191039703667
9,45,3.527744149576584
9,46,3.0795972053933056
9,47,3.1635506095220562
9,48,2.78110848497065
9,49,2.519164636416728
9,50,2.2911630511982333
9,51,2.921295007814363
10,0,0.6384949973615848
10,1,1.1916014392519536
10,2,1.6071329175442512
10,3,0.750420007850453
10,4,1.9674139765982452
10,5,2.360815414976898
10,6,1.8610214161920138
10,7,1.8664472949850848
10,8,2.3845874781204333
10,9,2.382191034731268
10,10,0.0
10,11,1.1359911675787788
10,12,58.15126700237716
10,13,58.15126700237716
10,14,1.033269605426653
10,15,1.8759564281106358
10,16,1.0767130332393609
10,17,0.49867042303685577
10,18,1.8959712350527058
10,19,2.253697283320744
10,20,1.3596976783736068
10,21,58.15126700237716
10,22,2.0599943433206316
10,23,1.1702373648940336
10,24,0.15737715452321327
10,25,1.1488772442969333
10,26,2.36498300836641
10,27,1.8709560027548655
10,28,1.746265844465101
10,29,58.15126700237716
10,30,2.0304562730170197
10,31,2.016413623065843
10,32,1.5737467889857353
10,33,0.6889522102615654
10,34,1.781190921220523
10,35,58.15126700237716
10,36,2.0863289287046594
10,37,2.518829525698187
10,38,0.7123871416490886
10,39,0.7234022167774082
10,40,1.3495781197172303
10,41,1.5920888256052645
10,42,58.15126700237716
10,43,58.15126700237716
10,44,2.0534446472454517
10,45,1.5716804562612918
10,46,0.6974216994963811
10,47,0.7958985388842734
10,48,0.7582291034849733
10,49,0.2153335126133177
10,50,0.49197566320921576
10,51,1.8575221911610191
11,0,0.513416001442175
11,1,0.15156670974902225
11,2,1.467443684921494
11,3,0.5167420409348373
11,4,0.9185336784617035
11,5,1.242075683525263
11,6,0.7303787039384974
11,7,0.9396861682892751
11,8,1.449221652583155
11,9,1.2980564504010517
11,10,1.1359911675787788
11,11,0.0
11,12,57.90994604424009
11,13,57.90994604424009
11,14,1.739465720483858
11,15,2.7201058641015488
11,16,2.1034988529840346
11,17,0.65771800624825
11,18,0.8638260301569225
11,19,1.2283025504812177
11,20,0.9669896192366148
11,21,57.90994604424009
11,22,2.17740729197585
11,23,0.9872705419835052
11,24,1.2156172558186666
11,25,0.22943404545863277
11,26,1.2807234516841661
11,27,0.7676456907972722
11,28,1.9476234738542804
11,29,57.90994604424009
11,30,1.3545973997058856
11,31,1.8658411678345483
11,32,1.2124563283850778
11,33,1.1745371760552001
11,34,1.6981126484027285
11,35,57.90994604424009
11,36,1.0112252300502262
11,37,1.4445128457696548
11,38,0.8866815040739326
11,39,1.5380250385829208
11,40,1.4955227229543404
11,41,1.8784842322431656
11,42,57.90994604424009
11,43,57.90994604424009
11,44,2.95006729164921
11,45,2.262685861215914
11,46,1.822109306882112
11,47,1.886326435117577
11,48,1.4871329804615334
11,49,1.3087281185436357
11,50,0.993403588237058
11,51,1.8820201441994062
12,0,57.922585726262106
12,1,57.75924853802205
12,2,56.60332763978797
12,3,57.73261594480511
12,4,57.25671252795503
12,5,57.37904646501334
12,6,57.6538553907052
12,7,57.06627570248047
12,8,56.68911219695894
12,9,58.18681984316633
12,10,58.15126700237716
12,11,57.90994604424009
12,12,0.0
12,13,0.0
12,14,57.25067066068311
12,15,56.95994040150157
12,16,57.72770530595137
12,17,58.15055517056771
12,18,58.286533463678694
12,19,57.0146609662139
12,20,57.01258677036105
12,21,0.0
12,22,56.093985724776246
12,23,57.10733186310083
12,24,58.30372566770642
12,25,57.6877663825282
12,26,57.169843336248974
12,27,57.48817578041461
12,28,56.411096237988865
12,29,0.0
12,30,56.56572223022447
12,31,56.17637269334631
12,32,56.75630864763834
12,33,57.46258805393028
12,34,56.39951551675704
12,35,0.0
12,36,58.186374126754764
12,37,58.25696773809681
12,38,57.51177989577019
12,39,57.540510116074515
12,40,56.80491563407488
12,41,56.574800477273
12,42,0.0
12,43,0.0
12,44,57.01773268814601
12,45,56.86932343194898
12,46,58.148613897116455
12,47,57.98015987863539
12,48,57.46052269146064
12,49,58.32207404113628
12,50,57.67983643784576
12,51,56.29802681363508
13,0,57.922585726262106
13,1,57.75924853802205
13,2,56.60332763978797
13,3,57.73261594480511
13,4,57.25671252795503
13,5,57.37904646501334
13,6,57.6538553907052
13,7,57.06627570248047
13,8,56.68911219695894
13,9,58.18681984316633
13,10,58.15126700237716
13,11,57.90994604424009
13,12,0.0
13,13,0.0
13,14,57.25067066068311
13,15,56.95994040150157
13,16,57.72770530595137
13,17,58.15055517056771
13,18,58.286533463678694
13,19,57.0146609662139
13,20,57.01258677036105
13,21,0.0
13,22,56.093985724776246
13,23,57.10733186310083
13,24,58.30372566770642
13,25,57.6877663825282
13,26,57.169843336248974
13,27,57.48817578041461
13,28,56.411096237988865
13,29,0.0
13,30,56.56572223022447
13,31,56.17637269334631
13,32,56.75630864763834
13,33,57.46258805393028
13,34,56.39951551675704
13,35,0.0
13,36,58.186374126754764
13,37,58.25696773809681
13,38,57.51177989577019
13,39,57.540510116074515
13,40,56.80491563407488
13,41,56.574800477273
13,42,0.0
13,43,0.0
13,44,57.01773268814601
13,45,56.86932343194898
13,46,58.148613897116455
13,47,57.98015987863539
13,48,57.46052269146064
13,49,58.32207404113628
13,50,57.67983643784576
13,51,56.29802681363508
14,0,1.2878332757598154
14,1,1.702092877470044
14,2,1.1342717062827032
14,3,1.223480246529018
14,4,2.246254986732598
14,5,2.7256527761594307
14,6,2.3235723629386054
14,7,2.021776095341369
14,8,2.4405851029027703
14,9,3.023908751092086
14,10,1.033269605426653
14,11,1.739465720483858
14,12,57.25067066068311
14,13,57.25067066068311
14,14,0.0
14,15,0.9822836791251377
14,16,0.6761715123422647
14,17,1.3470996080305124
14,18,2.6026349248453076
14,19,2.4495880442633546
14,20,1.2645291789059752
14,21,57.25067066068311
14,22,1.2222486672261255
14,23,1.0390775904869287
14,24,1.1524393538757183
14,25,1.6109146315613103
14,26,2.644416545603491
14,27,2.256766425889237
14,28,0.9119678447026641
14,29,57.25067066068311
14,30,1.8912235060426168
14,31,1.4047489108426308
14,32,1.3224969304131742
14,33,0.5649312367336365
14,34,1.1830784076680323
14,35,57.25067066068311
14,36,2.745477916376036
14,37,3.173292240231409
14,38,0.85744721325181
14,39,0.31335868418515483
14,40,0.743497090811033
14,41,0.7316998145841231
14,42,57.25067066068311
14,43,57.25067066068311
14,44,1.2221500366878715
14,45,0.5538965753588106
14,46,0.9172177186310214
14,47,0.7768146100544018
14,48,0.2853845293950246
14,49,1.135683025689884
14,50,0.7747076458248917
14,51,1.1399345284226758
15,0,2.2546552382675364
15,1,2.6843235827807748
15,2,1.897916111035454
15,3,2.2034821668511126
15,4,3.1941436687266918
15,5,3.680450367492761
15,6,3.2984791097248043
15,7,2.9486682545202836
15,8,3.316636001541222
15,9,4.006159425388926
15,10,1.8759564281106358
15,11,2.7201058641015488
15,12,56.95994040150157
15,13,56.95994040150157
15,14,0.9822836791251377
15,15,0.0
15,16,0.8964259125428096
15,17,2.2797177872100614
15,18,3.5821453957301146
15,19,3.370912035912807
15,20,2.17710206146738
15,21,56.95994040150157
15,22,1.5833738807406013
15,23,1.970177748746772
15,24,1.9490303409509018
15,25,2.5926793653408717
15,26,3.5821351898342493
15,27,3.2232615751563296
15,28,1.4007289712490232
15,29,56.95994040150157
15,30,2.7224244025750224
15,31,1.9955668322919513
15,32,2.169260646403122
15,33,1.546209041960691
15,34,1.8407886688863881
15,35,56.95994040150157
15,36,3.7275277813667085
15,37,4.155573895882808
15,38,1.8397299557447973
15,39,1.2075803020519607
15,40,1.5374264455229838
15,41,1.2737062361539648
15,42,56.95994040150157
15,43,56.95994040150157
15,44,0.2669897423535989
15,45,0.5426646177254358
15,46,1.4091474267395632
15,47,1.2238703517363743
15,48,1.2382512668393424
15,49,1.8971196590388126
15,50,1.7404317149265063
15,51,1.692305813613006
16,0,1.5950472917309664
16,1,2.110075566959706
16,2,1.8045467028628945
16,3,1.608526676609298
16,4,2.7723946773661887
16,5,3.229103453313355
16,6,2.7764422742884274
16,7,2.584038665360086
16,8,3.042408515982231
16,9,3.3969086169882123
16,10,1.0767130332393609
16,11,2.1034988529840346
16,12,57.72770530595137
16,13,57.72770530595137
16,14,0.6761715123422647
16,15,0.8964259125428096
16,16,0.0
16,17,1.5462084221163934
16,18,2.930646742636472
16,19,3.0095756506269757
16,20,1.8665150169237505
16,21,57.72770530595137
16,22,1.851790057040798
16,23,1.6333720732114236
16,24,1.1126021636611199
16,25,2.0359510831314123
16,26,3.179258782678158
16,27,2.7412405552538437
16,28,1.5584416980922235
16,29,57.72770530595137
16,30,2.52807385882421
16,31,2.0788062087057697
16,32,1.9649007977463153
16,33,1.039450128077642
16,34,1.8590807171433543
16,35,57.72770530595137
16,36,3.1047063044129204
16,37,3.5402728938907346
16,38,1.3169497632594136
16,39,0.6280827429992428
16,40,1.416515326176074
16,41,1.3799546342061062
16,42,57.72770530595137
16,43,57.72770530595137
16,44,1.0145966665064
16,45,0.8616659401928296
16,46,0.5135779010474658
16,47,0.3306900104832354
16,48,0.7248581436749455
16,49,1.045527572999433
16,50,1.1283821791875046
16,51,1.806468376558097
17,0,0.24820472954478617
17,1,0.7397621391474487
17,2,1.548459378608999
17,3,0.4363428908591717
17,4,1.541879506044013
17,5,1.8984930457087752
17,6,1.3880846784530247
17,7,1.490942280865591
17,8,2.016597611897262
17,9,1.8835282209350528
17,10,0.49867042303685577
17,11,0.65771800624825
17,12,58.15055517056771
17,13,58.15055517056771
17,14,1.3470996080305124
17,15,2.2797177872100614
17,16,1.5462084221163934
17,17,0.0
17,18,1.3987020165152906
17,19,1.842670818357183
17,20,1.1646591669789317
17,21,58.15055517056771
17,22,2.1417470116884307
17,23,1.0437561661089474
17,24,0.5595411576822156
17,25,0.7218441558616862
17,26,1.924688814583193
17,27,1.4171957172184018
17,28,1.8531431684467987
17,29,58.15055517056771
17,30,1.7640005691809595
17,31,1.976032572535227
17,32,1.413771921437943
17,33,0.8372496441289733
17,34,1.7593470877767863
17,35,58.15055517056771
17,36,1.5876828117453823
17,37,2.020460798029313
17,38,0.6644147674991684
17,39,1.074451134237656
17,40,1.4041943993005446
17,41,1.7309223923835013
17,42,58.15055517056771
17,43,58.15055517056771
17,44,2.4810952691562105
17,45,1.900733415350615
17,46,1.1960694080156724
17,47,1.2867581418117937
17,48,1.0635088964822235
17,49,0.6532291930360136
17,50,0.5905100830141963
17,51,1.888511670554827
18,0,1.342192977954814
18,1,0.9253757408659756
18,2,2.215517576178777
18,3,1.379167479442797
18,4,1.0376295095560828
18,5,0.9728614894999447
18,6,0.6391341034192717
18,7,1.2718646962035547
18,8,1.5974602590189986
18,9,0.502368819590932
18,10,1.8959712350527058
18,11,0.8638260301569225
18,12,58.286533463678694
18,13,58.286533463678694
18,14,2.6026349248453076
18,15,3.5821453957301146
18,16,2.930646742636472
18,17,1.3987020165152906
18,18,0.0
18,19,1.2737843616677713
18,20,1.705710743252632
18,21,58.286533463678694
18,22,2.9494474799265276
18,23,1.7923347636784053
18,24,1.9320309980245354
18,25,1.0264626042494973
18,26,1.1497590805231348
18,27,0.8092835498569649
18,28,2.753969673454431
18,29,58.286533463678694
18,30,1.823483287351322
18,31,2.5663587050078527
18,32,1.9116546652044857
18,33,2.0377674499852363
18,34,2.4406792171389675
18,35,58.286533463678694
18,36,0.22030204303590262
18,37,0.6270750948126027
18,38,1.7503791796428818
18,39,2.3913860664113025
18,40,2.3175854629577133
18,41,2.7056943328018535
18,42,58.286533463678694
18,43,58.286533463678694
18,44,3.8089446094761628
18,45,3.125907604477205
18,46,2.592706594272349
18,47,2.6845660600147205
18,48,2.3462986643238306
18,49,2.0246318078215055
18,50,1.8473710579874951
18,51,2.644490509696958
19,0,1.6280884955529753
19,1,1.11061366247466
19,2,1.5537232019712366
19,3,1.5049819537294111
19,4,0.3110679752502128
19,5,0.4586197834929189
19,6,0.6587693446205624
19,7,0.4281670590698783
19,8,0.3306749802583922
19,9,1.244733594185445
19,10,2.253697283320744
19,11,1.2283025504812177
19,12,57.0146609662139
19,13,57.0146609662139
19,14,2.4495880442633546
19,15,3.370912035912807
19,16,3.0095756506269757
19,17,1.842670818357183
19,18,1.2737843616677713
19,19,0.0
19,20,1.1945467482585719
19,21,57.0146609662139
19,22,2.2253980584105495
19,23,1.4114954271675908
19,24,2.3682362594172215
19,25,1.1212341670576
19,26,0.2549935579264345
19,27,0.5143766552970026
19,28,2.155946405113714
19,29,57.0146609662139
19,30,0.8044316766270204
19,31,1.7340214467963988
19,32,1.233238363846026
19,33,1.9701619246248763
19,34,1.7185260044172792
19,35,57.0146609662139
19,36,1.1783583245049942
19,37,1.3593196943422063
19,38,1.7009807327205224
19,39,2.3824452885747984
19,40,1.8491682545168338
19,41,2.192492834984535
19,42,57.0146609662139
19,43,57.0146609662139
19,44,3.632384562147752
19,45,2.8371349323660864
19,46,2.871887861526054
19,47,2.882342685651136
19,48,2.2920739852845062
19,49,2.455353469817797
19,50,1.9196826629271262
19,51,1.935977851805249
20,0,0.9222932343804877
20,1,0.8360275548992312
20,2,0.5115123133328652
20,3,0.7304197850424365
20,4,1.0303271126383386
20,5,1.5205722427246928
20,6,1.221758344388693
20,7,0.7717717583115734
20,8,1.1793191133677043
20,9,2.002477517127812
20,10,1.3596976783736068
20,11,0.9669896192366148
20,12,57.01258677036105
20,13,57.01258677036105
20,14,1.2645291789059752
20,15,2.17710206146738
20,16,1.8665150169237505
20,17,1.1646591669789317
20,18,1.705710743252632
20,19,1.1945467482585719
20,20,0.0
20,21,57.01258677036105
20,22,1.2437367367427576
20,23,0.23330119747358996
20,24,1.509775374436954
20,25,0.740004453058037
20,26,1.406855582620967
20,27,1.1047914376083396
20,28,1.0657413015596024
20,29,57.01258677036105
20,30,0.6884104818235427
20,31,0.8988774873826413
20,32,0.25662109918988285
20,33,0.8496284678727403
20,34,0.7401947448127293
20,35,57.01258677036105
20,36,1.77256005040455
20,37,2.151808264774297
20,38,0.657842286981937
20,39,1.242922966082464
20,40,0.6769186731163087
20,41,1.0521256165556325
20,42,57.01258677036105
20,43,57.01258677036105
20,44,2.4379833355341236
20,45,1.6462797884170755
20,46,1.830713617478469
20,47,1.7968901643631185
20,48,1.141949191054539
20,49,1.5744082048571046
20,50,0.8981692032288983
20,51,0.9390954914619848
21,0,57.922585726262106
21,1,57.75924853802205
21,2,56.60332763978797
21,3,57.73261594480511
21,4,57.25671252795503
21,5,57.37904646501334
21,6,57.6538553907052
21,7,57.06627570248047
21,8,56.68911219695894
21,9,58.18681984316633
21,10,58.15126700237716
21,11,57.90994604424009
21,12,0.0
21,13,0.0
21,14,57.25067066068311
21,15,56.95994040150157
21,16,57.72770530595137
21,17,58.15055517056771
21,18,58.286533463678694
21,19,57.0146609662139
21,20,57.01258677036105
21,21,0.0
21,22,56.093985724776246
21,23,57.10733186310083
21,24,58.30372566770642
21,25,57.6877663825282
21,26,57.169843336248974
21,27,57.48817578041461
21,28,56.411096237988865
21,29,0.0
21,30,56.56572223022447
21,31,56.17637269334631
21,32,56.75630864763834
21,33,57.46258805393028
21,34,56.39951551675704
21,35,0.0
21,36,58.186374126754764
21,37,58.25696773809681
21,38,57.51177989577019
21,39,57.540510116074515
21,40,56.80491563407488
21,41,56.574800477273
21,42,0.0
21,43,0.0
21,44,57.01773268814601
21,45,56.86932343194898
21,46,58.148613897116455
21,47,57.98015987863539
21,48,57.46052269146064
21,49,58.32207404113628
21,50,57.67983643784576
21,51,56.29802681363508
22,0,1.9558890508122633
22,1,2.0621632810206676
22,2,0.7359773852706746
22,3,1.7899297482925898
22,4,2.172274472780389
22,5,2.6412163848747077
22,6,2.4395773009317785
22,7,1.8758077059707288
22,8,2.0523491120078616
22,9,3.2276974538047116
22,10,2.0599943433206316
22,11,2.17740729197585
22,12,56.093985724776246
22,13,56.093985724776246
22,14,1.2222486672261255
22,15,1.5833738807406013
22,16,1.851790057040798
22,17,2.1417470116884307
22,18,2.9494474799265276
22,19,2.2253980584105495
22,20,1.2437367367427576
22,21,56.093985724776246
22,22,0.0
22,23,1.191656333475778
22,24,2.2107630116189982
22,25,1.9613684581759883
22,26,2.475187905118831
22,27,2.3024468538408573
22,28,0.31954332255056134
22,29,56.093985724776246
22,30,1.4363530623003486
22,31,0.5128637660132147
22,32,1.0571350849962444
22,33,1.3742437555417186
22,34,0.5216985422570413
22,35,56.093985724776246
22,36,3.010962541939863
22,37,3.3746138597252284
22,38,1.4773335862920074
22,39,1.4728853784994131
22,40,0.7376852967589905
22,41,0.49436947629680816
22,42,56.093985724776246
22,43,56.093985724776246
22,44,1.834790251267883
22,45,1.1088715891279164
22,46,2.135694629092234
22,47,1.9989028326162872
22,48,1.3816002394091913
22,49,2.2282138500841886
22,50,1.604553074051521
22,51,0.3066311180429703
23,0,0.81778014659764
23,1,0.8795922550822308
23,2,0.5127649908005174
23,3,0.6319173247679891
23,4,1.2242504814119533
23,5,1.7120077604543726
23,6,1.368471077831147
23,7,0.9844832311537149
23,8,1.4109293633688398
23,9,2.1313581208662047
23,10,1.1702373648940336
23,11,0.9872705419835052
23,12,57.10733186310083
23,13,57.10733186310083
23,14,1.0390775904869287
23,15,1.970177748746772
23,16,1.6333720732114236
23,17,1.0437561661089474
23,18,1.7923347636784053
23,19,1.4114954271675908
23,20,0.23330119747358996
23,21,57.10733186310083
23,22,1.191656333475778
23,23,0.0
23,24,1.3244245256187894
23,25,0.7774060369205924
23,26,1.6134817476870238
23,27,1.2700518253435182
23,28,0.9648154826530975
23,29,57.10733186310083
23,30,0.914260208342277
23,31,0.9383914493053146
23,32,0.403794108470917
23,33,0.6193251569410132
23,34,0.7362540720610181
23,35,57.10733186310083
23,36,1.883489990358583
23,37,2.2821020081914747
23,38,0.45796468113294164
23,39,1.0096531165675666
23,40,0.5271235669916815
23,41,0.9155055836874599
23,42,57.10733186310083
23,43,57.10733186310083
23,44,2.2280543048517445
23,45,1.4477183960691868
23,46,1.6052887125933146
23,47,1.566297209833061
23,48,0.9087087399270941
23,49,1.3822985703952428
23,50,0.6913204386322824
23,51,0.9016472473829613
24,0,0.7411803121435733
24,1,1.286188961547817
24,2,1.76448506261032
24,3,0.874533185477334
24,4,2.0760851722808606
24,5,2.452841111427003
24,6,1.9456387295994328
24,7,1.9903247052162036
24,8,2.5118397314900487
24,9,2.425988846221271
24,10,0.15737715452321327
24,11,1.2156172558186666
24,12,58.30372566770642
24,13,58.30372566770642
24,14,1.1524393538757183
24,15,1.9490303409509018
24,16,1.1126021636611199
24,17,0.5595411576822156
24,18,1.9320309980245354
24,19,2.3682362594172215
24,20,1.509775374436954
24,21,58.30372566770642
24,22,2.2107630116189982
24,23,1.3244245256187894
24,24,0.0
24,25,1.2529868151047456
24,26,2.4683800308600077
24,27,1.9670455147767871
24,28,1.8956681816790242
24,29,58.30372566770642
24,30,2.175341297425781
24,31,2.173607270052384
24,32,1.7274847407213532
24,33,0.84315516544932
24,34,1.9382054267475828
24,35,58.30372566770642
24,36,2.1302401949420586
24,37,2.5584223673860618
24,38,0.867099720245962
24,39,0.8392820767650301
24,40,1.5046175768478454
24,41,1.7386925021756654
24,42,58.30372566770642
24,43,58.30372566770642
24,44,2.111779976108701
24,45,1.6783491096409289
24,46,0.6770331944968269
24,47,0.8067420995346428
24,48,0.8866419837073234
24,49,0.09397580389855341
24,50,0.6492655883761735
24,51,2.0124548101261346
25,0,0.5123036885929261
25,1,0.10243588407738735
25,2,1.244349773542247
25,3,0.4298702295450527
25,4,0.8236679977478272
25,5,1.2181778054330255
25,6,0.7410000415856918
25,7,0.7793023292472566
25,8,1.3027907047356646
25,9,1.4147359411043998
25,10,1.1488772442969333
25,11,0.22943404545863277
25,12,57.6877663825282
25,13,57.6877663825282
25,14,1.6109146315613103
25,15,2.5926793653408717
25,16,2.0359510831314123
25,17,0.7218441558616862
25,18,1.0264626042494973
25,19,1.1212341670576
25,20,0.740004453058037
25,21,57.6877663825282
25,22,1.9613684581759883
25,23,0.7774060369205924
25,24,1.2529868151047456
25,25,0.0
25,26,1.2165276112455514
25,27,0.7255990553840838
25,28,1.7420357504344286
25,29,57.6877663825282
25,30,1.1441557404655072
25,31,1.6383730166661812
25,32,0.9835089515278299
25,33,1.0518276154289514
25,34,1.4749430369808694
25,35,57.6877663825282
25,36,1.1431855352584166
25,37,1.564852063266405
25,38,0.7548755141191492
25,39,1.4413918732402766
25,40,1.2965166199795233
25,41,1.6832710928493146
25,42,57.6877663825282
25,43,57.6877663825282
25,44,2.831558868282084
25,45,2.114395017481387
25,46,1.806407645447917
25,47,1.8484633302932134
25,48,1.3774554384936948
25,49,1.3423895158269032
25,50,0.9079440530373529
25,51,1.6630593101352864
26,0,1.7287023692206598
26,1,1.1850880946771234
26,2,1.7933834111989861
26,3,1.6276040940036307
26,4,0.4075820169057754
26,5,0.22256643468902707
26,6,0.6048286412857463
26,7,0.6363455547287662
26,8,0.546525751397626
26,9,1.0395390590373508
26,10,2.36498300836641
26,11,1.2807234516841661
26,12,57.169843336248974
26,13,57.169843336248974
26,14,2.644416545603491
26,15,3.5821351898342493
26,16,3.179258782678158
26,17,1.924688814583193
26,18,1.1497590805231348
26,19,0.2549935579264345
26,20,1.406855582620967
26,21,57.169843336248974
26,22,2.475187905118831
26,23,1.6134817476870238
26,24,2.4683800308600077
26,25,1.2165276112455514
26,26,0.0
26,27,0.5143835030359634
26,28,2.3965896124527624
26,29,57.169843336248974
26,30,1.0591141373795183
26,31,1.9868768285032092
26,32,1.4684827518775019
26,33,2.1434096445221877
26,34,1.9650523311085262
26,35,57.169843336248974
26,36,1.0195746670577113
26,37,1.1415816800617293
26,38,1.8629059537556518
26,39,2.5559504201148293
26,40,2.073451341603834
26,41,2.425885166937008
26,42,57.169843336248974
26,43,57.169843336248974
26,44,3.841229278812142
26,45,3.0531229211872812
26,46,3.0085001090620582
26,47,3.032262793949333
26,48,2.470520721881456
26,49,2.558449129302074
26,50,2.069495768106859
26,51,2.1832457993440912
27,0,1.232465552741168
27,1,0.6809185156983837
27,2,1.5745174325711209
27,3,1.1510467303628082
27,4,0.23152297465026622
27,5,0.4929184225158036
27,6,0.17088310413703733
27,7,0.47830092305477423
27,8,0.8116407868216027
27,9,0.9356913180653508
27,10,1.8709560027548655
27,11,0.7676456907972722
27,12,57.48817578041461
27,13,57.48817578041461
27,14,2.256766425889237
27,15,3.2232615751563296
27,16,2.7412405552538437
27,17,1.4171957172184018
27,18,0.8092835498569649
27,19,0.5143766552970026
27,20,1.1047914376083396
27,21,57.48817578041461
27,22,2.3024468538408573
27,23,1.2700518253435182
27,24,1.9670455147767871
27,25,0.7255990553840838
27,26,0.5143835030359634
27,27,0.0
27,28,2.163017096896166
27,29,57.48817578041461
27,30,1.0349019939149144
27,31,1.862834946895118
27,32,1.2463807800817563
27,33,1.7229747826687432
27,34,1.780831964292764
27,35,57.48817578041461
27,36,0.7712824336559461
27,37,1.0781134326708852
27,38,1.430197991766482
27,39,2.1296551525688026
27,40,1.7785421837453694
27,41,2.1569136365006605
27,42,57.48817578041461
27,43,57.48817578041461
27,44,3.4743049151482546
27,45,2.712668540865845
27,46,2.5316762590668422
27,47,2.569291839440727
27,48,2.053679259641044
27,49,2.058395959556992
27,50,1.6157520589822965
27,51,1.9971807910024426
28,0,1.6808461469436529
28,1,1.8443088434649184
28,2,0.6032743224428458
28,3,1.525202606210653
28,4,2.0598548267157493
28,5,2.543288958112433
28,6,2.286501614959541
28,7,1.7725539910746964
28,8,2.026846302583409
28,9,3.068175052967919
28,10,1.746265844465101
28,11,1.9476234738542804
28,12,56.411096237988865
28,13,56.411096237988865
28,14,0.9119678447026641
28,15,1.4007289712490232
28,16,1.5584416980922235
28,17,1.8531431684467987
28,18,2.753969673454431
28,19,2.155946405113714
28,20,1.0657413015596024
28,21,56.411096237988865
28,22,0.31954332255056134
28,23,0.9648154826530975
28,24,1.8956681816790242
28,25,1.7420357504344286
28,26,2.3965896124527624
28,27,2.163017096896166
28,28,0.0
28,29,56.411096237988865
28,30,1.4074470671418011
28,31,0.5948832351651266
28,32,0.9314693706743806
28,33,1.0642577512614626
28,34,0.46331613254775356
28,35,56.411096237988865
28,36,2.8342603677425284
28,37,3.2175494988108193
28,38,1.1913017609104424
28,39,1.1542716319844484
28,40,0.45953472386041183
28,41,0.1803716323661635
28,42,56.411096237988865
28,43,56.411096237988865
28,44,1.6634954932411825
28,45,0.8830159202761104
28,46,1.8207309623514465
28,47,1.68833143142436
28,48,1.062190725334967
28,49,1.9110465682593136
28,50,1.3002513549323595
28,51,0.2915805899330198
29,0,57.922585726262106
29,1,57.75924853802205
29,2,56.60332763978797
29,3,57.73261594480511
29,4,57.25671252795503
29,5,57.37904646501334
29,6,57.6538553907052
29,7,57.06627570248047
29,8,56.68911219695894
29,9,58.18681984316633
29,10,58.15126700237716
29,11,57.90994604424009
29,12,0.0
29,13,0.0
29,14,57.25067066068311
29,15,56.95994040150157
29,16,57.72770530595137
29,17,58.15055517056771
29,18,58.286533463678694
29,19,57.0146609662139
29,20,57.01258677036105
29,21,0.0
29,22,56.093985724776246
29,23,57.10733186310083
29,24,58.30372566770642
29,25,57.6877663825282
29,26,57.169843336248974
29,27,57.48817578041461
29,28,56.411096237988865
29,29,0.0
29,30,56.56572223022447
29,31,56.17637269334631
29,32,56.75630864763834
29,33,57.46258805393028
29,34,56.39951551675704
29,35,0.0
29,36,58.186374126754764
29,37,58.25696773809681
29,38,57.51177989577019
29,39,57.540510116074515
29,40,56.80491563407488
29,41,56.574800477273
29,42,0.0
29,43,0.0
29,44,57.01773268814601
29,45,56.86932343194898
29,46,58.148613897116455
29,47,57.98015987863539
29,48,57.46052269146064
29,49,58.32207404113628
29,50,57.67983643784576
29,51,56.29802681363508
30,0,1.5160732954920402
30,1,1.203051859840015
30,2,0.8291230464834242
30,3,1.334961880547711
30,4,0.8377693433490675
30,5,1.248118205962359
30,6,1.2022485182595986
30,7,0.5568079760178424
30,8,0.620682710152683
30,9,1.9534863627497827
30,10,2.0304562730170197
30,11,1.3545973997058856
30,12,56.56572223022447
30,13,56.56572223022447
30,14,1.8912235060426168
30,15,2.7224244025750224
30,16,2.52807385882421
30,17,1.7640005691809595
30,18,1.823483287351322
30,19,0.8044316766270204
30,20,0.6884104818235427
30,21,56.56572223022447
30,22,1.4363530623003486
30,23,0.914260208342277
30,24,2.175341297425781
30,25,1.1441557404655072
30,26,1.0591141373795183
30,27,1.0349019939149144
30,28,1.4074470671418011
30,29,56.56572223022447
30,30,0.0
30,31,0.9346270421348797
30,32,0.568909582993705
30,33,1.5334085151622645
30,34,0.9498594840441335
30,35,56.56572223022447
30,36,1.8060269895291743
30,37,2.087035513619645
30,38,1.3425160246994157
30,39,1.9142314664004079
30,40,1.1897086749457984
30,41,1.4762238546436537
30,42,56.56572223022447
30,43,56.56572223022447
30,44,2.989057709039142
30,45,2.17978579573275
30,46,2.5185168272828506
30,47,2.4796612981837365
30,48,1.809335971696284
30,49,2.2457771740227783
30,50,1.5835903428881912
30,51,1.1601934985603592
31,0,1.755705821976147
31,1,1.7329325800657203
31,2,0.4276106695003379
31,3,1.57023022707385
31,4,1.7103169932589348
31,5,2.163495406049104
31,6,2.0118467067843993
31,7,1.411520591356323
31,8,1.5446805550952778
31,9,2.7977605965336716
31,10,2.016413623065843
31,11,1.8658411678345483
31,12,56.17637269334631
31,13,56.17637269334631
31,14,1.4047489108426308
