source_id,target_id,rtt
0,0,0.0
0,1,0.5536388641387935
0,2,1.3287917355140426
0,3,0.1919217183288388
0,4,1.334916141381191
0,5,1.7225524772561225
0,6,1.2263158541104444
0,7,1.2600836373280713
0,8,1.7850518212399233
0,9,1.8018684313446889
0,10,57.922585726262106
0,11,57.922585726262106
0,12,1.2878332757598154
0,13,2.2546552382675364
0,14,1.5950472917309664
0,15,0.24820472954478617
0,16,1.342192977954814
0,17,1.6280884955529753
0,18,0.9222932343804877
0,19,57.922585726262106
0,20,0.7411803121435733
0,21,0.5123036885929261
0,22,1.7287023692206598
0,23,1.232465552741168
0,24,1.1742388338446306
0,25,0.735770609424058
0,26,1.5464044638344523
0,27,57.922585726262106
0,28,1.5101156363336914
0,29,1.9455900683801437
0,30,0.49733044330955944
0,31,1.052807744824471
0,32,1.2236184605852904
0,33,1.573748245936906
0,34,57.922585726262106
0,35,57.922585726262106
0,36,2.4732315001232257
0,37,1.832382831340431
0,38,1.3121777228914728
0,39,1.3729167025448963
0,40,1.0169159551770788
0,41,0.8301410852194375
0,42,0.5147606277232035
0,43,1.6893628929682682
1,0,0.5536388641387935
1,1,0.0
1,2,1.3428241456157826
1,3,0.5018114395098634
1,4,0.805102179368103
1,5,1.1692416909027028
1,6,0.6754670949301911
1,7,0.7987812926050218
1,8,1.3149232345274806
1,9,1.321841194806592
1,10,57.75924853802205
1,11,57.75924853802205
1,12,1.702092877470044
1,13,2.6843235827807748
1,14,2.110075566959706
1,15,0.7397621391474487
1,16,0.9253757408659756
1,17,1.11061366247466
1,18,0.8360275548992312
1,19,57.75924853802205
1,20,1.286188961547817
1,21,0.10243588407738735
1,22,1.1850880946771234
1,23,0.6809185156983837
1,24,1.0756650944641302
1,25,1.140424157128073
1,26,1.5732420839952304
1,27,57.75924853802205
1,28,1.0466910947322865
1,29,1.471410166164113
1,30,0.8447505388907407
1,31,1.5235683586910957
1,32,1.3989388684119708
1,33,1.7856233499116236
1,34,57.75924853802205
1,35,57.75924853802205
1,36,2.92109836869055
1,37,2.2104786932117944
1,38,1.8621377681866105
1,39,1.9122954729413069
1,40,1.463264018887907
1,41,1.3774774453740866
1,42,0.9848831217008415
1,43,1.7631014867410595
2,0,1.3287917355140426
2,1,1.3428241456157826
2,2,0.0
2,3,1.1444678054620279
2,4,1.4600611168932385
2,5,1.9412024133384402
2,6,1.706898899136396
2,7,1.1703086015322646
2,8,1.4399056303590285
2,9,2.494125061472796
2,10,56.60332763978797
2,11,56.60332763978797
2,12,1.1342717062827032
2,13,1.897916111035454
2,14,1.8045467028628945
2,15,1.548459378608999
2,16,2.215517576178777
2,17,1.5537232019712366
2,18,0.5115123133328652
2,19,56.60332763978797
2,20,1.76448506261032
2,21,1.244349773542247
2,22,1.7933834111989861
2,23,1.5745174325711209
2,24,0.33063487287005616
2,25,0.9525403304933998
2,26,0.23067888927412247
2,27,56.60332763978797
2,28,2.275004947334934
2,29,2.641769001413711
2,30,0.9162823003160914
2,31,1.2416451317602868
2,32,0.39197820896931984
2,33,0.6488764658006894
2,34,56.60332763978797
2,35,56.60332763978797
2,36,2.1648769717301155
2,37,1.3555861121277817
2,38,1.9101872299758893
2,39,1.8274010079223235
2,40,1.132433247099687
2,41,1.8084456241772389
2,42,1.115293029937846
2,43,0.42965576479144935
3,0,0.1919217183288388
3,1,0.5018114395098634
3,2,1.1444678054620279
3,3,0.0
3,4,1.2246892515862622
3,5,1.6439015103488832
3,6,1.1705089490985479
3,7,1.1167535443849013
3,8,1.6373279971325168
3,9,1.8108584063150652
3,10,57.73261594480511
3,11,57.73261594480511
3,12,1.223480246529018
3,13,2.2034821668511126
3,14,1.608526676609298
3,15,0.4363428908591717
3,16,1.379167479442797
3,17,1.5049819537294111
3,18,0.7304197850424365
3,19,57.73261594480511
3,20,0.874533185477334
3,21,0.4298702295450527
3,22,1.6276040940036307
3,23,1.1510467303628082
3,24,0.9824001368421432
3,25,0.6586940360501544
3,26,1.365211260494782
3,27,57.73261594480511
3,28,1.526808594111788
3,29,1.9585514123323458
3,30,0.3783555379044004
3,31,1.0252814138892055
3,32,1.0657451602840544
3,33,1.4296223481298433
3,34,57.73261594480511
3,35,57.73261594480511
3,36,2.43358218187966
3,37,1.7522116360071665
3,38,1.3824732282251622
3,39,1.4191786626045173
3,40,0.9709486520760869
3,41,0.9572405860099626
3,42,0.48354981522999524
3,43,1.5159305851174354
4,0,1.334916141381191
4,1,0.805102179368103
4,2,1.4600611168932385
4,3,1.2246892515862622
4,4,0.0
4,5,0.49024745912243217
4,6,0.3988188787685172
4,7,0.2987964337025263
4,8,0.5838748544609131
4,9,1.115736377207161
4,10,57.25671252795503
4,11,57.25671252795503
4,12,2.246254986732598
4,13,3.1941436687266918
4,14,2.7723946773661887
4,15,1.541879506044013
4,16,1.0376295095560828
4,17,0.3110679752502128
4,18,1.0303271126383386
4,19,57.25671252795503
4,20,2.0760851722808606
4,21,0.8236679977478272
4,22,0.4075820169057754
4,23,0.23152297465026622
4,24,1.1295439475844928
4,25,1.7377985999150933
4,26,1.6522518373216672
4,27,57.25671252795503
4,28,0.9838344380820377
4,29,1.2498859455325808
4,30,1.4557233599540131
4,31,2.1500191680255814
4,32,1.705839923656459
4,33,2.0718105451910076
4,34,57.25671252795503
4,35,57.25671252795503
4,36,3.45086007451229
4,37,2.6707966452019942
4,38,2.6033385469988715
4,39,2.6250582546130667
4,40,2.065870321409603
4,41,2.164799429453208
4,42,1.6620622879867897
4,43,1.870998804378633
5,0,1.7225524772561225
5,1,1.1692416909027028
5,2,1.9412024133384402
5,3,1.6439015103488832
5,4,0.49024745912243217
5,5,0.0
5,6,0.5182252050312192
5,7,0.7708938163013025
5,8,0.7674227089247699
5,9,0.8196877540709728
5,10,57.37904646501334
5,11,57.37904646501334
5,12,2.7256527761594307
5,13,3.680450367492761
5,14,3.229103453313355
5,15,1.8984930457087752
5,16,0.9728614894999447
5,17,0.4586197834929189
5,18,1.5205722427246928
5,19,57.37904646501334
5,20,2.452841111427003
5,21,1.2181778054330255
5,22,0.22256643468902707
5,23,0.4929184225158036
5,24,1.6118208934883709
5,25,2.2037749027119435
5,26,2.1249630647488478
5,27,57.37904646501334
5,28,0.8221225599272747
5,29,0.9191991736527033
5,30,1.91437211926998
5,31,2.6133523470961344
5,32,2.1959255884238735
5,33,2.560136538331472
5,34,57.37904646501334
5,35,57.37904646501334
5,36,3.9357331651872753
5,37,3.1594739353751407
5,38,3.024489165162678
5,39,3.061710996550847
5,40,2.5339657627966385
5,41,2.54493116771528
5,42,2.106074514670421
5,43,2.343960423068382
6,0,1.2263158541104444
6,1,0.6754670949301911
6,2,1.706898899136396
6,3,1.1705089490985479
6,4,0.3988188787685172
6,5,0.5182252050312192
6,6,0.0
6,7,0.6455212660201256
6,8,0.9699988818286162
6,9,0.7884490884357973
6,10,57.6538553907052
6,11,57.6538553907052
6,12,2.3235723629386054
6,13,3.2984791097248043
6,14,2.7764422742884274
6,15,1.3880846784530247
6,16,0.6391341034192717
6,17,0.6587693446205624
6,18,1.221758344388693
6,19,57.6538553907052
6,20,1.9456387295994328
6,21,0.7410000415856918
6,22,0.6048286412857463
6,23,0.17088310413703733
6,24,1.3825345201533048
6,25,1.7767187839938618
6,26,1.9190245741403753
6,27,57.6538553907052
6,28,0.604469381030276
6,29,0.9350630201752558
6,30,1.480158819443921
6,31,2.176009986808468
6,32,1.8871543978466958
6,33,2.2704115170086716
6,34,57.6538553907052
6,35,57.6538553907052
6,36,3.5451085094190096
6,37,2.797786951338243
6,38,2.5372335462370104
6,39,2.5869612107457765
6,40,2.1063315407287613
6,41,2.038528858335845
6,42,1.6480906341971027
6,43,2.13329899698236
7,0,1.2600836373280713
7,1,0.7987812926050218
7,2,1.1703086015322646
7,3,1.1167535443849013
7,4,0.2987964337025263
7,5,0.7708938163013025
7,6,0.6455212660201256
7,7,0.0
7,8,0.5256610031692869
7,9,1.4047024242763608
7,10,57.06627570248047
7,11,57.06627570248047
7,12,2.021776095341369
7,13,2.9486682545202836
7,14,2.584038665360086
7,15,1.490942280865591
7,16,1.2718646962035547
7,17,0.4281670590698783
7,18,0.7717717583115734
7,19,57.06627570248047
7,20,1.9903247052162036
7,21,0.7793023292472566
7,22,0.6363455547287662
7,23,0.47830092305477423
7,24,0.841120403280481
7,25,1.5446794198537221
7,26,1.3569251657911647
7,27,57.06627570248047
7,28,1.2492394877415485
7,29,1.5422843848797725
7,30,1.280864169440753
7,31,1.956380722476667
7,32,1.4373349672695888
7,33,1.7934434888759125
7,34,57.06627570248047
7,35,57.06627570248047
7,36,3.2089772559617176
7,37,2.4177703701009436
7,38,2.4620528504834147
7,39,2.464829638287022
7,40,1.8649675703513287
7,41,2.073944619707192
7,42,1.5052678231832077
7,43,1.575897643442369
8,0,1.7850518212399233
8,1,1.3149232345274806
8,2,1.4399056303590285
8,3,1.6373279971325168
8,4,0.5838748544609131
8,5,0.7674227089247699
8,6,0.9699988818286162
8,7,0.5256610031692869
8,8,0.0
8,9,1.5716451466753123
8,10,56.68911219695894
8,11,56.68911219695894
8,12,2.4405851029027703
8,13,3.316636001541222
8,14,3.042408515982231
8,15,2.016597611897262
8,16,1.5974602590189986
8,17,0.3306749802583922
8,18,1.1793191133677043
8,19,56.68911219695894
8,20,2.5118397314900487
8,21,1.3027907047356646
8,22,0.546525751397626
8,23,0.8116407868216027
8,24,1.1474535100053074
8,25,2.0111556735385987
8,26,1.570503432102489
8,27,56.68911219695894
8,28,1.5084202792804688
8,29,1.6820034021079016
8,30,1.7682301589867928
8,31,2.41574146334986
8,32,1.7793011853141592
8,33,2.088780891961
8,34,56.68911219695894
8,35,56.68911219695894
8,36,3.5820252648944084
8,37,2.7754911485662626
8,38,2.959637890939025
8,39,2.949496260099235
8,40,2.3176645037026375
8,41,2.5940828792943456
8,42,2.001263432353982
8,43,1.780487934583472
9,0,1.8018684313446889
9,1,1.321841194806592
9,2,2.494125061472796
9,3,1.8108584063150652
9,4,1.115736377207161
9,5,0.8196877540709728
9,6,0.7884490884357973
9,7,1.4047024242763608
9,8,1.5716451466753123
9,9,0.0
9,10,58.18681984316633
9,11,58.18681984316633
9,12,3.023908751092086
9,13,4.006159425388926
9,14,3.3969086169882123
9,15,1.8835282209350528
9,16,0.502368819590932
9,17,1.244733594185445
9,18,2.002477517127812
9,19,58.18681984316633
9,20,2.425988846221271
9,21,1.4147359411043998
9,22,1.0395390590373508
9,23,0.9356913180653508
9,24,2.170818839094956
9,25,2.4614448430532883
9,26,2.707390501793385
9,27,58.18681984316633
9,28,0.29597708131958333
9,29,0.15099799142860182
9,30,2.1664944025646027
9,31,2.835383006111496
9,32,2.6566118510070917
9,33,3.043278012371911
9,34,58.18681984316633
9,35,58.18681984316633
9,36,4.24191039703667
9,37,3.527744149576584
9,38,3.0795972053933056
9,39,3.1635506095220562
9,40,2.78110848497065
9,41,2.519164636416728
9,42,2.2911630511982333
9,43,2.921295007814363
10,0,57.922585726262106
10,1,57.75924853802205
10,2,56.60332763978797
10,3,57.73261594480511
10,4,57.25671252795503
10,5,57.37904646501334
10,6,57.6538553907052
10,7,57.06627570248047
10,8,56.68911219695894
10,9,58.18681984316633
10,10,0.0
10,11,0.0
10,12,57.25067066068311
10,13,56.95994040150157
10,14,57.72770530595137
10,15,58.15055517056771
10,16,58.286533463678694
10,17,57.0146609662139
10,18,57.01258677036105
10,19,0.0
10,20,58.30372566770642
10,21,57.6877663825282
10,22,57.169843336248974
10,23,57.48817578041461
10,24,56.75630864763834
10,25,57.46258805393028
10,26,56.39951551675704
10,27,0.0
10,28,58.186374126754764
10,29,58.25696773809681
10,30,57.51177989577019
10,31,57.540510116074515
10,32,56.80491563407488
10,33,56.574800477273
10,34,0.0
10,35,0.0
10,36,57.01773268814601
10,37,56.86932343194898
10,38,58.148613897116455
10,39,57.98015987863539
10,40,57.46052269146064
10,41,58.32207404113628
10,42,57.67983643784576
10,43,56.29802681363508
11,0,57.922585726262106
11,1,57.75924853802205
11,2,56.60332763978797
11,3,57.73261594480511
11,4,57.25671252795503
11,5,57.37904646501334
11,6,57.6538553907052
11,7,57.06627570248047
11,8,56.68911219695894
11,9,58.18681984316633
11,10,0.0
11,11,0.0
11,12,57.25067066068311
11,13,56.95994040150157
11,14,57.72770530595137
11,15,58.15055517056771
11,16,58.286533463678694
11,17,57.0146609662139
11,18,57.01258677036105
11,19,0.0
11,20,58.30372566770642
11,21,57.6877663825282
11,22,57.169843336248974
11,23,57.48817578041461
11,24,56.75630864763834
11,25,57.46258805393028
11,26,56.39951551675704
11,27,0.0
11,28,58.186374126754764
11,29,58.25696773809681
11,30,57.51177989577019
11,31,57.540510116074515
11,32,56.80491563407488
11,33,56.574800477273
11,34,0.0
11,35,0.0
11,36,57.01773268814601
11,37,56.86932343194898
11,38,58.148613897116455
11,39,57.98015987863539
11,40,57.46052269146064
11,41,58.32207404113628
11,42,57.67983643784576
11,43,56.29802681363508
12,0,1.2878332757598154
12,1,1.702092877470044
12,2,1.1342717062827032
12,3,1.223480246529018
12,4,2.246254986732598
12,5,2.7256527761594307
12,6,2.3235723629386054
12,7,2.021776095341369
12,8,2.4405851029027703
12,9,3.023908751092086
12,10,57.25067066068311
12,11,57.25067066068311
12,12,0.0
12,13,0.9822836791251377
12,14,0.6761715123422647
12,15,1.3470996080305124
12,16,2.6026349248453076
12,17,2.4495880442633546
12,18,1.2645291789059752
12,19,57.25067066068311
12,20,1.1524393538757183
12,21,1.6109146315613103
12,22,2.644416545603491
12,23,2.256766425889237
12,24,1.3224969304131742
12,25,0.5649312367336365
12,26,1.1830784076680323
12,27,57.25067066068311
12,28,2.745477916376036
12,29,3.173292240231409
12,30,0.85744721325181
12,31,0.31335868418515483
12,32,0.743497090811033
12,33,0.7316998145841231
12,34,57.25067066068311
12,35,57.25067066068311
12,36,1.2221500366878715
12,37,0.5538965753588106
12,38,0.9172177186310214
12,39,0.7768146100544018
12,40,0.2853845293950246
12,41,1.135683025689884
12,42,0.7747076458248917
12,43,1.1399345284226758
13,0,2.2546552382675364
13,1,2.6843235827807748
13,2,1.897916111035454
13,3,2.2034821668511126
13,4,3.1941436687266918
13,5,3.680450367492761
13,6,3.2984791097248043
13,7,2.9486682545202836
13,8,3.316636001541222
13,9,4.006159425388926
13,10,56.95994040150157
13,11,56.95994040150157
13,12,0.9822836791251377
13,13,0.0
13,14,0.8964259125428096
13,15,2.2797177872100614
13,16,3.5821453957301146
13,17,3.370912035912807
13,18,2.17710206146738
13,19,56.95994040150157
13,20,1.9490303409509018
13,21,2.5926793653408717
13,22,3.5821351898342493
13,23,3.2232615751563296
13,24,2.169260646403122
13,25,1.546209041960691
13,26,1.8407886688863881
13,27,56.95994040150157
13,28,3.7275277813667085
13,29,4.155573895882808
13,30,1.8397299557447973
13,31,1.2075803020519607
13,32,1.5374264455229838
13,33,1.2737062361539648
13,34,56.95994040150157
13,35,56.95994040150157
13,36,0.2669897423535989
13,37,0.5426646177254358
13,38,1.4091474267395632
13,39,1.2238703517363743
13,40,1.2382512668393424
13,41,1.8971196590388126
13,42,1.7404317149265063
13,43,1.692305813613006
14,0,1.5950472917309664
14,1,2.110075566959706
14,2,1.8045467028628945
14,3,1.608526676609298
14,4,2.7723946773661887
14,5,3.229103453313355
14,6,2.7764422742884274
14,7,2.584038665360086
14,8,3.042408515982231
14,9,3.3969086169882123
14,10,57.72770530595137
14,11,57.72770530595137
14,12,0.6761715123422647
14,13,0.8964259125428096
14,14,0.0
14,15,1.5462084221163934
14,16,2.930646742636472
14,17,3.0095756506269757
14,18,1.8665150169237505
14,19,57.72770530595137
14,20,1.1126021636611199
14,21,2.0359510831314123
14,22,3.179258782678158
14,23,2.7412405552538437
14,24,1.9649007977463153
14,25,1.039450128077642
14,26,1.8590807171433543
14,27,57.72770530595137
14,28,3.1047063044129204
14,29,3.5402728938907346
14,30,1.3169497632594136
14,31,0.6280827429992428
14,32,1.416515326176074
14,33,1.3799546342061062
14,34,57.72770530595137
14,35,57.72770530595137
14,36,1.0145966665064
14,37,0.8616659401928296
14,38,0.5135779010474658
14,39,0.3306900104832354
14,40,0.7248581436749455
14,41,1.045527572999433
14,42,1.1283821791875046
14,43,1.806468376558097
15,0,0.24820472954478617
15,1,0.7397621391474487
15,2,1.548459378608999
15,3,0.4363428908591717
15,4,1.541879506044013
15,5,1.8984930457087752
15,6,1.3880846784530247
15,7,1.490942280865591
15,8,2.016597611897262
15,9,1.8835282209350528
15,10,58.15055517056771
15,11,58.15055517056771
15,12,1.3470996080305124
15,13,2.2797177872100614
15,14,1.5462084221163934
15,15,0.0
15,16,1.3987020165152906
15,17,1.842670818357183
15,18,1.1646591669789317
15,19,58.15055517056771
15,20,0.5595411576822156
15,21,0.7218441558616862
15,22,1.924688814583193
15,23,1.4171957172184018
15,24,1.413771921437943
15,25,0.8372496441289733
15,26,1.7593470877767863
15,27,58.15055517056771
15,28,1.5876828117453823
15,29,2.020460798029313
15,30,0.6644147674991684
15,31,1.074451134237656
15,32,1.4041943993005446
15,33,1.7309223923835013
15,34,58.15055517056771
15,35,58.15055517056771
15,36,2.4810952691562105
15,37,1.900733415350615
15,38,1.1960694080156724
15,39,1.2867581418117937
15,40,1.0635088964822235
15,41,0.6532291930360136
15,42,0.5905100830141963
15,43,1.888511670554827
16,0,1.342192977954814
16,1,0.9253757408659756
16,2,2.215517576178777
16,3,1.379167479442797
16,4,1.0376295095560828
16,5,0.9728614894999447
16,6,0.6391341034192717
16,7,1.2718646962035547
16,8,1.5974602590189986
16,9,0.502368819590932
16,10,58.286533463678694
16,11,58.286533463678694
16,12,2.6026349248453076
16,13,3.5821453957301146
16,14,2.930646742636472
16,15,1.3987020165152906
16,16,0.0
16,17,1.2737843616677713
16,18,1.705710743252632
16,19,58.286533463678694
16,20,1.9320309980245354
16,21,1.0264626042494973
16,22,1.1497590805231348
16,23,0.8092835498569649
16,24,1.9116546652044857
16,25,2.0377674499852363
16,26,2.4406792171389675
16,27,58.286533463678694
16,28,0.22030204303590262
16,29,0.6270750948126027
16,30,1.7503791796428818
16,31,2.3913860664113025
16,32,2.3175854629577133
16,33,2.7056943328018535
16,34,58.286533463678694
16,35,58.286533463678694
16,36,3.8089446094761628
16,37,3.125907604477205
16,38,2.592706594272349
16,39,2.6845660600147205
16,40,2.3462986643238306
16,41,2.0246318078215055
16,42,1.8473710579874951
16,43,2.644490509696958
17,0,1.6280884955529753
17,1,1.11061366247466
17,2,1.5537232019712366
17,3,1.5049819537294111
17,4,0.3110679752502128
17,5,0.4586197834929189
17,6,0.6587693446205624
17,7,0.4281670590698783
17,8,0.3306749802583922
17,9,1.244733594185445
17,10,57.0146609662139
17,11,57.0146609662139
17,12,2.4495880442633546
17,13,3.370912035912807
17,14,3.0095756506269757
17,15,1.842670818357183
17,16,1.2737843616677713
17,17,0.0
17,18,1.1945467482585719
17,19,57.0146609662139
17,20,2.3682362594172215
17,21,1.1212341670576
17,22,0.2549935579264345
17,23,0.5143766552970026
17,24,1.233238363846026
17,25,1.9701619246248763
17,26,1.7185260044172792
17,27,57.0146609662139
17,28,1.1783583245049942
17,29,1.3593196943422063
17,30,1.7009807327205224
17,31,2.3824452885747984
17,32,1.8491682545168338
17,33,2.192492834984535
17,34,57.0146609662139
17,35,57.0146609662139
17,36,3.632384562147752
17,37,2.8371349323660864
17,38,2.871887861526054
17,39,2.882342685651136
17,40,2.2920739852845062
17,41,2.455353469817797
17,42,1.9196826629271262
17,43,1.935977851805249
18,0,0.9222932343804877
18,1,0.8360275548992312
18,2,0.5115123133328652
18,3,0.7304197850424365
18,4,1.0303271126383386
18,5,1.5205722427246928
18,6,1.221758344388693
18,7,0.7717717583115734
18,8,1.1793191133677043
18,9,2.002477517127812
18,10,57.01258677036105
18,11,57.01258677036105
18,12,1.2645291789059752
18,13,2.17710206146738
18,14,1.8665150169237505
18,15,1.1646591669789317
18,16,1.705710743252632
18,17,1.1945467482585719
18,18,0.0
18,19,57.01258677036105
18,20,1.509775374436954
18,21,0.740004453058037
18,22,1.406855582620967
18,23,1.1047914376083396
18,24,0.25662109918988285
18,25,0.8496284678727403
18,26,0.7401947448127293
18,27,57.01258677036105
18,28,1.77256005040455
18,29,2.151808264774297
18,30,0.657842286981937
18,31,1.242922966082464
18,32,0.6769186731163087
18,33,1.0521256165556325
18,34,57.01258677036105
18,35,57.01258677036105
18,36,2.4379833355341236
18,37,1.6462797884170755
18,38,1.830713617478469
18,39,1.7968901643631185
18,40,1.141949191054539
18,41,1.5744082048571046
18,42,0.8981692032288983
18,43,0.9390954914619848
19,0,57.922585726262106
19,1,57.75924853802205
19,2,56.60332763978797
19,3,57.73261594480511
19,4,57.25671252795503
19,5,57.37904646501334
19,6,57.6538553907052
19,7,57.06627570248047
19,8,56.68911219695894
19,9,58.18681984316633
19,10,0.0
19,11,0.0
19,12,57.25067066068311
19,13,56.95994040150157
19,14,57.72770530595137
19,15,58.15055517056771
19,16,58.286533463678694
19,17,57.0146609662139
19,18,57.01258677036105
19,19,0.0
19,20,58.30372566770642
19,21,57.6877663825282
19,22,57.169843336248974
19,23,57.48817578041461
19,24,56.75630864763834
19,25,57.46258805393028
19,26,56.39951551675704
19,27,0.0
19,28,58.186374126754764
19,29,58.25696773809681
19,30,57.51177989577019
19,31,57.540510116074515
19,32,56.80491563407488
19,33,56.574800477273
19,34,0.0
19,35,0.0
19,36,57.01773268814601
19,37,56.86932343194898
19,38,58.148613897116455
19,39,57.98015987863539
19,40,57.46052269146064
19,41,58.32207404113628
19,42,57.67983643784576
19,43,56.29802681363508
20,0,0.7411803121435733
20,1,1.286188961547817
20,2,1.76448506261032
20,3,0.874533185477334
20,4,2.0760851722808606
20,5,2.452841111427003
20,6,1.9456387295994328
20,7,1.9903247052162036
20,8,2.5118397314900487
20,9,2.425988846221271
20,10,58.30372566770642
20,11,58.30372566770642
20,12,1.1524393538757183
20,13,1.9490303409509018
20,14,1.1126021636611199
20,15,0.5595411576822156
20,16,1.9320309980245354
20,17,2.3682362594172215
20,18,1.509775374436954
20,19,58.30372566770642
20,20,0.0
20,21,1.2529868151047456
20,22,2.4683800308600077
20,23,1.9670455147767871
20,24,1.7274847407213532
20,25,0.84315516544932
20,26,1.9382054267475828
20,27,58.30372566770642
20,28,2.1302401949420586
20,29,2.5584223673860618
20,30,0.867099720245962
20,31,0.8392820767650301
20,32,1.5046175768478454
20,33,1.7386925021756654
20,34,58.30372566770642
20,35,58.30372566770642
20,36,2.111779976108701
20,37,1.6783491096409289
20,38,0.6770331944968269
20,39,0.8067420995346428
20,40,0.8866419837073234
20,41,0.09397580389855341
20,42,0.6492655883761735
20,43,2.0124548101261346
21,0,0.5123036885929261
21,1,0.10243588407738735
21,2,1.244349773542247
21,3,0.4298702295450527
21,4,0.8236679977478272
21,5,1.2181778054330255
21,6,0.7410000415856918
21,7,0.7793023292472566
21,8,1.3027907047356646
21,9,1.4147359411043998
21,10,57.6877663825282
21,11,57.6877663825282
21,12,1.6109146315613103
21,13,2.5926793653408717
21,14,2.0359510831314123
21,15,0.7218441558616862
21,16,1.0264626042494973
21,17,1.1212341670576
21,18,0.740004453058037
21,19,57.6877663825282
21,20,1.2529868151047456
21,21,0.0
21,22,1.2165276112455514
21,23,0.7255990553840838
21,24,0.9835089515278299
21,25,1.0518276154289514
21,26,1.4749430369808694
21,27,57.6877663825282
21,28,1.1431855352584166
21,29,1.564852063266405
21,30,0.7548755141191492
21,31,1.4413918732402766
21,32,1.2965166199795233
21,33,1.6832710928493146
21,34,57.6877663825282
21,35,57.6877663825282
21,36,2.831558868282084
21,37,2.114395017481387
21,38,1.806407645447917
21,39,1.8484633302932134
21,40,1.3774554384936948
21,41,1.3423895158269032
21,42,0.9079440530373529
21,43,1.6630593101352864
22,0,1.7287023692206598
22,1,1.1850880946771234
22,2,1.7933834111989861
22,3,1.6276040940036307
22,4,0.4075820169057754
22,5,0.22256643468902707
22,6,0.6048286412857463
22,7,0.6363455547287662
22,8,0.546525751397626
22,9,1.0395390590373508
22,10,57.169843336248974
22,11,57.169843336248974
22,12,2.644416545603491
22,13,3.5821351898342493
22,14,3.179258782678158
22,15,1.924688814583193
22,16,1.1497590805231348
22,17,0.2549935579264345
22,18,1.406855582620967
22,19,57.169843336248974
22,20,2.4683800308600077
22,21,1.2165276112455514
22,22,0.0
22,23,0.5143835030359634
22,24,1.4684827518775019
22,25,2.1434096445221877
22,26,1.9650523311085262
22,27,57.169843336248974
22,28,1.0195746670577113
22,29,1.1415816800617293
22,30,1.8629059537556518
22,31,2.5559504201148293
22,32,2.073451341603834
22,33,2.425885166937008
22,34,57.169843336248974
22,35,57.169843336248974
22,36,3.841229278812142
22,37,3.0531229211872812
22,38,3.0085001090620582
22,39,3.032262793949333
22,40,2.470520721881456
22,41,2.558449129302074
22,42,2.069495768106859
22,43,2.1832457993440912
23,0,1.232465552741168
23,1,0.6809185156983837
23,2,1.5745174325711209
23,3,1.1510467303628082
23,4,0.23152297465026622
23,5,0.4929184225158036
23,6,0.17088310413703733
23,7,0.47830092305477423
23,8,0.8116407868216027
23,9,0.9356913180653508
23,10,57.48817578041461
23,11,57.48817578041461
23,12,2.256766425889237
23,13,3.2232615751563296
23,14,2.7412405552538437
23,15,1.4171957172184018
23,16,0.8092835498569649
23,17,0.5143766552970026
23,18,1.1047914376083396
23,19,57.48817578041461
23,20,1.9670455147767871
23,21,0.7255990553840838
23,22,0.5143835030359634
23,23,0.0
23,24,1.2463807800817563
23,25,1.7229747826687432
23,26,1.780831964292764
23,27,57.48817578041461
23,28,0.7712824336559461
23,29,1.0781134326708852
23,30,1.430197991766482
23,31,2.1296551525688026
23,32,1.7785421837453694
23,33,2.1569136365006605
23,34,57.48817578041461
23,35,57.48817578041461
23,36,3.4743049151482546
23,37,2.712668540865845
23,38,2.5316762590668422
23,39,2.569291839440727
23,40,2.053679259641044
23,41,2.058395959556992
23,42,1.6157520589822965
23,43,1.9971807910024426
24,0,1.1742388338446306
24,1,1.0756650944641302
24,2,0.33063487287005616
24,3,0.9824001368421432
24,4,1.1295439475844928
24,5,1.6118208934883709
24,6,1.3825345201533048
24,7,0.841120403280481
24,8,1.1474535100053074
24,9,2.170818839094956
24,10,56.75630864763834
24,11,56.75630864763834
24,12,1.3224969304131742
24,13,2.169260646403122
24,14,1.9649007977463153
24,15,1.413771921437943
24,16,1.9116546652044857
24,17,1.233238363846026
24,18,0.25662109918988285
24,19,56.75630864763834
24,20,1.7274847407213532
24,21,0.9835089515278299
24,22,1.4684827518775019
24,23,1.2463807800817563
24,24,0.0
24,25,0.9987789001164563
24,26,0.5366630965205605
24,27,56.75630864763834
24,28,1.959394091783431
24,29,2.3175220155969702
24,30,0.8616856621721903
24,31,1.359162094015226
24,32,0.6318580095562674
24,33,0.9592678810653824
24,34,56.75630864763834
24,35,56.75630864763834
24,36,2.434842518752526
24,37,1.6280528271557373
24,38,1.988652284441168
24,39,1.9346556335875957
24,40,1.2522133999666354
24,41,1.7860614204356404
24,42,1.0942634648840706
24,43,0.7511522948272437
25,0,0.735770609424058
25,1,1.140424157128073
25,2,0.9525403304933998
25,3,0.6586940360501544
25,4,1.7377985999150933
25,5,2.2037749027119435
25,6,1.7767187839938618
25,7,1.5446794198537221
25,8,2.0111556735385987
25,9,2.4614448430532883
25,10,57.46258805393028
25,11,57.46258805393028
25,12,0.5649312367336365
25,13,1.546209041960691
25,14,1.039450128077642
25,15,0.8372496441289733
25,16,2.0377674499852363
25,17,1.9701619246248763
25,18,0.8496284678727403
25,19,57.46258805393028
25,20,0.84315516544932
25,21,1.0518276154289514
25,22,2.1434096445221877
25,23,1.7229747826687432
25,24,0.9987789001164563
25,25,0.0
25,26,1.105119424087574
25,27,57.46258805393028
25,28,2.181416787028886
25,29,2.610407997726109
25,30,0.297372019475498
25,31,0.4127797419131583
25,32,0.661781405615376
25,33,0.9198523060684941
25,34,57.46258805393028
25,35,57.46258805393028
25,36,1.7806908523076794
25,37,1.098625707388557
25,38,0.9900791595725593
25,39,0.9472861294522102
25,40,0.330706865961846
25,41,0.8724761232856239
25,42,0.24854952869933292
25,43,1.1694060212784885
26,0,1.5464044638344523
26,1,1.5732420839952304
26,2,0.23067888927412247
26,3,1.365211260494782
26,4,1.6522518373216672
26,5,2.1249630647488478
26,6,1.9190245741403753
26,7,1.3569251657911647
26,8,1.570503432102489
26,9,2.707390501793385
26,10,56.39951551675704
26,11,56.39951551675704
26,12,1.1830784076680323
26,13,1.8407886688863881
26,14,1.8590807171433543
26,15,1.7593470877767863
26,16,2.4406792171389675
26,17,1.7185260044172792
26,18,0.7401947448127293
26,19,56.39951551675704
26,20,1.9382054267475828
26,21,1.4749430369808694
26,22,1.9650523311085262
26,23,1.780831964292764
26,24,0.5366630965205605
26,25,1.105119424087574
26,26,0.0
26,27,56.39951551675704
26,28,2.494713515494182
26,29,2.8538938807949283
26,30,1.1123159490831318
26,31,1.3410899829596763
26,32,0.46489515640021367
26,33,0.5671474918248781
26,34,56.39951551675704
26,35,56.39951551675704
26,36,2.1065193533338165
26,37,1.3066602373979197
26,38,2.020943601676931
26,39,1.9206144882530376
26,40,1.2341685536877987
26,41,1.9751022844786583
26,42,1.2932488477477864
26,43,0.2190226878754456
27,0,57.922585726262106
27,1,57.75924853802205
27,2,56.60332763978797
27,3,57.73261594480511
27,4,57.25671252795503
27,5,57.37904646501334
27,6,57.6538553907052
27,7,57.06627570248047
27,8,56.68911219695894
27,9,58.18681984316633
27,10,0.0
27,11,0.0
27,12,57.25067066068311
27,13,56.95994040150157
27,14,57.72770530595137
27,15,58.15055517056771
27,16,58.286533463678694
27,17,57.0146609662139
27,18,57.01258677036105
27,19,0.0
27,20,58.30372566770642
27,21,57.6877663825282
27,22,57.169843336248974
27,23,57.48817578041461
27,24,56.75630864763834
27,25,57.46258805393028
27,26,56.39951551675704
27,27,0.0
27,28,58.186374126754764
27,29,58.25696773809681
27,30,57.51177989577019
27,31,57.540510116074515
27,32,56.80491563407488
27,33,56.574800477273
27,34,0.0
27,35,0.0
27,36,57.01773268814601
27,37,56.86932343194898
27,38,58.148613897116455
27,39,57.98015987863539
27,40,57.46052269146064
27,41,58.32207404113628
27,42,57.67983643784576
27,43,56.29802681363508
28,0,1.5101156363336914
28,1,1.0466910947322865
28,2,2.275004947334934
28,3,1.526808594111788
28,4,0.9838344380820377
28,5,0.8221225599272747
28,6,0.604469381030276
28,7,1.2492394877415485
28,8,1.5084202792804688
28,9,0.29597708131958333
28,10,58.186374126754764
28,11,58.186374126754764
28,12,2.745477916376036
28,13,3.7275277813667085
28,14,3.1047063044129204
28,15,1.5876828117453823
28,16,0.22030204303590262
28,17,1.1783583245049942
28,18,1.77256005040455
28,19,58.186374126754764
28,20,2.1302401949420586
28,21,1.1431855352584166
28,22,1.0195746670577113
28,23,0.7712824336559461
28,24,1.959394091783431
28,25,2.181416787028886
28,26,2.494713515494182
28,27,58.186374126754764
28,28,0.0
28,29,0.43557547423889215
28,30,1.8885000878642733
28,31,2.549137877569843
28,32,2.4105770337019483
28,33,2.7988020459103966
28,34,58.186374126754764
28,35,58.186374126754764
28,36,3.960207346376096
28,37,3.2571149539750666
28,38,2.7837466811187617
28,39,2.8686510383413384
28,40,2.49775454124897
28,41,2.2234800323987955
28,42,2.0043840982758665
28,43,2.704464751205076
29,0,1.9455900683801437
29,1,1.471410166164113
29,2,2.641769001413711
29,3,1.9585514123323458
29,4,1.2498859455325808
29,5,0.9191991736527033
29,6,0.9350630201752558
29,7,1.5422843848797725
29,8,1.6820034021079016
29,9,0.15099799142860182
29,10,58.25696773809681
29,11,58.25696773809681
29,12,3.173292240231409
29,13,4.155573895882808
29,14,3.5402728938907346
29,15,2.020460798029313
29,16,0.6270750948126027
29,17,1.3593196943422063
29,18,2.151808264774297
29,19,58.25696773809681
29,20,2.5584223673860618
29,21,1.564852063266405
29,22,1.1415816800617293
29,23,1.0781134326708852
29,24,2.3175220155969702
29,25,2.610407997726109
29,26,2.8538938807949283
29,27,58.25696773809681
29,28,0.43557547423889215
29,29,0.0
29,30,2.3158450797445993
29,31,2.9824211726209393
29,32,2.8071676940783625
29,33,3.193669722999785
29,34,58.25696773809681
29,35,58.25696773809681
29,36,4.390602137757122
29,37,3.6782852061434292
29,38,3.2161561566985633
29,39,3.3032781150602464
29,40,2.929201495366412
29,41,2.651208127084714
29,42,2.4379070617021807
29,43,3.0683601444077744
30,0,0.49733044330955944
30,1,0.8447505388907407
30,2,0.9162823003160914
30,3,0.3783555379044004
30,4,1.4557233599540131
30,5,1.91437211926998
30,6,1.480158819443921
30,7,1.280864169440753
30,8,1.7682301589867928
30,9,2.1664944025646027
30,10,57.51177989577019
30,11,57.51177989577019
30,12,0.85744721325181
30,13,1.8397299557447973
30,14,1.3169497632594136
30,15,0.6644147674991684
30,16,1.7503791796428818
30,17,1.7009807327205224
30,18,0.657842286981937
30,19,57.51177989577019
30,20,0.867099720245962
30,21,0.7548755141191492
30,22,1.8629059537556518
30,23,1.430197991766482
30,24,0.8616856621721903
30,25,0.297372019475498
30,26,1.1123159490831318
30,27,57.51177989577019
30,28,1.8885000878642733
30,29,2.3158450797445993
30,30,0.0
30,31,0.6994875449226172
30,32,0.7398394208699335
30,33,1.077707696358591
30,34,57.51177989577019
30,35,57.51177989577019
30,36,2.076817478986224
30,37,1.3762884994412738
30,38,1.1928333709970527
30,39,1.1843897181419027
30,40,0.6261730304640677
30,41,0.9243828918752529
30,42,0.24110664285629363
30,43,1.2277348515241318
31,0,1.052807744824471
31,1,1.5235683586910957
31,2,1.2416451317602868
31,3,1.0252814138892055
31,4,2.1500191680255814
31,5,2.6133523470961344
31,6,2.176009986808468
31,7,1.956380722476667
31,8,2.41574146334986
31,9,2.835383006111496
31,10,57.540510116074515
31,11,57.540510116074515
31,12,0.31335868418515483
31,13,1.2075803020519607
31,14,0.6280827429992428
31,15,1.074451134237656
31,16,2.3913860664113025
31,17,2.3824452885747984
31,18,1.242922966082464
31,19,57.540510116074515
31,20,0.8392820767650301
31,21,1.4413918732402766
31,22,2.5559504201148293
31,23,2.1296551525688026
31,24,1.359162094015226
31,25,0.4127797419131583
31,26,1.3410899829596763
31,27,57.540510116074515
31,28,2.549137877569843
31,29,2.9824211726209393
31,30,0.6994875449226172
31,31,0.0
31,32,0.8769100050903607
31,33,0.9792422884292045
31,34,57.540510116074515
31,35,57.540510116074515
31,36,1.4205418816088486
31,37,0.8498299490072548
31,38,0.6812729168270478
31,39,0.5857947251141278
31,40,0.10930308890109888
31,41,0.8228705838627184
31,42,0.5448253171444634
31,43,1.3426182852357973
32,0,1.2236184605852904
32,1,1.3989388684119708
32,2,0.39197820896931984
32,3,1.0657451602840544
32,4,1.705839923656459
32,5,2.1959255884238735
32,6,1.8871543978466958
32,7,1.4373349672695888
32,8,1.7793011853141592
32,9,2.6566118510070917
32,10,56.80491563407488
32,11,56.80491563407488
32,12,0.743497090811033
32,13,1.5374264455229838
32,14,1.416515326176074
32,15,1.4041943993005446
32,16,2.3175854629577133
32,17,1.8491682545168338
32,18,0.6769186731163087
32,19,56.80491563407488
32,20,1.5046175768478454
32,21,1.2965166199795233
32,22,2.073451341603834
32,23,1.7785421837453694
32,24,0.6318580095562674
32,25,0.661781405615376
32,26,0.46489515640021367
32,27,56.80491563407488
32,28,2.4105770337019483
32,29,2.8071676940783625
32,30,0.7398394208699335
32,31,0.8769100050903607
32,32,0.0
32,33,0.38846773049762334
32,34,56.80491563407488
32,35,56.80491563407488
32,36,1.8031421811303812
32,37,0.9962936911458421
32,38,1.5561478510850477
32,39,1.4586665033887503
32,40,0.7695493919195695
32,41,1.5335185872156916
32,42,0.8761567125911032
32,43,0.5079493104903919
33,0,1.573748245936906
33,1,1.7856233499116236
33,2,0.6488764658006894
33,3,1.4296223481298433
33,4,2.0718105451910076
33,5,2.560136538331472
33,6,2.2704115170086716
33,7,1.7934434888759125
33,8,2.088780891961
33,9,3.043278012371911
33,10,56.574800477273
33,11,56.574800477273
33,12,0.7316998145841231
33,13,1.2737062361539648
33,14,1.3799546342061062
33,15,1.7309223923835013
33,16,2.7056943328018535
33,17,2.192492834984535
33,18,1.0521256165556325
33,19,56.574800477273
33,20,1.7386925021756654
33,21,1.6832710928493146
33,22,2.425885166937008
33,23,2.1569136365006605
33,24,0.9592678810653824
33,25,0.9198523060684941
33,26,0.5671474918248781
33,27,56.574800477273
33,28,2.7988020459103966
33,29,3.193669722999785
33,30,1.077707696358591
33,31,0.9792422884292045
33,32,0.38846773049762334
33,33,0.0
33,34,56.574800477273
33,35,56.574800477273
33,36,1.5396291827546928
33,37,0.7407259720906744
33,38,1.64196649698582
33,39,1.5082295087305981
33,40,0.8900941286806777
33,41,1.7497398796589307
33,42,1.1625563392738967
33,43,0.4420816524370662
34,0,57.922585726262106
34,1,57.75924853802205
34,2,56.60332763978797
34,3,57.73261594480511
34,4,57.25671252795503
34,5,57.37904646501334
34,6,57.6538553907052
34,7,57.06627570248047
34,8,56.68911219695894
34,9,58.18681984316633
34,10,0.0
34,11,0.0
34,12,57.25067066068311
34,13,56.95994040150157
34,14,57.72770530595137
34,15,58.15055517056771
34,16,58.286533463678694
34,17,57.0146609662139
34,18,57.01258677036105
34,19,0.0
34,20,58.30372566770642
34,21,57.6877663825282
34,22,57.169843336248974
34,23,57.48817578041461
34,24,56.75630864763834
34,25,57.46258805393028
34,26,56.39951551675704
34,27,0.0
34,28,58.186374126754764
34,29,58.25696773809681
34,30,57.51177989577019
34,31,57.540510116074515
34,32,56.80491563407488
34,33,56.574800477273
34,34,0.0
34,35,0.0
34,36,57.01773268814601
34,37,56.86932343194898
34,38,58.148613897116455
34,39,57.98015987863539
34,40,57.46052269146064
34,41,58.32207404113628
34,42,57.67983643784576
34,43,56.29802681363508
35,0,57.922585726262106
35,1,57.75924853802205
35,2,56.60332763978797
35,3,57.73261594480511
35,4,57.25671252795503
35,5,57.37904646501334
35,6,57.6538553907052
35,7,57.06627570248047
35,8,56.68911219695894
35,9,58.18681984316633
35,10,0.0
35,11,0.0
35,12,57.25067066068311
35,13,56.95994040150157
35,14,57.72770530595137
35,15,58.15055517056771
35,16,58.286533463678694
35,17,57.0146609662139
35,18,57.01258677036105
35,19,0.0
35,20,58.30372566770642
35,21,57.6877663825282
35,22,57.169843336248974
35,23,57.48817578041461
35,24,56.75630864763834
35,25,57.46258805393028
35,26,56.39951551675704
35,27,0.0
35,28,58.186374126754764
35,29,58.25696773809681
35,30,57.51177989577019
35,31,57.540510116074515
35,32,56.80491563407488
35,33,56.574800477273
35,34,0.0
35,35,0.0
35,36,57.01773268814601
35,37,56.86932343194898
35,38,58.148613897116455
35,39,57.98015987863539
35,40,57.46052269146064
35,41,58.32207404113628
35,42,57.67983643784576
35,43,56.29802681363508
36,0,2.4732315001232257
36,1,2.92109836869055
36,2,2.1648769717301155
36,3,2.43358218187966
36,4,3.45086007451229
36,5,3.9357331651872753
36,6,3.5451085094190096
36,7,3.2089772559617176
36,8,3.5820252648944084
36,9,4.24191039703667
36,10,57.01773268814601
36,11,57.01773268814601
36,12,1.2221500366878715
36,13,0.2669897423535989
36,14,1.0145966665064
36,15,2.4810952691562105
36,16,3.8089446094761628
36,17,3.632384562147752
36,18,2.4379833355341236
36,19,57.01773268814601
36,20,2.111779976108701
36,21,2.831558868282084
36,22,3.841229278812142
36,23,3.4743049151482546
36,24,2.434842518752526
36,25,1.7806908523076794
36,26,2.1065193533338165
36,27,57.01773268814601
36,28,3.960207346376096
36,29,4.390602137757122
36,30,2.076817478986224
36,31,1.4205418816088486
36,32,1.8031421811303812
36,33,1.5396291827546928
36,34,57.01773268814601
36,35,57.01773268814601
36,36,0.0
36,37,0.8094700401983548
36,38,1.522699156213241
36,39,1.3443273677567789
36,40,1.4630529180488265
36,41,2.051772944846051
36,42,1.9620536387495893
36,43,1.9549102519625525
37,0,1.832382831340431
37,1,2.2104786932117944
37,2,1.3555861121277817
37,3,1.7522116360071665
37,4,2.6707966452019942
37,5,3.1594739353751407
37,6,2.797786951338243
