source_id,target_id,rtt
0,0,0.0
0,1,57.37904646501334
0,2,58.18681984316633
0,3,57.6538553907052
0,4,57.06627570248047
0,5,56.86932343194898
0,6,57.98015987863539
0,7,57.46052269146064
0,8,58.32207404113628
0,9,56.29802681363508
0,10,0.0
0,11,57.73261594480511
0,12,57.922585726262106
1,0,57.37904646501334
1,1,0.0
1,2,0.8196877540709728
1,3,0.5182252050312192
1,4,0.7708938163013025
1,5,3.1594739353751407
1,6,3.061710996550847
1,7,2.5339657627966385
1,8,2.54493116771528
1,9,2.343960423068382
1,10,57.37904646501334
1,11,1.6439015103488832
1,12,1.7225524772561225
2,0,58.18681984316633
2,1,0.8196877540709728
2,2,0.0
2,3,0.7884490884357973
2,4,1.4047024242763608
2,5,3.527744149576584
2,6,3.1635506095220562
2,7,2.78110848497065
2,8,2.519164636416728
2,9,2.921295007814363
2,10,58.18681984316633
2,11,1.8108584063150652
2,12,1.8018684313446889
3,0,57.6538553907052
3,1,0.5182252050312192
3,2,0.7884490884357973
3,3,0.0
3,4,0.6455212660201256
3,5,2.797786951338243
3,6,2.5869612107457765
3,7,2.1063315407287613
3,8,2.038528858335845
3,9,2.13329899698236
3,10,57.6538553907052
3,11,1.1705089490985479
3,12,1.2263158541104444
4,0,57.06627570248047
4,1,0.7708938163013025
4,2,1.4047024242763608
4,3,0.6455212660201256
4,4,0.0
4,5,2.4177703701009436
4,6,2.464829638287022
4,7,1.8649675703513287
4,8,2.073944619707192
4,9,1.575897643442369
4,10,57.06627570248047
4,11,1.1167535443849013
4,12,1.2600836373280713
5,0,56.86932343194898
5,1,3.1594739353751407
5,2,3.527744149576584
5,3,2.797786951338243
5,4,2.4177703701009436
5,5,0.0
5,6,1.1192750009161143
5,7,0.8389069825361571
5,8,1.6489734063923565
5,9,1.1724245738275894
5,10,56.86932343194898
5,11,1.7522116360071665
5,12,1.832382831340431
6,0,57.98015987863539
6,1,3.061710996550847
6,2,3.1635506095220562
6,3,2.5869612107457765
6,4,2.464829638287022
6,5,1.1192750009161143
6,6,0.0
6,7,0.6950689277481511
6,8,0.7318840364348294
6,9,1.905076245981332
6,10,57.98015987863539
6,11,1.4191786626045173
6,12,1.3729167025448963
7,0,57.46052269146064
7,1,2.5339657627966385
7,2,2.78110848497065
7,3,2.1063315407287613
7,4,1.8649675703513287
7,5,0.8389069825361571
7,6,0.6950689277481511
7,7,0.0
7,8,0.8806599855005789
7,9,1.2410832520240747
7,10,57.46052269146064
7,11,0.9709486520760869
7,12,1.0169159551770788
8,0,58.32207404113628
8,1,2.54493116771528
8,2,2.519164636416728
8,3,2.038528858335845
8,4,2.073944619707192
8,5,1.6489734063923565
8,6,0.7318840364348294
8,7,0.8806599855005789
8,8,0.0
8,9,2.0401482201738323
8,10,58.32207404113628
8,11,0.9572405860099626
8,12,0.8301410852194375
9,0,56.29802681363508
9,1,2.343960423068382
9,2,2.921295007814363
9,3,2.13329899698236
9,4,1.575897643442369
9,5,1.1724245738275894
9,6,1.905076245981332
9,7,1.2410832520240747
9,8,2.0401482201738323
9,9,0.0
9,10,56.29802681363508
9,11,1.5159305851174354
9,12,1.6893628929682682
10,0,0.0
10,1,57.37904646501334
10,2,58.18681984316633
10,3,57.6538553907052
10,4,57.06627570248047
10,5,56.86932343194898
10,6,57.98015987863539
10,7,57.46052269146064
10,8,58.32207404113628
10,9,56.29802681363508
10,10,0.0
10,11,57.73261594480511
10,12,57.922585726262106
11,0,57.73261594480511
11,1,1.6439015103488832
11,2,1.8108584063150652
11,3,1.1705089490985479
11,4,1.1167535443849013
11,5,1.7522116360071665
11,6,1.4191786626045173
11,7,0.9709486520760869
11,8,0.9572405860099626
11,9,1.5159305851174354
11,10,57.73261594480511
11,11,0.0
11,12,0.1919217183288388
12,0,57.922585726262106
12,1,1.7225524772561225
12,2,1.8018684313446889
12,3,1.2263158541104444
12,4,1.2600836373280713
12,5,1.832382831340431
12,6,1.3729167025448963
12,7,1.0169159551770788
12,8,0.8301410852194375
12,9,1.6893628929682682
12,10,57.922585726262106
12,11,0.1919217183288388
12,12,0.0
