source_id,target_id,rtt
0,0,0.0
0,1,37.54569144155097
0,2,60.65303621740188
0,3,10.993393051755788
0,4,36.47632794799995
0,5,31.182073585864316
0,6,29.71625782615888
0,7,28.350206516307303
0,8,29.143764860655736
0,9,28.53563420075091
0,10,148.15864619695623
0,12,30.002804748586676
0,13,34.13815335977105
0,14,17.767858827426444
0,15,15.226117988725187
0,16,12.533423358783677
0,17,35.85192326609565
0,18,34.82886045305396
0,19,31.92005738513213
0,22,29.490006900301655
0,23,39.80899718860775
0,24,30.781966632715026
0,25,31.19871282952615
0,26,33.17314256944413
0,27,26.601368080580755
0,28,24.932089623978747
0,29,30.085336109083574
0,30,33.30520639670798
0,31,35.22117264702558
0,32,38.98304856959646
0,33,49.85989468166051
0,34,36.282289524101486
0,35,34.30518742225624
0,36,31.975979407043475
0,37,30.611189847860224
0,38,26.773228041130306
0,39,25.689127067609988
0,40,29.840027721330927
0,41,34.571155077141825
1,0,37.54569144155097
1,1,0.0
1,2,37.09988811651037
1,3,48.53908449330676
1,4,24.628266353396807
1,5,17.349510892195312
1,6,10.271059766243418
1,7,14.517643822638297
1,8,17.295703266052595
1,9,16.522808912996435
1,10,134.32608350328724
1,12,23.26457212291291
1,13,14.502682148973845
1,14,25.84214433967935
1,15,28.000624084681682
1,16,28.656487514623358
1,17,29.113690640421886
1,18,5.087819734411202
1,19,18.087494691463124
1,22,22.751774274627888
1,23,29.933305316395032
1,24,18.933905038111888
1,25,11.563241618728938
1,26,21.32508097484099
1,27,14.588542792826281
1,28,18.19385699830498
1,29,23.347103483409807
1,30,21.292381108953506
1,31,23.373111052422445
1,32,12.096430219534835
1,33,26.306746580768998
1,34,22.449726830432482
1,35,20.472624728587235
1,36,18.14341671337447
1,37,16.77862715419122
1,38,12.940665347461302
1,39,11.856564373940984
1,40,12.771919834199206
1,41,10.34699874374235
2,0,60.65303621740188
2,1,37.09988811651037
2,2,0.0
2,3,71.64642926915766
2,4,51.55251500108477
2,5,40.456855668046224
2,6,37.195308413931386
2,7,37.62498859848921
2,8,44.21995191374056
2,9,43.4470575606844
2,10,157.43342827913816
2,12,50.18882077060087
2,13,41.42693079666181
2,14,52.76639298736731
2,15,54.92487273236964
2,16,55.580736162311325
2,17,56.03793928810985
2,18,32.012068382099166
2,19,41.19483946731404
2,22,49.676022922315845
2,23,53.04065009224594
2,24,45.85815368579985
2,25,38.487490266416906
2,26,48.249329622528954
2,27,41.51279144051425
2,28,45.11810564599294
2,29,50.27135213109777
2,30,48.21662975664147
2,31,50.297359700110405
2,32,39.0206788672228
2,33,10.793141535741372
2,34,45.557071606283394
2,35,43.57996950443815
2,36,41.25076148922538
2,37,39.88597193004213
2,38,36.04801012331222
2,39,34.963909149791895
2,40,39.114809803512834
2,41,37.271247391430315
3,0,10.993393051755788
3,1,48.53908449330676
3,2,71.64642926915766
3,3,0.0
3,4,47.46972099975574
3,5,42.175466637620104
3,6,40.70965087791467
3,7,39.34359956806309
3,8,40.137157912411524
3,9,39.529027252506694
3,10,159.15203924871201
3,12,40.996197800342465
3,13,45.13154641152684
3,14,28.761251879182236
3,15,26.219511040480977
3,16,23.526816410539467
3,17,46.84531631785144
3,18,45.82225350480975
3,19,42.91345043688791
3,22,40.48339995205744
3,23,50.802390240363536
3,24,41.775359684470814
3,25,42.19210588128194
3,26,44.16653562119992
3,27,37.594761132336544
3,28,35.925482675734536
3,29,41.07872916083936
3,30,44.29859944846377
3,31,46.21456569878137
3,32,49.97644162135225
3,33,60.8532877334163
3,34,47.275682575857275
3,35,45.29858047401203
3,36,42.96937245879926
3,37,41.60458289961601
3,38,37.7666210928861
3,39,36.682520119365776
3,40,40.833420773086715
3,41,45.56454812889761
4,0,36.47632794799995
4,1,24.628266353396807
4,2,51.55251500108477
4,3,47.46972099975574
4,4,0.0
4,5,21.383542010990155
4,6,22.061640525913752
4,7,20.695589216062174
4,8,7.332563087344213
4,9,8.138530750893992
4,10,137.11596462218174
4,12,24.547355684972985
4,13,17.181216400988426
4,14,27.12492790173943
4,15,26.63559921915778
4,16,23.94290458921627
4,17,30.39647420248196
4,18,19.540446618985605
4,19,24.265440084887
4,22,24.034557836687966
4,23,27.40169024591728
4,24,8.970764859403504
4,25,14.24177587074352
4,26,11.36194079613261
4,27,10.040897196723531
4,28,19.47664056036506
4,29,24.629887045469886
4,30,16.744735512850752
4,31,13.409970873714064
4,32,26.549057104109238
4,33,40.7593734653434
4,34,28.627672223856358
4,35,26.65057012201111
4,36,24.321362106798347
4,37,20.812658272986067
4,38,16.974696466256148
4,39,18.03450976736486
4,40,22.1854104210858
4,41,24.799625628316754
5,0,31.182073585864316
5,1,17.349510892195312
5,2,40.456855668046224
5,3,42.175466637620104
5,4,21.383542010990155
5,5,0.0
5,6,9.52007727680322
5,7,8.15402596695164
5,8,14.050978923645943
5,9,14.85694658719572
5,10,127.96246564760058
5,12,27.714604838606945
5,13,18.997510412666333
5,14,30.292177055373394
5,15,31.252086248863602
5,16,28.559391618922092
5,17,33.56372335611592
5,18,14.6326799036983
5,19,11.723876835776469
5,22,27.201806990321927
5,23,23.569687460708376
5,24,15.689180695705234
5,25,16.058069882421428
5,26,18.080356632434338
5,27,14.491446897125016
5,28,22.643889713999023
5,29,27.797136199103846
5,30,21.195285213252237
5,31,20.128386710015796
5,32,18.7868680202408
5,33,29.663714132304854
5,34,16.086108974745827
5,35,14.10900687290058
5,36,11.779798857687812
5,37,8.246807351463925
5,38,4.4088455447340085
5,39,5.492946518254327
5,40,9.643847171975267
5,41,14.374974527786168
6,0,29.71625782615888
6,1,10.271059766243418
6,2,37.195308413931386
6,3,40.70965087791467
6,4,22.061640525913752
6,5,9.52007727680322
6,6,0.0
6,7,6.688210207246205
6,8,14.72907743856954
6,9,14.959897257589734
6,10,126.49664988789515
6,12,23.359992420333924
6,13,14.59810244639486
6,14,25.937564637100365
6,15,28.096044382102697
6,16,27.093575859216656
6,17,29.2091109378429
6,18,5.1832400318322165
6,19,10.258061076071034
6,22,22.847194572048902
6,23,22.10387170100294
6,24,16.36727921062883
6,25,11.658661916149953
6,26,18.758455147357935
6,27,13.02563113741958
6,28,18.289277295725995
6,29,23.442523780830822
6,30,19.729469453546802
6,31,20.80648522493939
6,32,12.19185051695585
6,33,26.402166878190013
6,34,14.620293215040391
6,35,12.643191113195144
6,36,10.313983097982376
6,37,8.949193538799127
6,38,5.111231732069211
6,39,4.027130758548892
6,40,8.178031412269831
6,41,10.442419041163365
7,0,28.350206516307303
7,1,14.517643822638297
7,2,37.62498859848921
7,3,39.34359956806309
7,4,20.695589216062174
7,5,8.15402596695164
7,6,6.688210207246205
7,7,0.0
7,8,13.36302612871796
7,9,13.593845947738155
7,10,125.13059857804356
7,12,26.669878259245685
7,13,16.16564334310932
7,14,29.247450476012126
7,15,28.420219179306585
7,16,25.72752454936508
7,17,32.51899677675466
7,18,11.800812834141285
7,19,8.892009766219454
7,22,25.60915152977303
7,23,20.73782039115136
7,24,15.001227900777252
7,25,13.226202812864413
7,26,17.392403837506357
7,27,11.659579827568
7,28,21.599163134637756
7,29,26.752409619742586
7,30,18.363418143695224
7,31,19.44043391508781
7,32,15.955000950683786
7,33,26.83184706274784
7,34,13.254241905188813
7,35,11.277139803343564
7,36,8.947931788130798
7,37,7.5831422289475485
7,38,3.745180422217632
7,39,2.661079448697313
7,40,6.811980102418254
7,41,11.543107458229153
8,0,29.143764860655736
8,1,17.295703266052595
8,2,44.21995191374056
8,3,40.137157912411524
8,4,7.332563087344213
8,5,14.050978923645943
8,6,14.72907743856954
8,7,13.36302612871796
8,8,0.0
8,9,0.8059676635497777
8,10,129.7834015348375
8,12,17.214792597628772
8,13,9.848653313644215
8,14,19.792364814395217
8,15,19.303036131813567
8,16,16.610341501872057
8,17,23.06391111513775
8,18,12.207883531641393
8,19,16.932876997542788
8,22,16.701994749343754
8,23,20.069127158573068
8,24,1.638201772059291
8,25,6.909212783399308
8,26,4.029377708788396
8,27,2.7083341093793174
8,28,12.144077473020847
8,29,17.297323958125673
8,30,9.41217242550654
8,31,6.077407786369851
8,32,19.216494016765026
8,33,33.42681037799919
8,34,21.295109136512146
8,35,19.3180070346669
8,36,16.988799019454135
8,37,13.48009518564185
8,38,9.642133378911934
8,39,10.701946680020647
8,40,14.852847333741588
8,41,17.46706254097254
9,0,28.53563420075091
9,1,16.522808912996435
9,2,43.4470575606844
9,3,39.529027252506694
9,4,8.138530750893992
9,5,14.85694658719572
9,6,14.959897257589734
9,7,13.593845947738155
9,8,0.8059676635497777
9,9,0.0
9,10,130.5893691983873
9,12,18.020760261178552
9,13,9.471051399360455
9,14,20.598332477944993
9,15,18.69490547190874
9,16,16.00221084196723
9,17,23.86987877868753
9,18,11.434989178585234
9,19,17.163696816562982
9,22,17.50796241289353
9,23,20.875094822122847
9,24,2.4441694356090684
9,25,6.531610869115549
9,26,4.835345372338174
9,27,1.9342661201701539
9,28,12.950045136570624
9,29,18.103291621675453
9,30,8.638104436297377
9,31,6.883375449919629
9,32,18.443599663708866
9,33,32.65391602494303
9,34,21.525928955532343
9,35,19.548826853687093
9,36,17.219618838474325
9,37,14.286062849191628
9,38,10.448101042461712
9,39,10.932766499040842
9,40,15.083667152761782
9,41,16.694168187916382
10,0,148.15864619695623
10,1,134.32608350328724
10,2,157.43342827913816
10,3,159.15203924871201
10,4,137.11596462218174
10,5,127.96246564760058
10,6,126.49664988789515
10,7,125.13059857804356
10,8,129.7834015348375
10,9,130.5893691983873
10,10,0.0
10,12,129.0412153595938
10,13,135.97408302375825
10,14,131.61878757636023
10,15,133.77726732136256
10,16,136.36916650018094
10,17,134.89033387710276
10,18,131.60925251479023
10,19,128.7004494468684
10,22,128.52841751130876
10,23,110.37601679417274
10,24,131.4216033068968
10,25,133.03464249351336
10,26,133.8127792436259
10,27,131.46801950821694
10,28,123.97050023498586
10,29,129.12374672009068
10,30,138.17185782434416
10,31,135.86080932120737
10,32,135.7634406313327
10,33,146.64028674339679
10,34,133.06268158583777
10,35,131.0855794839925
10,36,128.75637146877975
10,37,127.39158190959648
10,38,123.55362010286657
10,39,122.46951912934625
10,40,126.62041978306719
10,41,131.3515471388781
12,0,30.002804748586676
12,1,23.26457212291291
12,2,50.18882077060087
12,3,40.996197800342465
12,4,24.547355684972985
12,5,27.714604838606945
12,6,23.359992420333924
12,7,26.669878259245685
12,8,17.214792597628772
12,9,18.020760261178552
12,10,129.0412153595938
12,12,0.0
12,13,24.951021648084357
12,14,12.719002465982298
12,15,14.877482210984628
12,16,17.469381389802997
12,17,15.990548766724832
12,18,18.176752388501704
12,19,30.23972912807051
12,22,9.628632400930833
12,23,19.947622689236923
12,24,18.852994369688066
12,25,22.011581117839455
12,26,21.244170306417168
12,27,19.92312670700809
12,28,5.070715124607927
12,29,10.223961609712754
12,30,26.626965023135313
12,31,23.292200383998626
12,32,25.185362873625337
12,33,39.3956792348595
12,34,34.60196126703987
12,35,32.62485916519462
12,36,30.295651149981857
12,37,27.143721100602857
12,38,23.30575929387294
12,39,24.00879881054837
12,40,25.86085248828971
12,41,23.435931397832853
13,0,34.13815335977105
13,1,14.502682148973845
13,2,41.42693079666181
13,3,45.13154641152684
13,4,17.181216400988426
13,5,18.997510412666333
13,6,14.59810244639486
13,7,16.16564334310932
13,8,9.848653313644215
13,9,9.471051399360455
13,10,135.97408302375825
13,12,24.951021648084357
13,13,0.0
13,14,26.839165469630146
13,15,24.297424630928887
13,16,21.604730000987377
13,17,30.800140165593334
13,18,9.414862414562643
13,19,19.735494211934146
13,22,15.322389247153525
13,23,29.91778047221728
13,24,11.486855085703507
13,25,2.9394405302449065
13,26,13.87803102243261
13,27,7.536785279190301
13,28,19.88030652347643
13,29,25.033553008581258
13,30,14.240623595317524
13,31,15.926061100014065
13,32,16.423472899686274
13,33,30.633789260920437
13,34,24.097726350903507
13,35,22.12062424905826
13,36,19.791416233845492
13,37,18.42662667466224
13,38,14.588664867932325
13,39,13.504563894412007
13,40,17.09896251435065
13,41,14.674041423893794
14,0,17.767858827426444
14,1,25.84214433967935
14,2,52.76639298736731
14,3,28.761251879182236
14,4,27.12492790173943
14,5,30.292177055373394
14,6,25.937564637100365
14,7,29.247450476012126
14,8,19.792364814395217
14,9,20.598332477944993
14,10,131.61878757636023
14,12,12.719002465982298
14,13,26.839165469630146
14,14,0.0
14,15,7.927130098584278
14,16,5.234435468642768
14,17,18.568120983491276
14,18,20.754324605268145
14,19,32.817301344836956
14,22,12.206204617697278
14,23,22.525194906003367
14,24,21.43056658645451
14,25,23.89972493938524
14,26,23.821742523183612
14,27,19.302380190439845
14,28,7.64828734137437
14,29,12.801533826479197
14,30,26.006218506567066
14,31,25.869772600765067
14,32,27.762935090391778
14,33,41.97325145162594
14,34,37.17953348380632
14,35,35.20243138196106
14,36,32.8732233667483
14,37,29.7212933173693
14,38,25.883331510639383
14,39,26.586371027314815
14,40,28.438424705056153
14,41,26.013503614599298
15,0,15.226117988725187
15,1,28.000624084681682
15,2,54.92487273236964
15,3,26.219511040480977
15,4,26.63559921915778
15,5,31.252086248863602
15,6,28.096044382102697
15,7,28.420219179306585
15,8,19.303036131813567
15,9,18.69490547190874
15,10,133.77726732136256
15,12,14.877482210984628
15,13,24.297424630928887
15,14,7.927130098584278
15,15,0.0
15,16,2.69269462994151
15,17,20.726600728493604
15,18,22.912804350270477
15,19,31.990070048131415
15,22,14.364684362699606
15,23,24.683674651005695
15,24,20.941237903872857
15,25,21.357984100683982
15,26,23.332413840601962
15,27,16.760639351738586
15,28,9.8067670863767
15,29,14.960013571481527
15,30,23.464477667865808
15,31,25.380443918183417
15,32,29.92141483539411
15,33,44.13173119662827
15,34,36.352302187100776
15,35,34.37520008525553
15,36,32.04599207004276
15,37,30.68120251085951
15,38,26.84324070412959
15,39,25.759139730609274
15,40,29.910040384330216
15,41,28.171983359601626
16,0,12.533423358783677
16,1,28.656487514623358
16,2,55.580736162311325
16,3,23.526816410539467
16,4,23.94290458921627
16,5,28.559391618922092
16,6,27.093575859216656
16,7,25.72752454936508
16,8,16.610341501872057
16,9,16.00221084196723
16,10,136.36916650018094
16,12,17.469381389802997
16,13,21.604730000987377
16,14,5.234435468642768
16,15,2.69269462994151
16,16,0.0
16,17,23.318499907311974
16,18,23.568667780212156
16,19,29.297375418189905
16,22,16.956583541517976
16,23,27.27557382982407
16,24,18.248543273931347
16,25,18.665289470742472
16,26,20.639719210660452
16,27,14.067944721797076
16,28,12.39866626519507
16,29,17.5519127502999
16,30,20.7717830379243
16,31,22.687749288241907
16,32,30.57727826533579
16,33,44.787594626569955
16,34,33.65960755715926
16,35,31.682505455314015
16,36,29.35329744010125
16,37,27.988507880918
16,38,24.15054607418808
16,39,23.066445100667764
16,40,27.217345754388703
16,41,28.827846789543305
17,0,35.85192326609565
17,1,29.113690640421886
17,2,56.03793928810985
17,3,46.84531631785144
17,4,30.39647420248196
17,5,33.56372335611592
17,6,29.2091109378429
17,7,32.51899677675466
17,8,23.06391111513775
17,9,23.86987877868753
17,10,134.89033387710276
17,12,15.990548766724832
17,13,30.800140165593334
17,14,18.568120983491276
17,15,20.726600728493604
17,16,23.318499907311974
17,17,0.0
17,18,24.02587090601068
17,19,36.08884764557949
17,22,15.47775091843981
17,23,25.7967412067459
17,24,24.702112887197043
17,25,27.860699635348432
17,26,27.093288823926144
17,27,25.772245224517068
17,28,10.919833642116904
17,29,16.07308012722173
17,30,32.47608354064429
17,31,29.141318901507603
17,32,31.034481391134314
17,33,45.24479775236848
17,34,40.451079784548845
17,35,38.4739776827036
17,36,36.144769667490834
17,37,32.99283961811183
17,38,29.154877811381915
17,39,29.857917328057347
17,40,31.709971005798685
17,41,29.28504991534183
18,0,34.82886045305396
18,1,5.087819734411202
18,2,32.012068382099166
18,3,45.82225350480975
18,4,19.540446618985605
18,5,14.6326799036983
18,6,5.1832400318322165
18,7,11.800812834141285
18,8,12.207883531641393
18,9,11.434989178585234
18,10,131.60925251479023
18,12,18.176752388501704
18,13,9.414862414562643
18,14,20.754324605268145
18,15,22.912804350270477
18,16,23.568667780212156
18,17,24.02587090601068
18,18,0.0
18,19,15.370663702966112
18,22,17.663954540216682
18,23,27.21647432789802
18,24,13.846085303700685
18,25,6.475421884317737
18,26,16.23726124042979
18,27,9.50072305841508
18,28,13.106037263893777
18,29,18.259283748998605
18,30,16.2045613745423
18,31,18.285291318011243
18,32,7.008610485123632
18,33,21.218926846357796
18,34,19.732895841935473
18,35,17.755793740090223
18,36,15.426585724877457
18,37,14.061796165694208
18,38,10.22383435896429
18,39,9.139733385443972
18,40,7.684100099788005
18,41,5.25917900933115
19,0,31.92005738513213
19,1,18.087494691463124
19,2,41.19483946731404
19,3,42.91345043688791
19,4,24.265440084887
19,5,11.723876835776469
19,6,10.258061076071034
19,7,8.892009766219454
19,8,16.932876997542788
19,9,17.163696816562982
19,10,128.7004494468684
19,12,30.23972912807051
19,13,19.735494211934146
19,14,32.817301344836956
19,15,31.990070048131415
19,16,29.297375418189905
19,17,36.08884764557949
19,18,15.370663702966112
19,19,0.0
19,22,29.17900239859786
19,23,24.30767125997619
19,24,18.57107876960208
19,25,16.79605368168924
19,26,20.962254706331183
19,27,15.229430696392829
19,28,25.169014003462586
19,29,30.322260488567412
19,30,21.93326901252005
19,31,23.01028478391264
19,32,19.524851819508612
19,33,30.401697931572667
19,34,16.824092774013643
19,35,14.846990672168392
19,36,12.517782656955626
19,37,11.152993097772377
19,38,7.31503129104246
19,39,6.230930317522141
19,40,10.381830971243081
19,41,15.112958327053981
22,0,29.490006900301655
22,1,22.751774274627888
22,2,49.676022922315845
22,3,40.48339995205744
22,4,24.034557836687966
22,5,27.201806990321927
22,6,22.847194572048902
22,7,25.60915152977303
22,8,16.701994749343754
22,9,17.50796241289353
22,10,128.52841751130876
22,12,9.628632400930833
22,13,15.322389247153525
22,14,12.206204617697278
22,15,14.364684362699606
22,16,16.956583541517976
22,17,15.47775091843981
22,18,17.663954540216682
22,19,29.17900239859786
22,22,0.0
22,23,19.434824840951904
22,24,18.340196521403044
22,25,12.382948716908619
22,26,20.73137245813215
22,27,16.980293465854015
22,28,4.5579172763229066
22,29,9.711163761427734
22,30,23.684131781981236
22,31,22.779402535713604
22,32,24.672565025340315
22,33,38.882881386574475
22,34,33.54123453756722
22,35,31.56413243572197
22,36,29.234924420509202
22,37,26.63092325231784
22,38,22.79296144558792
22,39,22.94807208107572
22,40,25.34805464000469
22,41,22.923133549547835
23,0,39.80899718860775
23,1,29.933305316395032
23,2,53.04065009224594
23,3,50.802390240363536
23,4,27.40169024591728
23,5,23.569687460708376
23,6,22.10387170100294
23,7,20.73782039115136
23,8,20.069127158573068
23,9,20.875094822122847
23,10,110.37601679417274
23,12,19.947622689236923
23,13,29.91778047221728
23,14,22.525194906003367
23,15,24.683674651005695
23,16,27.27557382982407
23,17,25.7967412067459
23,18,27.21647432789802
23,19,24.30767125997619
23,22,19.434824840951904
23,23,0.0
23,24,21.707328930632357
23,25,26.978339941972376
23,26,24.098504867361463
23,27,22.777461267952386
23,28,14.876907564628997
23,29,20.030154049733824
23,30,29.481299584079608
23,31,26.146534944942918
23,32,31.37066244444052
23,33,42.24750855650457
23,34,28.66990339894555
23,35,26.6928012971003
23,36,24.363593281887532
23,37,22.998803722704285
23,38,19.160841915974366
23,39,18.076740942454048
23,40,22.22764159617499
23,41,26.95876895198589
24,0,30.781966632715026
24,1,18.933905038111888
24,2,45.85815368579985
24,3,41.775359684470814
24,4,8.970764859403504
24,5,15.689180695705234
24,6,16.36727921062883
24,7,15.001227900777252
24,8,1.638201772059291
24,9,2.4441694356090684
24,10,131.4216033068968
24,12,18.852994369688066
24,13,11.486855085703507
24,14,21.43056658645451
24,15,20.941237903872857
24,16,18.248543273931347
24,17,24.702112887197043
24,18,13.846085303700685
24,19,18.57107876960208
24,22,18.340196521403044
24,23,21.707328930632357
24,24,0.0
24,25,8.5474145554586
24,26,5.667579480847687
24,27,4.346535881438609
24,28,13.782279245080138
24,29,18.935525730184963
24,30,11.050374197565832
24,31,7.715609558429142
24,32,20.854695788824316
24,33,35.06501215005848
24,34,22.93331090857144
24,35,20.95620880672619
24,36,18.627000791513424
24,37,15.118296957701142
24,38,11.280335150971226
24,39,12.340148452079939
24,40,16.49104910580088
24,41,19.105264313031835
25,0,31.19871282952615
25,1,11.563241618728938
25,2,38.487490266416906
25,3,42.19210588128194
25,4,14.24177587074352
25,5,16.058069882421428
25,6,11.658661916149953
25,7,13.226202812864413
25,8,6.909212783399308
25,9,6.531610869115549
25,10,133.03464249351336
25,12,22.011581117839455
25,13,2.9394405302449065
25,14,23.89972493938524
25,15,21.357984100683982
25,16,18.665289470742472
25,17,27.860699635348432
25,18,6.475421884317737
25,19,16.79605368168924
25,22,12.382948716908619
25,23,26.978339941972376
25,24,8.5474145554586
25,25,0.0
25,26,10.938590492187704
25,27,4.597344748945395
25,28,16.940865993231526
25,29,22.094112478336353
25,30,11.301183065072617
25,31,12.986620569769158
25,32,13.484032369441369
25,33,27.694348730675532
25,34,21.158285820658598
25,35,19.18118371881335
25,36,16.851975703600587
25,37,15.487186144417336
25,38,11.649224337687418
25,39,10.5651233641671
25,40,14.159521984105742
25,41,11.734600893648887
26,0,33.17314256944413
26,1,21.32508097484099
26,2,48.249329622528954
26,3,44.16653562119992
26,4,11.36194079613261
26,5,18.080356632434338
26,6,18.758455147357935
26,7,17.392403837506357
26,8,4.029377708788396
26,9,4.835345372338174
26,10,133.8127792436259
26,12,21.244170306417168
26,13,13.87803102243261
26,14,23.821742523183612
26,15,23.332413840601962
26,16,20.639719210660452
26,17,27.093288823926144
26,18,16.23726124042979
26,19,20.962254706331183
26,22,20.73137245813215
26,23,24.098504867361463
26,24,5.667579480847687
26,25,10.938590492187704
26,26,0.0
26,27,6.737711818167714
26,28,16.173455181809242
26,29,21.32670166691407
26,30,13.441550134294937
26,31,10.106785495158247
26,32,23.24587172555342
26,33,37.456188086787584
26,34,25.32448684530054
26,35,23.347384743455294
26,36,21.01817672824253
26,37,17.50947289443025
26,38,13.671511087700331
26,39,14.731324388809043
26,40,18.88222504252998
26,41,21.496440249760937
27,0,26.601368080580755
27,1,14.588542792826281
27,2,41.51279144051425
27,3,37.594761132336544
27,4,10.040897196723531
27,5,14.491446897125016
27,6,13.02563113741958
27,7,11.659579827568
27,8,2.7083341093793174
27,9,1.9342661201701539
27,10,131.46801950821694
27,12,19.92312670700809
27,13,7.536785279190301
27,14,19.302380190439845
27,15,16.760639351738586
27,16,14.067944721797076
27,17,25.772245224517068
27,18,9.50072305841508
27,19,15.229430696392829
27,22,16.980293465854015
27,23,22.777461267952386
27,24,4.346535881438609
27,25,4.597344748945395
27,26,6.737711818167714
27,27,0.0
27,28,14.852411582400164
27,29,20.00565806750499
27,30,6.703838316127223
27,31,8.785741895749169
27,32,16.509333543538713
27,33,30.719649904772876
27,34,19.591662835362186
27,35,17.61456073351694
27,36,15.285352718304173
27,37,13.920563159120924
27,38,10.082601352391006
27,39,8.998500378870688
27,40,13.149401032591628
27,41,14.759902067746228
28,0,24.932089623978747
28,1,18.19385699830498
28,2,45.11810564599294
28,3,35.925482675734536
28,4,19.47664056036506
28,5,22.643889713999023
28,6,18.289277295725995
28,7,21.599163134637756
28,8,12.144077473020847
28,9,12.950045136570624
28,10,123.97050023498586
28,12,5.070715124607927
28,13,19.88030652347643
28,14,7.64828734137437
28,15,9.8067670863767
28,16,12.39866626519507
28,17,10.919833642116904
28,18,13.106037263893777
28,19,25.169014003462586
28,22,4.5579172763229066
28,23,14.876907564628997
28,24,13.782279245080138
28,25,16.940865993231526
28,26,16.173455181809242
28,27,14.852411582400164
28,28,0.0
28,29,5.153246485104827
28,30,21.556249898527387
28,31,18.221485259390697
28,32,20.114647749017408
28,33,34.32496411025157
28,34,29.531246142431947
28,35,27.554144040586696
28,36,25.22493602537393
28,37,22.07300597599493
28,38,18.235044169265013
28,39,18.938083685940445
28,40,20.790137363681783
28,41,18.365216273224927
29,0,30.085336109083574
29,1,23.347103483409807
29,2,50.27135213109777
29,3,41.07872916083936
29,4,24.629887045469886
29,5,27.797136199103846
29,6,23.442523780830822
29,7,26.752409619742586
29,8,17.297323958125673
29,9,18.103291621675453
29,10,129.12374672009068
29,12,10.223961609712754
29,13,25.033553008581258
29,14,12.801533826479197
29,15,14.960013571481527
29,16,17.5519127502999
29,17,16.07308012722173
29,18,18.259283748998605
29,19,30.322260488567412
29,22,9.711163761427734
29,23,20.030154049733824
29,24,18.935525730184963
29,25,22.094112478336353
29,26,21.32670166691407
29,27,20.00565806750499
29,28,5.153246485104827
29,29,0.0
29,30,26.709496383632214
29,31,23.374731744495524
29,32,25.267894234122235
29,33,39.4782105953564
29,34,34.68449262753677
29,35,32.70739052569152
29,36,30.37818251047876
29,37,27.226252461099758
29,38,23.38829065436984
29,39,24.09133017104527
29,40,25.94338384878661
29,41,23.518462758329754
30,0,33.30520639670798
30,1,21.292381108953506
30,2,48.21662975664147
30,3,44.29859944846377
30,4,16.744735512850752
30,5,21.195285213252237
30,6,19.729469453546802
30,7,18.363418143695224
30,8,9.41217242550654
30,9,8.638104436297377
30,10,138.17185782434416
30,12,26.626965023135313
30,13,14.240623595317524
30,14,26.006218506567066
30,15,23.464477667865808
30,16,20.7717830379243
30,17,32.47608354064429
30,18,16.2045613745423
30,19,21.93326901252005
30,22,23.684131781981236
30,23,29.481299584079608
30,24,11.050374197565832
30,25,11.301183065072617
30,26,13.441550134294937
30,27,6.703838316127223
30,28,21.556249898527387
30,29,26.709496383632214
30,30,0.0
30,31,15.489580211876392
30,32,23.213171859665934
30,33,37.4234882209001
30,34,26.29550115148941
30,35,24.318399049644164
30,36,21.989191034431396
30,37,20.624401475248145
30,38,16.78643966851823
30,39,15.702338694997911
30,40,19.85323934871885
30,41,21.46374038387345
31,0,35.22117264702558
31,1,23.373111052422445
31,2,50.297359700110405
31,3,46.21456569878137
31,4,13.409970873714064
31,5,20.128386710015796
31,6,20.80648522493939
31,7,19.44043391508781
31,8,6.077407786369851
31,9,6.883375449919629
31,10,135.86080932120737
31,12,23.292200383998626
31,13,15.926061100014065
31,14,25.869772600765067
31,15,25.380443918183417
31,16,22.687749288241907
31,17,29.141318901507603
31,18,18.285291318011243
31,19,23.01028478391264
31,22,22.779402535713604
31,23,26.146534944942918
31,24,7.715609558429142
31,25,12.986620569769158
31,26,10.106785495158247
31,27,8.785741895749169
31,28,18.221485259390697
31,29,23.374731744495524
31,30,15.489580211876392
31,31,0.0
31,32,25.293901803134876
31,33,39.504218164369036
31,34,27.372516922882
31,35,25.39541482103675
31,36,23.06620680582398
31,37,19.557502972011704
31,38,15.719541165281786
31,39,16.779354466390497
31,40,20.93025512011144
31,41,23.544470327342392
32,0,38.98304856959646
32,1,12.096430219534835
32,2,39.0206788672228
32,3,49.97644162135225
32,4,26.549057104109238
32,5,18.7868680202408
32,6,12.19185051695585
32,7,15.955000950683786
32,8,19.216494016765026
32,9,18.443599663708866
32,10,135.7634406313327
32,12,25.185362873625337
32,13,16.423472899686274
32,14,27.762935090391778
32,15,29.92141483539411
32,16,30.57727826533579
32,17,31.034481391134314
32,18,7.008610485123632
32,19,19.524851819508612
32,22,24.672565025340315
32,23,31.37066244444052
32,24,20.854695788824316
32,25,13.484032369441369
32,26,23.24587172555342
32,27,16.509333543538713
32,28,20.114647749017408
32,29,25.267894234122235
32,30,23.213171859665934
32,31,25.293901803134876
32,32,0.0
32,33,28.22753733148143
32,34,23.887083958477973
32,35,21.909981856632726
32,36,19.58077384141996
32,37,18.215984282236708
32,38,14.378022475506791
32,39,13.293921501986473
32,40,14.692710584911637
32,41,12.267789494454782
33,0,49.85989468166051
33,1,26.306746580768998
33,2,10.793141535741372
33,3,60.8532877334163
33,4,40.7593734653434
33,5,29.663714132304854
33,6,26.402166878190013
33,7,26.83184706274784
33,8,33.42681037799919
33,9,32.65391602494303
33,10,146.64028674339679
33,12,39.3956792348595
33,13,30.633789260920437
33,14,41.97325145162594
33,15,44.13173119662827
33,16,44.787594626569955
33,17,45.24479775236848
33,18,21.218926846357796
33,19,30.401697931572667
33,22,38.882881386574475
33,23,42.24750855650457
33,24,35.06501215005848
33,25,27.694348730675532
33,26,37.456188086787584
33,27,30.719649904772876
33,28,34.32496411025157
33,29,39.4782105953564
33,30,37.4234882209001
33,31,39.504218164369036
33,32,28.22753733148143
33,33,0.0
33,34,34.763930070542024
33,35,32.78682796869678
33,36,30.457619953484013
33,37,29.092830394300762
33,38,25.254868587570844
33,39,24.170767614050526
33,40,28.321668267771464
33,41,26.478105855688945
34,0,36.282289524101486
34,1,22.449726830432482
34,2,45.557071606283394
34,3,47.275682575857275
34,4,28.627672223856358
34,5,16.086108974745827
34,6,14.620293215040391
34,7,13.254241905188813
34,8,21.295109136512146
34,9,21.525928955532343
34,10,133.06268158583777
34,12,34.60196126703987
34,13,24.097726350903507
34,14,37.17953348380632
34,15,36.352302187100776
34,16,33.65960755715926
34,17,40.451079784548845
34,18,19.732895841935473
34,19,16.824092774013643
34,22,33.54123453756722
34,23,28.66990339894555
34,24,22.93331090857144
34,25,21.158285820658598
34,26,25.32448684530054
34,27,19.591662835362186
34,28,29.531246142431947
34,29,34.68449262753677
34,30,26.29550115148941
34,31,27.372516922882
34,32,23.887083958477973
34,33,34.763930070542024
34,34,0.0
34,35,19.20922281113775
34,36,16.880014795924986
34,37,15.515225236741735
34,38,11.677263430011818
34,39,10.5931624564915
34,40,14.74406311021244
34,41,19.475190466023342
35,0,34.30518742225624
35,1,20.472624728587235
35,2,43.57996950443815
35,3,45.29858047401203
35,4,26.65057012201111
35,5,14.10900687290058
35,6,12.643191113195144
35,7,11.277139803343564
35,8,19.3180070346669
35,9,19.548826853687093
35,10,131.0855794839925
35,12,32.62485916519462
35,13,22.12062424905826
35,14,35.20243138196106
35,15,34.37520008525553
35,16,31.682505455314015
35,17,38.4739776827036
35,18,17.755793740090223
35,19,14.846990672168392
35,22,31.56413243572197
35,23,26.6928012971003
35,24,20.95620880672619
35,25,19.18118371881335
35,26,23.347384743455294
35,27,17.61456073351694
35,28,27.554144040586696
35,29,32.70739052569152
35,30,24.318399049644164
35,31,25.39541482103675
35,32,21.909981856632726
35,33,32.78682796869678
35,34,19.20922281113775
35,35,0.0
35,36,14.902912694079737
35,37,13.538123134896487
35,38,9.700161328166569
35,39,8.616060354646251
35,40,12.766961008367192
35,41,17.49808836417809
36,0,31.975979407043475
36,1,18.14341671337447
36,2,41.25076148922538
36,3,42.96937245879926
36,4,24.321362106798347
36,5,11.779798857687812
36,6,10.313983097982376
36,7,8.947931788130798
36,8,16.988799019454135
36,9,17.219618838474325
36,10,128.75637146877975
36,12,30.295651149981857
36,13,19.791416233845492
36,14,32.8732233667483
36,15,32.04599207004276
36,16,29.35329744010125
36,17,36.144769667490834
36,18,15.426585724877457
36,19,12.517782656955626
36,22,29.234924420509202
36,23,24.363593281887532
36,24,18.627000791513424
36,25,16.851975703600587
36,26,21.01817672824253
36,27,15.285352718304173
36,28,25.22493602537393
36,29,30.37818251047876
36,30,21.989191034431396
36,31,23.06620680582398
36,32,19.58077384141996
36,33,30.457619953484013
36,34,16.880014795924986
36,35,14.902912694079737
36,36,0.0
36,37,11.20891511968372
36,38,7.370953312953804
36,39,6.286852339433485
36,40,10.437752993154426
36,41,15.168880348965326
37,0,30.611189847860224
37,1,16.77862715419122
37,2,39.88597193004213
37,3,41.60458289961601
37,4,20.812658272986067
37,5,8.246807351463925
37,6,8.949193538799127
37,7,7.5831422289475485
37,8,13.48009518564185
37,9,14.286062849191628
37,10,127.39158190959648
37,12,27.143721100602857
37,13,18.42662667466224
37,14,29.7212933173693
37,15,30.68120251085951
37,16,27.988507880918
37,17,32.99283961811183
37,18,14.061796165694208
37,19,11.152993097772377
37,22,26.63092325231784
37,23,22.998803722704285
37,24,15.118296957701142
37,25,15.487186144417336
37,26,17.50947289443025
37,27,13.920563159120924
37,28,22.07300597599493
37,29,27.226252461099758
37,30,20.624401475248145
37,31,19.557502972011704
37,32,18.215984282236708
37,33,29.092830394300762
37,34,15.515225236741735
37,35,13.538123134896487
37,36,11.20891511968372
37,37,0.0
37,38,3.837961806729917
37,39,4.9220627802502355
37,40,9.072963433971175
37,41,13.804090789782077
38,0,26.773228041130306
38,1,12.940665347461302
38,2,36.04801012331222
38,3,37.7666210928861
38,4,16.974696466256148
38,5,4.4088455447340085
38,6,5.111231732069211
38,7,3.745180422217632
38,8,9.642133378911934
38,9,10.448101042461712
38,10,123.55362010286657
38,12,23.30575929387294
38,13,14.588664867932325
38,14,25.883331510639383
38,15,26.84324070412959
38,16,24.15054607418808
38,17,29.154877811381915
38,18,10.22383435896429
38,19,7.31503129104246
38,22,22.79296144558792
38,23,19.160841915974366
38,24,11.280335150971226
38,25,11.649224337687418
38,26,13.671511087700331
38,27,10.082601352391006
38,28,18.235044169265013
38,29,23.38829065436984
38,30,16.78643966851823
38,31,15.719541165281786
38,32,14.378022475506791
38,33,25.254868587570844
38,34,11.677263430011818
38,35,9.700161328166569
38,36,7.370953312953804
38,37,3.837961806729917
38,38,0.0
38,39,1.0841009735203186
38,40,5.235001627241259
38,41,9.966128983052158
39,0,25.689127067609988
39,1,11.856564373940984
39,2,34.963909149791895
39,3,36.682520119365776
39,4,18.03450976736486
39,5,5.492946518254327
39,6,4.027130758548892
39,7,2.661079448697313
39,8,10.701946680020647
39,9,10.932766499040842
39,10,122.46951912934625
39,12,24.00879881054837
39,13,13.504563894412007
39,14,26.586371027314815
39,15,25.759139730609274
39,16,23.066445100667764
39,17,29.857917328057347
39,18,9.139733385443972
39,19,6.230930317522141
39,22,22.94807208107572
39,23,18.076740942454048
39,24,12.340148452079939
39,25,10.5651233641671
39,26,14.731324388809043
39,27,8.998500378870688
39,28,18.938083685940445
39,29,24.09133017104527
39,30,15.702338694997911
39,31,16.779354466390497
39,32,13.293921501986473
39,33,24.170767614050526
39,34,10.5931624564915
39,35,8.616060354646251
39,36,6.286852339433485
39,37,4.9220627802502355
39,38,1.0841009735203186
39,39,0.0
39,40,4.1509006537209405
39,41,8.88202800953184
40,0,29.840027721330927
40,1,12.771919834199206
40,2,39.114809803512834
40,3,40.833420773086715
40,4,22.1854104210858
40,5,9.643847171975267
40,6,8.178031412269831
40,7,6.811980102418254
40,8,14.852847333741588
40,9,15.083667152761782
40,10,126.62041978306719
40,12,25.86085248828971
40,13,17.09896251435065
40,14,28.438424705056153
40,15,29.910040384330216
40,16,27.217345754388703
40,17,31.709971005798685
40,18,7.684100099788005
40,19,10.381830971243081
40,22,25.34805464000469
40,23,22.22764159617499
40,24,16.49104910580088
40,25,14.159521984105742
40,26,18.88222504252998
40,27,13.149401032591628
40,28,20.790137363681783
40,29,25.94338384878661
40,30,19.85323934871885
40,31,20.93025512011144
40,32,14.692710584911637
40,33,28.321668267771464
40,34,14.74406311021244
40,35,12.766961008367192
40,36,10.437752993154426
40,37,9.072963433971175
40,38,5.235001627241259
40,39,4.1509006537209405
40,40,0.0
40,41,12.943279109119155
41,0,34.571155077141825
41,1,10.34699874374235
41,2,37.271247391430315
41,3,45.56454812889761
41,4,24.799625628316754
41,5,14.374974527786168
41,6,10.442419041163365
41,7,11.543107458229153
41,8,17.46706254097254
41,9,16.694168187916382
41,10,131.3515471388781
41,12,23.435931397832853
41,13,14.674041423893794
41,14,26.013503614599298
41,15,28.171983359601626
41,16,28.827846789543305
41,17,29.28504991534183
41,18,5.25917900933115
41,19,15.112958327053981
41,22,22.923133549547835
41,23,26.95876895198589
41,24,19.105264313031835
41,25,11.734600893648887
41,26,21.496440249760937
41,27,14.759902067746228
41,28,18.365216273224927
41,29,23.518462758329754
41,30,21.46374038387345
41,31,23.544470327342392
41,32,12.267789494454782
41,33,26.478105855688945
41,34,19.475190466023342
41,35,17.49808836417809
41,36,15.168880348965326
41,37,13.804090789782077
41,38,9.966128983052158
41,39,8.88202800953184
41,40,12.943279109119155
41,41,0.0
