source_id,target_id,rtt
0,0,0.0
0,1,7.200101720203715
0,2,4.914188380727873
0,3,2.167868463722036
0,4,12.251661515701327
0,5,20.674490787926167
0,6,19.801432657912546
0,7,21.627767881268344
0,8,22.743112452456913
0,9,28.68297216324096
0,10,24.438961447387697
0,11,27.489080334261217
0,12,20.568321804235325
0,13,23.667092034417138
0,14,18.051989317719215
1,0,7.200101720203715
1,1,0.0
1,2,7.778553173487516
1,3,5.03223325648168
1,4,5.051559795497612
1,5,19.43466399684336
1,6,18.561605866829737
1,7,20.387941090185535
1,8,21.5032856613741
1,9,22.40581335572068
1,10,18.161802639867414
1,11,21.211921526740934
1,12,13.36822008403161
1,13,16.466990314213426
1,14,16.812162526636406
2,0,4.914188380727873
2,1,7.778553173487516
2,2,0.0
2,3,2.7463199170058368
2,4,12.830112968985128
2,5,21.25294224120997
2,6,20.379884111196347
2,7,22.206219334552145
2,8,23.32156390574071
2,9,29.261423616524766
2,10,25.0174129006715
2,11,28.067531787545015
2,12,21.146773257519126
2,13,24.245543487700942
2,14,18.630440771003016
3,0,2.167868463722036
3,1,5.03223325648168
3,2,2.7463199170058368
3,3,0.0
3,4,10.083793051979292
3,5,18.50662232420413
3,6,17.63356419419051
3,7,19.45989941754631
3,8,20.575243988734876
3,9,26.515103699518928
3,10,22.27109298366566
3,11,25.32121187053918
3,12,18.400453340513288
3,13,21.4992235706951
3,14,15.88412085399718
4,0,12.251661515701327
4,1,5.051559795497612
4,2,12.830112968985128
4,3,10.083793051979292
4,4,0.0
4,5,14.383104201345748
4,6,13.510046071332127
4,7,15.336381294687925
4,8,16.45172586587649
4,9,17.35425356022307
4,10,13.110242844369804
4,11,16.16036173124332
4,12,8.316660288533997
4,13,11.415430518715812
4,14,11.760602731138796
5,0,20.674490787926167
5,1,19.43466399684336
5,2,21.25294224120997
5,3,18.50662232420413
5,4,14.383104201345748
5,5,0.0
5,6,4.371944810400281
5,7,6.198280033756081
5,8,7.313624604944647
5,9,13.253484315728699
5,10,9.009473599875435
5,11,12.05959248674895
5,12,6.066443912811749
5,13,9.165214142993566
5,14,2.6225014702069513
6,0,19.801432657912546
6,1,18.561605866829737
6,2,20.379884111196347
6,3,17.63356419419051
6,4,13.510046071332127
6,5,4.371944810400281
6,6,0.0
6,7,5.3252219037424595
6,8,6.440566474931026
6,9,12.380426185715079
6,10,8.136415469861813
6,11,11.186534356735331
6,12,5.193385782798129
6,13,8.292156012979945
6,14,1.74944334019333
7,0,21.627767881268344
7,1,20.387941090185535
7,2,22.206219334552145
7,3,19.45989941754631
7,4,15.336381294687925
7,5,6.198280033756081
7,6,5.3252219037424595
7,7,0.0
7,8,1.115344571188566
7,9,7.892961346003313
7,10,3.6489506301500474
7,11,6.699069517023565
7,12,7.019721006153928
7,13,10.118491236335743
7,14,3.5757785635491297
8,0,22.743112452456913
8,1,21.5032856613741
8,2,23.32156390574071
8,3,20.575243988734876
8,4,16.45172586587649
8,5,7.313624604944647
8,6,6.440566474931026
8,7,1.115344571188566
8,8,0.0
8,9,9.00830591719188
8,10,4.764295201338613
8,11,7.814414088212131
8,12,8.135065577342495
8,13,11.23383580752431
8,14,4.691123134737696
9,0,28.68297216324096
9,1,22.40581335572068
9,2,29.261423616524766
9,3,26.515103699518928
9,4,17.35425356022307
9,5,13.253484315728699
9,6,12.380426185715079
9,7,7.892961346003313
9,8,9.00830591719188
9,9,0.0
9,10,4.244010715853266
9,11,5.057668843640983
9,12,9.037593271689072
9,13,12.136363501870887
9,14,10.630982845521748
10,0,24.438961447387697
10,1,18.161802639867414
10,2,25.0174129006715
10,3,22.27109298366566
10,4,13.110242844369804
10,5,9.009473599875435
10,6,8.136415469861813
10,7,3.6489506301500474
10,8,4.764295201338613
10,9,4.244010715853266
10,10,0.0
10,11,3.050118886873518
10,12,4.793582555835806
10,13,7.892352786017621
10,14,6.386972129668482
11,0,27.489080334261217
11,1,21.211921526740934
11,2,28.067531787545015
11,3,25.32121187053918
11,4,16.16036173124332
11,5,12.05959248674895
11,6,11.186534356735331
11,7,6.699069517023565
11,8,7.814414088212131
11,9,5.057668843640983
11,10,3.050118886873518
11,11,0.0
11,12,7.843701442709324
11,13,10.942471672891138
11,14,9.437091016542
12,0,20.568321804235325
12,1,13.36822008403161
12,2,21.146773257519126
12,3,18.400453340513288
12,4,8.316660288533997
12,5,6.066443912811749
12,6,5.193385782798129
12,7,7.019721006153928
12,8,8.135065577342495
12,9,9.037593271689072
12,10,4.793582555835806
12,11,7.843701442709324
12,12,0.0
12,13,3.098770230181815
12,14,3.4439424426047984
13,0,23.667092034417138
13,1,16.466990314213426
13,2,24.245543487700942
13,3,21.4992235706951
13,4,11.415430518715812
13,5,9.165214142993566
13,6,8.292156012979945
13,7,10.118491236335743
13,8,11.23383580752431
13,9,12.136363501870887
13,10,7.892352786017621
13,11,10.942471672891138
13,12,3.098770230181815
13,13,0.0
13,14,6.542712672786614
14,0,18.051989317719215
14,1,16.812162526636406
14,2,18.630440771003016
14,3,15.88412085399718
14,4,11.760602731138796
14,5,2.6225014702069513
14,6,1.74944334019333
14,7,3.5757785635491297
14,8,4.691123134737696
14,9,10.630982845521748
14,10,6.386972129668482
14,11,9.437091016542
14,12,3.4439424426047984
14,13,6.542712672786614
14,14,0.0
