source_id,target_id,rtt
0,0,0.0
0,1,5.313733960965285
0,2,5.432794064336033
0,3,4.8138176281115825
0,4,13.650808594534574
0,5,16.356239094187018
0,6,14.251268995048516
0,7,14.001611734218512
0,8,25.6131805757419
0,9,30.615746264895265
0,10,16.855113441623825
0,11,9.443802589407117
0,12,28.91800792059377
0,13,20.475988550674934
0,14,29.423438265486283
0,15,34.49952335991073
0,16,33.50258800679928
0,17,32.25255911265889
0,18,31.88411146456902
0,19,23.381220386512595
0,20,27.206052215435474
0,21,28.144348943127152
0,22,37.00337632067301
0,23,9.908652168803973
0,24,5.753022391878221
0,25,17.968328299037623
0,26,16.216885349042755
0,27,11.080052386080606
0,28,10.22575387443411
0,29,9.726419278224721
0,30,36.65594327607317
0,31,10.70840525742559
0,32,10.527224275355099
1,0,5.313733960965285
1,1,0.0
1,2,10.432662262786087
1,3,10.060483385384446
1,4,9.93392410500147
1,5,12.14537970333708
1,6,9.448176714814267
1,7,9.921412225583854
1,8,20.47053674646135
1,9,25.35193574388521
1,10,11.575593070023826
1,11,5.390392785938224
1,12,24.236640509746643
1,13,15.163446271393303
1,14,24.119170467018364
1,15,29.195253034626433
1,16,28.191586904868256
1,17,26.93896073571569
1,18,26.570564096690024
1,19,18.15347780144149
1,20,21.95975841234331
1,21,22.864626435286606
1,22,31.724815809181987
1,23,13.913127352330998
1,24,10.689601081519854
1,25,19.07335990207353
1,26,17.84469370714731
1,27,14.793052824087905
1,28,13.777625216260283
1,29,13.475089043660738
1,30,31.39787902201277
1,31,14.55475118276269
1,32,14.428291498780341
2,0,5.432794064336033
2,1,10.432662262786087
2,2,0.0
2,3,1.433114459385903
2,4,19.031640114572475
2,5,21.77977298475593
2,6,19.651140156342723
2,7,19.42166221748405
2,8,30.898000029751753
2,9,35.750096082685474
2,10,21.604507352725474
2,11,13.258726287829596
2,12,34.348148013368906
2,13,25.368101162327324
2,14,34.19298552488728
2,15,39.25037128956177
2,16,38.318533335420796
2,17,37.12513269851611
2,18,36.789344366817154
2,19,27.910176185207554
2,20,31.753045228594093
2,21,32.79777130497576
2,22,41.61084402051059
2,23,5.3129672810263155
2,24,0.3885123019966523
2,25,15.780252777007323
2,26,13.638561591256991
2,27,6.703282612903557
2,28,6.188012074879203
2,29,5.509988137846406
2,30,41.187391770321355
2,31,6.211300487249763
2,32,5.983696746034389
3,0,4.8138176281115825
3,1,10.060483385384446
3,2,1.433114459385903
3,3,0.0
3,4,18.1557863680157
3,5,20.978190384175253
3,6,19.036973721983045
3,7,18.615160357290954
3,8,30.426988275456882
3,9,35.40647756456598
3,10,21.471098751162497
3,11,13.428308877426241
3,12,33.631198740041384
3,13,25.168686641110305
3,14,34.06832987673686
3,15,39.139408666682115
3,16,38.1728018514966
3,17,36.94767515068866
3,18,36.59323686519047
3,19,27.891479017626416
3,20,31.732334296821687
3,21,32.729119692289615
3,22,41.57225242834865
3,23,6.7217618189296635
3,24,1.7997201907959441
3,25,17.15278800947018
3,26,15.034302535580096
3,27,8.121806349853792
3,28,7.621063888146886
3,29,6.941646590370056
3,30,41.18374343077254
3,31,7.622657021308672
3,32,7.392084839281155
4,0,13.650808594534574
4,1,9.93392410500147
4,2,19.031640114572475
4,3,18.1557863680157
4,4,0.0
4,5,3.0555636687691714
4,6,4.072847006797544
4,7,1.1865232805275199
4,8,14.210769325340147
4,9,19.88485092753933
4,10,11.362754970765168
4,11,12.931751770778847
4,12,15.74377265374104
4,13,12.784043077589292
4,14,20.80850708711862
4,15,25.496947652322763
4,16,24.2692205542562
4,17,22.841193597272454
4,18,22.336808019006863
4,19,16.938664445764374
4,20,19.965688070208007
4,21,20.261015673887094
4,22,28.456191519425587
4,23,23.405550964282877
4,24,19.372678862365223
4,25,28.791359633930714
4,26,27.7094779078039
4,27,24.438178860685515
4,28,23.474409286901498
4,29,23.088480665954613
4,30,28.459208151881658
4,31,24.136408102178127
4,32,23.98139061785412
5,0,16.356239094187018
5,1,12.14537970333708
5,2,21.77977298475593
5,3,20.978190384175253
5,4,3.0555636687691714
5,5,0.0
5,6,3.6336910833204548
5,7,2.3630581396068657
5,8,11.296030758061224
5,9,17.00618892957341
5,10,10.438364332897606
5,11,14.159961084871734
5,12,12.74498554801033
5,13,10.956182271831604
5,14,18.325349987738598
5,15,22.848593685931807
5,16,21.59579966937469
5,17,20.15607650126382
5,18,19.63406938562519
5,19,15.144463074446293
5,20,17.822627926717818
5,21,17.95695422002586
5,22,25.851775699587133
5,23,25.93279229227861
5,24,22.107610556589055
5,25,30.461931092194973
5,26,29.56764511421637
5,27,26.892080543011794
5,28,25.89524224273335
5,29,25.556838581389066
5,30,25.918853271384453
5,31,26.623892057875715
5,32,26.482589287730224
6,0,14.251268995048516
6,1,9.448176714814267
6,2,19.651140156342723
6,3,19.036973721983045
6,4,4.072847006797544
6,5,3.6336910833204548
6,6,0.0
6,7,2.9402545126289064
6,8,11.609877544360785
6,9,17.02537978062113
6,10,7.320621744988065
6,11,10.667633250256875
6,12,14.789132073356335
6,13,8.833394386964544
6,14,17.240795787269775
6,15,22.102038705180583
6,16,20.9233551032069
6,17,19.52814502146768
6,18,19.05888114580273
6,19,12.938096758300642
6,20,16.111992667795157
6,21,16.52315729355865
6,22,24.978783858148905
6,23,23.358163409352507
6,24,19.945830299780674
6,25,27.07085978667867
6,26,26.29117300700989
6,27,24.204780224345964
6,28,23.172861861352867
6,29,22.90122548650028
6,30,24.90068339304595
6,31,23.98522961279892
6,32,23.864718454475085
7,0,14.001611734218512
7,1,9.921412225583854
7,2,19.42166221748405
7,3,18.615160357290954
7,4,1.1865232805275199
7,5,2.3630581396068657
7,6,2.9402545126289064
7,7,0.0
7,8,13.18644464093012
7,9,18.830516820374935
7,10,10.258167267459989
7,11,12.439107826190407
7,12,15.086743681111813
7,13,11.599288458994025
7,14,19.646920457169728
7,15,24.360812970554914
7,16,23.139519953959756
7,17,21.715314794814084
7,18,21.21581715981306
7,19,15.757372885020546
7,20,18.78017104072635
7,21,19.082361224957857
7,22,27.309774580640973
7,23,23.623342933416236
7,24,19.7511760735062
7,25,28.52954156403587
7,26,27.537256317434796
7,27,24.605857786744142
7,28,23.619437488797885
7,29,23.26513280635873
7,30,27.30201640380564
7,31,24.326785541301447
7,32,24.181181188502453
8,0,25.6131805757419
8,1,20.47053674646135
8,2,30.898000029751753
8,3,30.426988275456882
8,4,14.210769325340147
8,5,11.296030758061224
8,6,11.609877544360785
8,7,13.18644464093012
8,8,0.0
8,9,5.7227046364312715
8,10,10.94075141892899
8,11,19.504215529404235
8,12,6.7204980389252205
8,13,7.5342099868727095
8,14,8.411051725521899
8,15,12.025922493876049
8,16,10.729880190311397
8,17,9.29714098609887
8,18,8.735075258827562
8,19,9.467968989912421
8,20,9.632397430206273
8,21,8.953303934727092
8,22,15.089627418407408
8,23,34.0073135099159
8,24,31.159726504725874
8,25,35.120385918339565
8,26,34.96582716671987
8,27,34.640674239745856
8,28,33.57076365800428
8,29,33.42745566102491
8,30,15.348653524360614
8,31,34.51339508539957
8,32,34.43126685000454
9,0,30.615746264895265
9,1,25.35193574388521
9,2,35.750096082685474
9,3,35.40647756456598
9,4,19.88485092753933
9,5,17.00618892957341
9,6,17.02537978062113
9,7,18.830516820374935
9,8,5.7227046364312715
9,9,0.0
9,10,14.601218228709167
9,11,23.531940649493336
9,12,9.433474421367272
9,13,10.729639230605379
9,14,5.334706795889705
9,15,6.8340629868467095
9,16,5.568715217949971
9,17,4.308379867816545
9,18,3.7570621956036074
9,19,10.334802318023987
9,20,8.238664255580243
9,21,6.911087941133779
9,22,9.830238213064408
9,23,38.405718106921064
9,24,35.98310351501117
9,25,38.07911634025269
9,26,38.2481087079764
9,27,38.89726768844366
9,28,37.82237699167262
9,29,37.75864783908873
9,30,10.281282753591308
9,31,38.82853481509968
9,32,38.77148559846095
10,0,16.855113441623825
10,1,11.575593070023826
10,2,21.604507352725474
10,3,21.471098751162497
10,4,11.362754970765168
10,5,10.438364332897606
10,6,7.320621744988065
10,7,10.258167267459989
10,8,10.94075141892899
10,9,14.601218228709167
10,10,0.0
10,11,8.934219719910821
10,12,16.77319058904541
10,13,3.8794293021856117
10,14,12.598525013914456
10,15,17.66831199678352
10,16,16.715107266615057
10,17,15.52687501004604
10,18,15.205965770327218
10,19,6.64826494978273
10,20,10.403383108673468
10,21,11.290615572441103
10,22,20.150777736957384
10,23,23.85365333172366
10,24,21.794947023401566
10,25,24.184950199300577
10,26,24.039783128780588
10,27,24.305699188199142
10,28,23.231277901869074
10,29,23.18573738454455
10,30,19.825421428013737
10,31,24.249125915588092
10,32,24.19892902269385
11,0,9.443802589407117
11,1,5.390392785938224
11,2,13.258726287829596
11,3,13.428308877426241
11,4,12.931751770778847
11,5,14.159961084871734
11,6,10.667633250256875
11,7,12.439107826190407
11,8,19.504215529404235
11,9,23.531940649493336
11,10,8.934219719910821
11,11,0.0
11,12,24.5265384263804
11,13,12.813142542553496
11,14,21.239280883782104
11,15,26.2331747635705
11,16,25.386127017873136
11,17,24.285521574841336
11,18,24.007069282026603
11,19,14.78057199743279
11,20,18.606032094071942
11,21,19.72967842187436
11,22,28.459230013926447
11,23,14.9512308893496
11,24,13.383704609035133
11,25,16.440918444259037
11,26,15.822548103695404
11,27,15.372171569330796
11,28,14.298003406784714
11,29,14.264751513239947
11,30,27.993423919308032
11,31,15.322395027467802
11,32,15.27747507813515
12,0,28.91800792059377
12,1,24.236640509746643
12,2,34.348148013368906
12,3,33.631198740041384
12,4,15.74377265374104
12,5,12.74498554801033
12,6,14.789132073356335
12,7,15.086743681111813
12,8,6.7204980389252205
12,9,9.433474421367272
12,10,16.77319058904541
12,11,24.5265384263804
12,12,0.0
12,13,13.896268802163364
12,14,14.098898652722594
12,15,16.188835752014867
12,16,14.961974358712164
12,17,13.74178822074426
12,18,13.189139828445741
12,19,16.188436240532056
12,20,16.031993024398464
12,21,15.112410300853949
12,22,19.077556859817605
12,23,38.14151501982169
12,24,34.65798154825951
12,25,40.72863696748166
12,26,40.32074829174331
12,27,38.960206846984676
12,28,37.91789910148993
12,29,37.668997433400676
12,30,19.629568562424435
12,31,38.75551061255622
12,32,38.640001663810665
13,0,20.475988550674934
13,1,15.163446271393303
13,2,25.368101162327324
13,3,25.168686641110305
13,4,12.784043077589292
13,5,10.956182271831604
13,6,8.833394386964544
13,7,11.599288458994025
13,8,7.5342099868727095
13,9,10.729639230605379
13,10,3.8794293021856117
13,11,12.813142542553496
13,12,13.896268802163364
13,13,0.0
13,14,8.989072470725997
13,15,14.0560525538083
13,16,13.02979413116085
13,17,11.780224345112643
13,18,11.426452021953567
13,19,4.192640846885479
13,20,7.327452389616611
13,21,7.9188616720799905
13,22,16.697439324260056
13,23,27.72920399226547
13,24,25.571848181037026
13,25,27.73607118013068
13,26,27.720354981677293
13,27,28.184981527639977
13,28,27.110604933749848
13,29,27.06422428826748
13,30,16.47433168306806
13,31,28.1282475657124
13,32,28.07742598091122
14,0,29.423438265486283
14,1,24.119170467018364
14,2,34.19298552488728
14,3,34.06832987673686
14,4,20.80850708711862
14,5,18.325349987738598
14,6,17.240795787269775
14,7,19.646920457169728
14,8,8.411051725521899
14,9,5.334706795889705
14,10,12.598525013914456
14,11,21.239280883782104
14,12,14.098898652722594
14,13,8.989072470725997
14,14,0.0
14,15,5.076164703001614
14,16,4.1468497057312055
14,17,3.163898005626232
14,18,3.06633404778373
14,19,6.607441036367762
14,20,3.306248322723641
14,21,1.8532357250145681
14,22,7.762359290980099
14,23,36.152367890902774
14,24,34.3759011884177
14,25,34.38398020400502
14,26,34.820053484378924
14,27,36.45893029668966
14,28,35.39598094756757
14,29,35.431199778898815
14,30,7.663688337680064
14,31,36.4630957265991
14,32,36.438250911464294
15,0,34.49952335991073
15,1,29.195253034626433
15,2,39.25037128956177
15,3,39.139408666682115
15,4,25.496947652322763
15,5,22.848593685931807
15,6,22.102038705180583
15,7,24.360812970554914
15,8,12.025922493876049
15,9,6.8340629868467095
15,10,17.66831199678352
15,11,26.2331747635705
15,12,16.188835752014867
15,13,14.0560525538083
15,14,5.076164703001614
15,15,0.0
15,16,1.2988416681142185
15,17,2.731420502830174
15,18,3.2908637278483686
15,19,11.479149278444435
15,20,7.747397190846407
15,21,6.510938491507398
15,22,3.0639462196638463
15,23,41.09937831218462
15,24,39.42871868556034
15,25,38.72460764740807
15,26,39.323700264586044
15,27,41.35869480219142
15,28,40.302305502061
15,29,40.36269733966347
15,30,3.4490467980988924
15,31,41.38210024163256
15,32,41.36543276696387
16,0,33.50258800679928
16,1,28.191586904868256
16,2,38.318533335420796
16,3,38.1728018514966
16,4,24.2692205542562
16,5,21.59579966937469
16,6,20.9233551032069
16,7,23.139519953959756
16,8,10.729880190311397
16,9,5.568715217949971
16,10,16.715107266615057
16,11,25.386127017873136
16,12,14.961974358712164
16,13,13.02979413116085
16,14,4.1468497057312055
16,15,1.2988416681142185
16,16,0.0
16,17,1.445082079962604
16,18,1.995796273799922
16,19,10.713307413939306
16,20,7.120033039329716
16,21,5.775381432732477
16,22,4.361735726781445
16,23,40.29602206205495
16,24,38.505418895797916
16,25,38.262974446452326
16,26,38.78747619138673
16,27,40.59323187471342
16,28,39.53172815854149
16,29,39.57224719863662
16,30,4.719614338594814
16,31,40.60177842206224
16,32,40.57857368364146
17,0,32.25255911265889
17,1,26.93896073571569
17,2,37.12513269851611
17,3,36.94767515068866
17,4,22.841193597272454
17,5,20.15607650126382
17,6,19.52814502146768
17,7,21.715314794814084
17,8,9.29714098609887
17,9,4.308379867816545
17,10,15.52687501004604
17,11,24.285521574841336
17,12,13.74178822074426
17,13,11.780224345112643
17,14,3.163898005626232
17,15,2.731420502830174
17,16,1.445082079962604
17,17,0.0
17,18,0.5730385255825676
17,19,9.757316433484851
17,20,6.3924648696701025
17,21,4.964038666959915
17,22,5.793357166233927
17,23,39.22305954633765
17,24,37.319810383843226
17,25,37.53700346135582
17,26,37.98354817845091
17,27,39.55693682535357
17,28,38.49121828691493
17,29,38.512319159985346
17,30,6.089510469262919
17,31,39.55096993621198
17,32,39.52141891199955
18,0,31.88411146456902
18,1,26.570564096690024
18,2,36.789344366817154
18,3,36.59323686519047
18,4,22.336808019006863
18,5,19.63406938562519
18,6,19.05888114580273
18,7,21.21581715981306
18,8,8.735075258827562
18,9,3.7570621956036074
18,10,15.205965770327218
18,11,24.007069282026603
18,12,13.189139828445741
18,13,11.426452021953567
18,14,3.06633404778373
18,15,3.2908637278483686
18,16,1.995796273799922
18,17,0.5730385255825676
18,18,0.0
18,19,9.582092531678795
18,20,6.359428726086341
18,21,4.911238594523547
18,22,6.35470794329617
18,23,38.953336620893374
18,24,36.98847964063542
18,25,37.43741315977194
18,26,37.84774589444753
18,27,39.306349064449435
18,28,38.238749507272665
18,29,38.24968078205789
18,30,6.6619817426478365
18,31,39.29282213625626
18,32,39.25995325629326
19,0,23.381220386512595
19,1,18.15347780144149
19,2,27.910176185207554
19,3,27.891479017626416
19,4,16.938664445764374
19,5,15.144463074446293
19,6,12.938096758300642
19,7,15.757372885020546
19,8,9.467968989912421
19,9,10.334802318023987
19,10,6.64826494978273
19,11,14.78057199743279
19,12,16.188436240532056
19,13,4.192640846885479
19,14,6.607441036367762
19,15,11.479149278444435
19,16,10.713307413939306
19,17,9.757316433484851
19,18,9.582092531678795
19,19,0.0
19,20,3.8432720053899234
19,21,4.968945050667066
19,22,13.70147257624713
19,23,29.620236028125092
19,24,28.069565050612916
19,25,27.937193035810175
19,26,28.28110260354249
19,27,29.88913877391899
19,28,28.83020737033926
19,29,28.88452627161645
19,30,13.292339831378177
19,31,29.9064256805946
19,32,29.88801726825495
20,0,27.206052215435474
20,1,21.95975841234331
20,2,31.753045228594093
20,3,31.732334296821687
20,4,19.965688070208007
20,5,17.822627926717818
20,6,16.111992667795157
20,7,18.78017104072635
20,8,9.632397430206273
20,9,8.238664255580243
20,10,10.403383108673468
20,11,18.606032094071942
20,12,16.031993024398464
20,13,7.327452389616611
20,14,3.306248322723641
20,15,7.747397190846407
20,16,7.120033039329716
20,17,6.3924648696701025
20,18,6.359428726086341
20,19,3.8432720053899234
20,20,0.0
20,21,1.453163599800763
20,22,9.860345121665931
20,23,33.39729961697956
20,24,31.911456642050993
20,25,31.16806197082124
20,26,31.66826259500602
20,27,33.629360863598464
20,28,32.5762665073433
20,29,32.65028369964317
20,30,9.453745023146665
20,31,33.66184851710609
20,32,33.649807463862935
21,0,28.144348943127152
21,1,22.864626435286606
21,2,32.79777130497576
21,3,32.729119692289615
21,4,20.261015673887094
21,5,17.95695422002586
21,6,16.52315729355865
21,7,19.082361224957857
21,8,8.953303934727092
21,9,6.911087941133779
21,10,11.290615572441103
21,11,19.72967842187436
21,12,15.112410300853949
21,13,7.9188616720799905
21,14,1.8532357250145681
21,15,6.510938491507398
21,16,5.775381432732477
21,17,4.964038666959915
21,18,4.911238594523547
21,19,4.968945050667066
21,20,1.453163599800763
21,21,0.0
21,22,8.860278185223645
21,23,34.58874316104321
21,24,32.96759397898934
21,25,32.575758911148284
21,26,33.045327537290454
21,27,34.85552654533104
21,28,33.79748333189145
21,29,33.85346053475723
21,30,8.570100877590095
21,31,34.87484893118708
21,32,34.85685119334797
22,0,37.00337632067301
22,1,31.724815809181987
22,2,41.61084402051059
22,3,41.57225242834865
22,4,28.456191519425587
22,5,25.851775699587133
22,6,24.978783858148905
22,7,27.309774580640973
22,8,15.089627418407408
22,9,9.830238213064408
22,10,20.150777736957384
22,11,28.459230013926447
22,12,19.077556859817605
22,13,16.697439324260056
22,14,7.762359290980099
22,15,3.0639462196638463
22,16,4.361735726781445
22,17,5.793357166233927
22,18,6.35470794329617
22,19,13.70147257624713
22,20,9.860345121665931
22,21,8.860278185223645
22,22,0.0
22,23,43.184747433018416
22,24,41.77103761468218
22,25,40.073377041551616
22,26,40.835064666485465
22,27,43.3622992306166
22,28,42.319611765130645
22,29,42.42233856066503
22,30,1.023981434897419
22,31,43.4175150566561
22,32,43.41488925754684
23,0,9.908652168803973
23,1,13.913127352330998
23,2,5.3129672810263155
23,3,6.7217618189296635
23,4,23.405550964282877
23,5,25.93279229227861
23,6,23.358163409352507
23,7,23.623342933416236
23,8,34.0073135099159
23,9,38.405718106921064
23,10,23.85365333172366
23,11,14.9512308893496
23,12,38.14151501982169
23,13,27.72920399226547
23,14,36.152367890902774
23,15,41.09937831218462
23,16,40.29602206205495
23,17,39.22305954633765
23,18,38.953336620893374
23,19,29.620236028125092
23,20,33.39729961697956
23,21,34.58874316104321
23,22,43.184747433018416
23,23,0.0
23,24,4.930636597238762
23,25,11.442468664119668
23,26,9.139948505105801
23,27,1.422470744463146
23,28,1.4277629482093075
23,29,0.8708482672463217
23,30,42.643901195409065
23,31,0.9020747869332058
23,32,0.6707437355540913
24,0,5.753022391878221
24,1,10.689601081519854
24,2,0.3885123019966523
24,3,1.7997201907959441
24,4,19.372678862365223
24,5,22.107610556589055
24,6,19.945830299780674
24,7,19.7511760735062
24,8,31.159726504725874
24,9,35.98310351501117
24,10,21.794947023401566
24,11,13.383704609035133
24,12,34.65798154825951
24,13,25.571848181037026
24,14,34.3759011884177
24,15,39.42871868556034
24,16,38.505418895797916
24,17,37.319810383843226
24,18,36.98847964063542
24,19,28.069565050612916
24,20,31.911456642050993
24,21,32.96759397898934
24,22,41.77103761468218
24,23,4.930636597238762
24,24,0.0
24,25,15.48105368711362
24,26,13.32425550910892
24,27,6.324926043050778
24,28,5.827385065270958
24,29,5.143861482156438
24,30,41.33901251076689
24,31,5.829955797845067
24,32,5.601367548298173
25,0,17.968328299037623
25,1,19.07335990207353
25,2,15.780252777007323
25,3,17.15278800947018
25,4,28.791359633930714
25,5,30.461931092194973
25,6,27.07085978667867
25,7,28.52954156403587
25,8,35.120385918339565
25,9,38.07911634025269
25,10,24.184950199300577
25,11,16.440918444259037
25,12,40.72863696748166
25,13,27.73607118013068
25,14,34.38398020400502
25,15,38.72460764740807
25,16,38.262974446452326
25,17,37.53700346135582
25,18,37.43741315977194
25,19,27.937193035810175
25,20,31.16806197082124
25,21,32.575758911148284
25,22,40.073377041551616
25,23,11.442468664119668
25,24,15.48105368711362
25,25,0.0
25,26,2.335039095734328
25,27,10.2150292833343
25,28,10.076031621223667
25,29,10.781487761591386
25,30,39.309104904566574
25,31,10.731696672723835
25,32,10.951938797455377
26,0,16.216885349042755
26,1,17.84469370714731
26,2,13.638561591256991
26,3,15.034302535580096
26,4,27.7094779078039
26,5,29.56764511421637
26,6,26.29117300700989
26,7,27.537256317434796
26,8,34.96582716671987
26,9,38.2481087079764
26,10,24.039783128780588
26,11,15.822548103695404
26,12,40.32074829174331
26,13,27.720354981677293
26,14,34.820053484378924
26,15,39.323700264586044
26,16,38.78747619138673
26,17,37.98354817845091
26,18,37.84774589444753
26,19,28.28110260354249
26,20,31.66826259500602
26,21,33.045327537290454
26,22,40.835064666485465
26,23,9.139948505105801
26,24,13.32425550910892
26,25,2.335039095734328
26,26,0.0
26,27,7.890258955929173
26,28,7.794296998375595
26,29,8.505909150221463
26,30,40.11207452091401
26,31,8.411211351893956
26,32,8.63421695260302
27,0,11.080052386080606
27,1,14.793052824087905
27,2,6.703282612903557
27,3,8.121806349853792
27,4,24.438178860685515
27,5,26.892080543011794
27,6,24.204780224345964
27,7,24.605857786744142
27,8,34.640674239745856
27,9,38.89726768844366
27,10,24.305699188199142
27,11,15.372171569330796
27,12,38.960206846984676
27,13,28.184981527639977
27,14,36.45893029668966
27,15,41.35869480219142
27,16,40.59323187471342
27,17,39.55693682535357
27,18,39.306349064449435
27,19,29.88913877391899
27,20,33.629360863598464
27,21,34.85552654533104
27,22,43.3622992306166
27,23,1.422470744463146
27,24,6.324926043050778
27,25,10.2150292833343
27,26,7.890258955929173
27,27,0.0
27,28,1.0750021410335395
27,29,1.357362706420316
27,30,42.79093840508679
27,31,0.5443490414531712
27,32,0.7851882487579288
28,0,10.22575387443411
28,1,13.777625216260283
28,2,6.188012074879203
28,3,7.621063888146886
28,4,23.474409286901498
28,5,25.89524224273335
28,6,23.172861861352867
28,7,23.619437488797885
28,8,33.57076365800428
28,9,37.82237699167262
28,10,23.231277901869074
28,11,14.298003406784714
28,12,37.91789910148993
28,13,27.110604933749848
28,14,35.39598094756757
28,15,40.302305502061
28,16,39.53172815854149
28,17,38.49121828691493
28,18,38.238749507272665
28,19,28.83020737033926
28,20,32.5762665073433
28,21,33.79748333189145
28,22,42.319611765130645
28,23,1.4277629482093075
28,24,5.827385065270958
28,25,10.076031621223667
28,26,7.794296998375595
28,27,1.0750021410335395
28,28,0.0
28,29,0.717422557120687
28,30,41.75413840099104
28,31,1.1316449968664863
28,32,1.2097617402969532
29,0,9.726419278224721
29,1,13.475089043660738
29,2,5.509988137846406
29,3,6.941646590370056
29,4,23.088480665954613
29,5,25.556838581389066
29,6,22.90122548650028
29,7,23.26513280635873
29,8,33.42745566102491
29,9,37.75864783908873
29,10,23.18573738454455
29,11,14.264751513239947
29,12,37.668997433400676
29,13,27.06422428826748
29,14,35.431199778898815
29,15,40.36269733966347
29,16,39.57224719863662
29,17,38.512319159985346
29,18,38.24968078205789
29,19,28.88452627161645
29,20,32.65028369964317
29,21,33.85346053475723
29,22,42.42233856066503
29,23,0.8708482672463217
29,24,5.143861482156438
29,25,10.781487761591386
29,26,8.505909150221463
29,27,1.357362706420316
29,28,0.717422557120687
29,29,0.0
29,30,41.872431720092536
29,31,1.0894099695288737
29,32,1.0132023988961236
30,0,36.65594327607317
30,1,31.39787902201277
30,2,41.187391770321355
30,3,41.18374343077254
30,4,28.459208151881658
30,5,25.918853271384453
30,6,24.90068339304595
30,7,27.30201640380564
30,8,15.348653524360614
30,9,10.281282753591308
30,10,19.825421428013737
30,11,27.993423919308032
30,12,19.629568562424435
30,13,16.47433168306806
30,14,7.663688337680064
30,15,3.4490467980988924
30,16,4.719614338594814
30,17,6.089510469262919
30,18,6.6619817426478365
30,19,13.292339831378177
30,20,9.453745023146665
30,21,8.570100877590095
30,22,1.023981434897419
30,23,42.643901195409065
30,24,41.33901251076689
30,25,39.309104904566574
30,26,40.11207452091401
30,27,42.79093840508679
30,28,41.75413840099104
30,29,41.872431720092536
30,30,0.0
30,31,42.85772549656194
30,32,42.86030780914622
31,0,10.70840525742559
31,1,14.55475118276269
31,2,6.211300487249763
31,3,7.622657021308672
31,4,24.136408102178127
31,5,26.623892057875715
31,6,23.98522961279892
31,7,24.326785541301447
31,8,34.51339508539957
31,9,38.82853481509968
31,10,24.249125915588092
31,11,15.322395027467802
31,12,38.75551061255622
31,13,28.1282475657124
31,14,36.4630957265991
31,15,41.38210024163256
31,16,40.60177842206224
31,17,39.55096993621198
31,18,39.29282213625626
31,19,29.9064256805946
31,20,33.66184851710609
31,21,34.87484893118708
31,22,43.4175150566561
31,23,0.9020747869332058
31,24,5.829955797845067
31,25,10.731696672723835
31,26,8.411211351893956
31,27,0.5443490414531712
31,28,1.1316449968664863
31,29,1.0894099695288737
31,30,42.85772549656194
31,31,0.0
31,32,0.24204598569335756
32,0,10.527224275355099
32,1,14.428291498780341
32,2,5.983696746034389
32,3,7.392084839281155
32,4,23.98139061785412
32,5,26.482589287730224
32,6,23.864718454475085
32,7,24.181181188502453
32,8,34.43126685000454
32,9,38.77148559846095
32,10,24.19892902269385
32,11,15.27747507813515
32,12,38.640001663810665
32,13,28.07742598091122
32,14,36.438250911464294
32,15,41.36543276696387
32,16,40.57857368364146
32,17,39.52141891199955
32,18,39.25995325629326
32,19,29.88801726825495
32,20,33.649807463862935
32,21,34.85685119334797
32,22,43.41488925754684
32,23,0.6707437355540913
32,24,5.601367548298173
32,25,10.951938797455377
32,26,8.63421695260302
32,27,0.7851882487579288
32,28,1.2097617402969532
32,29,1.0132023988961236
32,30,42.86030780914622
32,31,0.24204598569335756
32,32,0.0
