source_id,target_id,rtt
0,0,0.0
0,1,4.1468497057312055
0,2,3.3342728732563276
0,3,1.445082079962604
0,4,4.361735726781445
0,5,20.9233551032069
0,6,1.2988416681142185
0,7,2.9036834634268507
0,8,21.59579966937469
0,9,10.729880190311397
0,10,87.64685941552094
0,11,87.64685941552094
0,12,87.64685941552094
0,13,87.64685941552094
0,14,87.64685941552094
0,15,87.64685941552094
0,17,87.64685941552094
0,18,16.085140422533794
0,19,13.933930965637291
0,20,12.230985488659773
0,21,5.568715217949971
0,23,87.64685941552094
0,24,14.961974358712164
0,25,16.472325885061053
0,26,5.525550167133931
0,29,87.64685941552094
0,30,40.57857368364146
0,31,38.505418895797916
0,32,25.386127017873136
0,33,16.715107266615057
0,34,10.713307413939306
0,35,5.775381432732477
1,0,4.1468497057312055
1,1,0.0
1,2,3.893252366629619
1,3,3.163898005626232
1,4,7.762359290980099
1,5,17.240795787269775
1,6,5.076164703001614
1,7,6.309125432965918
1,8,18.325349987738598
1,9,8.411051725521899
1,10,91.79351191068504
1,11,91.79351191068504
1,12,91.79351191068504
1,13,91.79351191068504
1,14,91.79351191068504
1,15,91.79351191068504
1,17,91.79351191068504
1,18,15.950688467033311
1,19,13.318900344585254
1,20,11.360240065963959
1,21,5.334706795889705
1,23,91.79351191068504
1,24,14.098898652722594
1,25,16.3388379434213
1,26,1.4700668539868662
1,29,91.79351191068504
1,30,36.438250911464294
1,31,34.3759011884177
1,32,21.239280883782104
1,33,12.598525013914456
1,34,6.607441036367762
1,35,1.8532357250145681
2,0,3.3342728732563276
2,1,3.893252366629619
2,2,0.0
2,3,2.0712593701977084
2,4,7.6452132617603095
2,5,18.362500608507528
2,6,4.614787096379682
2,7,6.223906638281873
2,8,18.68655931788635
2,9,7.565346636274502
2,10,89.21587206598262
2,11,89.21587206598262
2,12,89.21587206598262
2,13,89.21587206598262
2,14,89.21587206598262
2,15,89.21587206598262
2,17,89.21587206598262
2,18,12.98313889660131
2,19,10.685785447115283
2,20,8.927398797690792
2,21,2.246668577962588
2,23,89.21587206598262
2,24,11.67561924154049
2,25,13.373518733006431
2,26,5.259675403308306
2,29,89.21587206598262
2,30,39.25289115640253
2,31,36.764256452653875
2,32,23.9755765527276
2,33,15.07827120604269
2,34,9.949020885836246
2,35,5.704694329987153
3,0,1.445082079962604
3,1,3.163898005626232
3,2,2.0712593701977084
3,3,0.0
3,4,5.793357166233927
3,5,19.52814502146768
3,6,2.731420502830174
3,7,4.317477006215143
3,8,20.15607650126382
3,9,9.29714098609887
3,10,88.75722938872457
3,11,88.75722938872457
3,12,88.75722938872457
3,13,88.75722938872457
3,14,88.75722938872457
3,15,88.75722938872457
3,17,88.75722938872457
3,18,15.033947531430872
3,19,12.756992445542105
3,20,10.988624934448096
3,21,4.308379867816545
3,23,88.75722938872457
3,24,13.74178822074426
3,25,15.423799364554332
3,26,4.6270004621225915
3,29,88.75722938872457
3,30,39.52141891199955
3,31,37.319810383843226
3,32,24.285521574841336
3,33,15.52687501004604
3,34,9.757316433484851
3,35,4.964038666959915
4,0,4.361735726781445
4,1,7.762359290980099
4,2,7.6452132617603095
4,3,5.793357166233927
4,4,0.0
4,5,24.978783858148905
4,6,3.0639462196638463
4,7,1.4985630214863075
4,8,25.851775699587133
4,9,15.089627418407408
4,10,84.79778102893631
4,11,84.79778102893631
4,12,84.79778102893631
4,13,84.79778102893631
4,14,84.79778102893631
4,15,84.79778102893631
4,17,84.79778102893631
4,18,19.897849305593553
4,19,17.987534482206662
4,20,16.398108404395405
4,21,9.830238213064408
4,23,84.79778102893631
4,24,19.077556859817605
4,25,20.27583368133095
4,26,8.80624542025567
4,29,84.79778102893631
4,30,43.41488925754684
4,31,41.77103761468218
4,32,28.459230013926447
4,33,20.150777736957384
4,34,13.70147257624713
4,35,8.860278185223645
5,0,20.9233551032069
5,1,17.240795787269775
5,2,18.362500608507528
5,3,19.52814502146768
5,4,24.978783858148905
5,5,0.0
5,6,22.102038705180583
5,7,23.499403045222962
5,8,3.6336910833204548
5,9,11.609877544360785
5,10,106.62721025592869
5,11,106.62721025592869
5,12,106.62721025592869
5,13,106.62721025592869
5,14,106.62721025592869
5,15,106.62721025592869
5,17,106.62721025592869
5,18,17.756240406912777
5,19,15.503169839516648
5,20,14.624963526443569
5,21,17.02537978062113
5,23,106.62721025592869
5,24,14.789132073356335
5,25,17.901269641683932
5,26,16.4161287106148
5,29,106.62721025592869
5,30,23.864718454475085
5,31,19.945830299780674
5,32,10.667633250256875
5,33,7.320621744988065
5,34,12.938096758300642
5,35,16.52315729355865
6,0,1.2988416681142185
6,1,5.076164703001614
6,2,4.614787096379682
6,3,2.731420502830174
6,4,3.0639462196638463
6,5,22.102038705180583
6,6,0.0
6,7,1.6095837169667648
6,8,22.848593685931807
6,9,12.025922493876049
6,10,86.82811696301498
6,11,86.82811696301498
6,12,86.82811696301498
6,13,86.82811696301498
6,14,86.82811696301498
6,15,86.82811696301498
6,17,86.82811696301498
6,18,17.215424049064637
6,19,15.139736901593126
6,20,13.472153578857199
6,21,6.8340629868467095
6,23,86.82811696301498
6,24,16.188835752014867
6,25,17.60023003792631
6,26,6.337378248846292
6,29,86.82811696301498
6,30,41.36543276696387
6,31,39.42871868556034
6,32,26.2331747635705
6,33,17.66831199678352
6,34,11.479149278444435
6,35,6.510938491507398
7,0,2.9036834634268507
7,1,6.309125432965918
7,2,6.223906638281873
7,3,4.317477006215143
7,4,1.4985630214863075
7,5,23.499403045222962
7,6,1.6095837169667648
7,7,0.0
7,8,24.353344842518755
7,9,13.613290868169326
7,10,85.96880730304818
7,11,85.96880730304818
7,12,85.96880730304818
7,13,85.96880730304818
7,14,85.96880730304818
7,15,85.96880730304818
7,17,85.96880730304818
7,18,18.718483074147453
7,19,16.7039635671474
7,20,15.060983981181648
7,21,8.438337739240826
7,23,85.96880730304818
7,24,17.767236573656817
7,25,19.100852618261786
7,26,7.414746519653942
7,29,85.96880730304818
7,30,42.221352675462754
7,31,40.4649825664455
7,32,27.189819095724314
7,33,18.783394589177696
7,34,12.41070687821737
7,35,7.504446872041092
8,0,21.59579966937469
8,1,18.325349987738598
8,2,18.68655931788635
8,3,20.15607650126382
8,4,25.851775699587133
8,5,3.6336910833204548
8,6,22.848593685931807
8,7,24.353344842518755
8,8,0.0
8,9,11.296030758061224
8,10,105.44139374139844
8,11,105.44139374139844
8,12,105.44139374139844
8,13,105.44139374139844
8,14,105.44139374139844
8,15,105.44139374139844
8,17,105.44139374139844
8,18,15.503382849326153
8,19,13.664415882901638
8,20,13.224832282248618
8,21,17.00618892957341
8,23,105.44139374139844
8,24,12.74498554801033
8,25,15.584188920493375
8,26,17.758027580242917
8,29,105.44139374139844
8,30,26.482589287730224
8,31,22.107610556589055
8,32,14.159961084871734
8,33,10.438364332897606
8,34,15.144463074446293
8,35,17.95695422002586
9,0,10.729880190311397
9,1,8.411051725521899
9,2,7.565346636274502
9,3,9.29714098609887
9,4,15.089627418407408
9,5,11.609877544360785
9,6,12.025922493876049
9,7,13.613290868169326
9,8,11.296030758061224
9,9,0.0
9,10,95.06139831514633
9,11,95.06139831514633
9,12,95.06139831514633
9,13,95.06139831514633
9,14,95.06139831514633
9,15,95.06139831514633
9,17,95.06139831514633
9,18,9.429634619656868
9,19,6.473676180556338
9,20,4.5977678693808
9,21,5.7227046364312715
9,23,95.06139831514633
9,24,6.7204980389252205
9,25,9.762933447312628
9,26,8.551973227047803
9,29,95.06139831514633
9,30,34.43126685000454
9,31,31.159726504725874
9,32,19.504215529404235
9,33,10.94075141892899
9,34,9.467968989912421
9,35,8.953303934727092
10,0,87.64685941552094
10,1,91.79351191068504
10,2,89.21587206598262
10,3,88.75722938872457
10,4,84.79778102893631
10,5,106.62721025592869
10,6,86.82811696301498
10,7,85.96880730304818
10,8,105.44139374139844
10,9,95.06139831514633
10,10,0.0
10,11,0.0
10,12,0.0
10,13,0.0
10,14,0.0
10,15,0.0
10,17,0.0
10,18,90.40801148510613
10,19,91.82780004592715
10,20,92.24127580616677
10,21,90.0115323203857
10,23,0.0
10,24,92.84033596810751
10,25,90.42891645144665
10,26,93.14685562709889
10,29,0.0
10,30,128.18619069057817
10,31,125.97151471419514
10,32,113.03207103225486
10,33,104.25475105053775
10,34,98.30718808596514
10,35,93.33893374519751
11,0,87.64685941552094
11,1,91.79351191068504
11,2,89.21587206598262
11,3,88.75722938872457
11,4,84.79778102893631
11,5,106.62721025592869
11,6,86.82811696301498
11,7,85.96880730304818
11,8,105.44139374139844
11,9,95.06139831514633
11,10,0.0
11,11,0.0
11,12,0.0
11,13,0.0
11,14,0.0
11,15,0.0
11,17,0.0
11,18,90.40801148510613
11,19,91.82780004592715
11,20,92.24127580616677
11,21,90.0115323203857
11,23,0.0
11,24,92.84033596810751
11,25,90.42891645144665
11,26,93.14685562709889
11,29,0.0
11,30,128.18619069057817
11,31,125.97151471419514
11,32,113.03207103225486
11,33,104.25475105053775
11,34,98.30718808596514
11,35,93.33893374519751
12,0,87.64685941552094
12,1,91.79351191068504
12,2,89.21587206598262
12,3,88.75722938872457
12,4,84.79778102893631
12,5,106.62721025592869
12,6,86.82811696301498
12,7,85.96880730304818
12,8,105.44139374139844
12,9,95.06139831514633
12,10,0.0
12,11,0.0
12,12,0.0
12,13,0.0
12,14,0.0
12,15,0.0
12,17,0.0
12,18,90.40801148510613
12,19,91.82780004592715
12,20,92.24127580616677
12,21,90.0115323203857
12,23,0.0
12,24,92.84033596810751
12,25,90.42891645144665
12,26,93.14685562709889
12,29,0.0
12,30,128.18619069057817
12,31,125.97151471419514
12,32,113.03207103225486
12,33,104.25475105053775
12,34,98.30718808596514
12,35,93.33893374519751
13,0,87.64685941552094
13,1,91.79351191068504
13,2,89.21587206598262
13,3,88.75722938872457
13,4,84.79778102893631
13,5,106.62721025592869
13,6,86.82811696301498
13,7,85.96880730304818
13,8,105.44139374139844
13,9,95.06139831514633
13,10,0.0
13,11,0.0
13,12,0.0
13,13,0.0
13,14,0.0
13,15,0.0
13,17,0.0
13,18,90.40801148510613
13,19,91.82780004592715
13,20,92.24127580616677
13,21,90.0115323203857
13,23,0.0
13,24,92.84033596810751
13,25,90.42891645144665
13,26,93.14685562709889
13,29,0.0
13,30,128.18619069057817
13,31,125.97151471419514
13,32,113.03207103225486
13,33,104.25475105053775
13,34,98.30718808596514
13,35,93.33893374519751
14,0,87.64685941552094
14,1,91.79351191068504
14,2,89.21587206598262
14,3,88.75722938872457
14,4,84.79778102893631
14,5,106.62721025592869
14,6,86.82811696301498
14,7,85.96880730304818
14,8,105.44139374139844
14,9,95.06139831514633
14,10,0.0
14,11,0.0
14,12,0.0
14,13,0.0
14,14,0.0
14,15,0.0
14,17,0.0
14,18,90.40801148510613
14,19,91.82780004592715
14,20,92.24127580616677
14,21,90.0115323203857
14,23,0.0
14,24,92.84033596810751
14,25,90.42891645144665
14,26,93.14685562709889
14,29,0.0
14,30,128.18619069057817
14,31,125.97151471419514
14,32,113.03207103225486
14,33,104.25475105053775
14,34,98.30718808596514
14,35,93.33893374519751
15,0,87.64685941552094
15,1,91.79351191068504
15,2,89.21587206598262
15,3,88.75722938872457
15,4,84.79778102893631
15,5,106.62721025592869
15,6,86.82811696301498
15,7,85.96880730304818
15,8,105.44139374139844
15,9,95.06139831514633
15,10,0.0
15,11,0.0
15,12,0.0
15,13,0.0
15,14,0.0
15,15,0.0
15,17,0.0
15,18,90.40801148510613
15,19,91.82780004592715
15,20,92.24127580616677
15,21,90.0115323203857
15,23,0.0
15,24,92.84033596810751
15,25,90.42891645144665
15,26,93.14685562709889
15,29,0.0
15,30,128.18619069057817
15,31,125.97151471419514
15,32,113.03207103225486
15,33,104.25475105053775
15,34,98.30718808596514
15,35,93.33893374519751
17,0,87.64685941552094
17,1,91.79351191068504
17,2,89.21587206598262
17,3,88.75722938872457
17,4,84.79778102893631
17,5,106.62721025592869
17,6,86.82811696301498
17,7,85.96880730304818
17,8,105.44139374139844
17,9,95.06139831514633
17,10,0.0
17,11,0.0
17,12,0.0
17,13,0.0
17,14,0.0
17,15,0.0
17,17,0.0
17,18,90.40801148510613
17,19,91.82780004592715
17,20,92.24127580616677
17,21,90.0115323203857
17,23,0.0
17,24,92.84033596810751
17,25,90.42891645144665
17,26,93.14685562709889
17,29,0.0
17,30,128.18619069057817
17,31,125.97151471419514
17,32,113.03207103225486
17,33,104.25475105053775
17,34,98.30718808596514
17,35,93.33893374519751
18,0,16.085140422533794
18,1,15.950688467033311
18,2,12.98313889660131
18,3,15.033947531430872
18,4,19.897849305593553
18,5,17.756240406912777
18,6,17.215424049064637
18,7,18.718483074147453
18,8,15.503382849326153
18,9,9.429634619656868
18,10,90.40801148510613
18,11,90.40801148510613
18,12,90.40801148510613
18,13,90.40801148510613
18,14,90.40801148510613
18,15,90.40801148510613
18,17,90.40801148510613
18,18,0.0
18,19,2.9561606178275115
18,20,4.918742542589829
18,21,10.84477103031669
18,23,90.40801148510613
18,24,3.067518332736665
18,25,0.3909620578223826
18,26,16.712117033167527
18,29,90.40801148510613
18,30,41.62078677351365
18,31,37.54267483438563
18,32,27.590831062994653
18,33,19.801113868807676
18,34,18.822674998838774
18,35,17.188938670706808
19,0,13.933930965637291
19,1,13.318900344585254
19,2,10.685785447115283
19,3,12.756992445542105
19,4,17.987534482206662
19,5,15.503169839516648
19,6,15.139736901593126
19,7,16.7039635671474
19,8,13.664415882901638
19,9,6.473676180556338
19,10,91.82780004592715
19,11,91.82780004592715
19,12,91.82780004592715
19,13,91.82780004592715
19,14,91.82780004592715
19,15,91.82780004592715
19,17,91.82780004592715
19,18,2.9561606178275115
19,19,0.0
19,20,2.0161862458276887
19,21,8.461364279317015
19,23,91.82780004592715
19,24,1.2468950922255584
19,25,3.2956206560253736
19,26,13.97316042096841
19,29,91.82780004592715
19,30,39.295271408968205
19,31,35.430165927245135
19,32,24.97276215268283
19,33,16.967284253904857
19,34,15.877734510407922
19,35,14.441136219432071
20,0,12.230985488659773
20,1,11.360240065963959
20,2,8.927398797690792
20,3,10.988624934448096
20,4,16.398108404395405
20,5,14.624963526443569
20,6,13.472153578857199
20,7,15.060983981181648
20,8,13.224832282248618
20,9,4.5977678693808
20,10,92.24127580616677
20,11,92.24127580616677
20,12,92.24127580616677
20,13,92.24127580616677
20,14,92.24127580616677
20,15,92.24127580616677
20,17,92.24127580616677
20,18,4.918742542589829
20,19,2.0161862458276887
20,20,0.0
20,21,6.681587281195184
20,23,92.24127580616677
20,24,2.7688511603194734
20,25,5.276666959029608
20,26,11.974938493605757
20,29,92.24127580616677
20,30,38.2119026525244
20,31,34.55682506608306
20,32,23.621704470511485
20,33,15.358719758702744
20,34,13.909497334731663
20,35,12.440061134755352
21,0,5.568715217949971
21,1,5.334706795889705
21,2,2.246668577962588
21,3,4.308379867816545
21,4,9.830238213064408
21,5,17.02537978062113
21,6,6.8340629868467095
21,7,8.438337739240826
21,8,17.00618892957341
21,9,5.7227046364312715
21,10,90.0115323203857
21,11,90.0115323203857
21,12,90.0115323203857
21,13,90.0115323203857
21,14,90.0115323203857
21,15,90.0115323203857
21,17,90.0115323203857
21,18,10.84477103031669
21,19,8.461364279317015
21,20,6.681587281195184
21,21,0.0
21,23,90.0115323203857
21,24,9.433474421367272
21,25,11.235731349139403
21,26,6.425370840049559
21,29,90.0115323203857
21,30,38.77148559846095
21,31,35.98310351501117
21,32,23.531940649493336
21,33,14.601218228709167
21,34,10.334802318023987
21,35,6.911087941133779
23,0,87.64685941552094
23,1,91.79351191068504
23,2,89.21587206598262
23,3,88.75722938872457
23,4,84.79778102893631
23,5,106.62721025592869
23,6,86.82811696301498
23,7,85.96880730304818
23,8,105.44139374139844
23,9,95.06139831514633
23,10,0.0
23,11,0.0
23,12,0.0
23,13,0.0
23,14,0.0
23,15,0.0
23,17,0.0
23,18,90.40801148510613
23,19,91.82780004592715
23,20,92.24127580616677
23,21,90.0115323203857
23,23,0.0
23,24,92.84033596810751
23,25,90.42891645144665
23,26,93.14685562709889
23,29,0.0
23,30,128.18619069057817
23,31,125.97151471419514
23,32,113.03207103225486
23,33,104.25475105053775
23,34,98.30718808596514
23,35,93.33893374519751
24,0,14.961974358712164
24,1,14.098898652722594
24,2,11.67561924154049
24,3,13.74178822074426
24,4,19.077556859817605
24,5,14.789132073356335
24,6,16.188835752014867
24,7,17.767236573656817
24,8,12.74498554801033
24,9,6.7204980389252205
24,10,92.84033596810751
24,11,92.84033596810751
24,12,92.84033596810751
24,13,92.84033596810751
24,14,92.84033596810751
24,15,92.84033596810751
24,17,92.84033596810751
24,18,3.067518332736665
24,19,1.2468950922255584
24,20,2.7688511603194734
24,21,9.433474421367272
24,23,92.84033596810751
24,24,0.0
24,25,3.3053290388344276
24,26,14.655852790557793
24,29,92.84033596810751
24,30,38.640001663810665
24,31,34.65798154825951
24,32,24.5265384263804
24,33,16.77319058904541
24,34,16.188436240532056
24,35,15.112410300853949
25,0,16.472325885061053
25,1,16.3388379434213
25,2,13.373518733006431
25,3,15.423799364554332
25,4,20.27583368133095
25,5,17.901269641683932
25,6,17.60023003792631
25,7,19.100852618261786
25,8,15.584188920493375
25,9,9.762933447312628
25,10,90.42891645144665
25,11,90.42891645144665
25,12,90.42891645144665
25,13,90.42891645144665
25,14,90.42891645144665
25,15,90.42891645144665
25,17,90.42891645144665
25,18,0.3909620578223826
25,19,3.2956206560253736
25,20,5.276666959029608
25,21,11.235731349139403
25,23,90.42891645144665
25,24,3.3053290388344276
25,25,0.0
25,26,17.095508739957168
25,29,90.42891645144665
25,30,41.76480803571543
25,31,37.64856934840638
25,32,27.80064016768287
25,33,20.070303044784747
25,34,19.171902717983585
25,35,17.571836631481453
26,0,5.525550167133931
26,1,1.4700668539868662
26,2,5.259675403308306
26,3,4.6270004621225915
26,4,8.80624542025567
26,5,16.4161287106148
26,6,6.337378248846292
26,7,7.414746519653942
26,8,17.758027580242917
26,9,8.551973227047803
26,10,93.14685562709889
26,11,93.14685562709889
26,12,93.14685562709889
26,13,93.14685562709889
26,14,93.14685562709889
26,15,93.14685562709889
26,17,93.14685562709889
26,18,16.712117033167527
26,19,13.97316042096841
26,20,11.974938493605757
26,21,6.425370840049559
26,23,93.14685562709889
26,24,14.655852790557793
26,25,17.095508739957168
26,26,0.0
26,29,93.14685562709889
26,30,35.061898532725785
26,31,33.09821232953571
26,32,19.899375763275117
26,33,11.3713339268723
26,34,5.187837790620691
26,35,0.4885489920133291
29,0,87.64685941552094
29,1,91.79351191068504
29,2,89.21587206598262
29,3,88.75722938872457
29,4,84.79778102893631
29,5,106.62721025592869
29,6,86.82811696301498
29,7,85.96880730304818
29,8,105.44139374139844
29,9,95.06139831514633
29,10,0.0
29,11,0.0
29,12,0.0
29,13,0.0
29,14,0.0
29,15,0.0
29,17,0.0
29,18,90.40801148510613
29,19,91.82780004592715
29,20,92.24127580616677
29,21,90.0115323203857
29,23,0.0
29,24,92.84033596810751
29,25,90.42891645144665
29,26,93.14685562709889
29,29,0.0
29,30,128.18619069057817
29,31,125.97151471419514
29,32,113.03207103225486
29,33,104.25475105053775
29,34,98.30718808596514
29,35,93.33893374519751
30,0,40.57857368364146
30,1,36.438250911464294
30,2,39.25289115640253
30,3,39.52141891199955
30,4,43.41488925754684
30,5,23.864718454475085
30,6,41.36543276696387
30,7,42.221352675462754
30,8,26.482589287730224
30,9,34.43126685000454
30,10,128.18619069057817
30,11,128.18619069057817
30,12,128.18619069057817
30,13,128.18619069057817
30,14,128.18619069057817
30,15,128.18619069057817
30,17,128.18619069057817
30,18,41.62078677351365
30,19,39.295271408968205
30,20,38.2119026525244
30,21,38.77148559846095
30,23,128.18619069057817
30,24,38.640001663810665
30,25,41.76480803571543
30,26,35.061898532725785
30,29,128.18619069057817
30,30,0.0
30,31,5.601367548298173
30,32,15.27747507813515
30,33,24.19892902269385
30,34,29.88801726825495
30,35,34.85685119334797
31,0,38.505418895797916
31,1,34.3759011884177
31,2,36.764256452653875
31,3,37.319810383843226
31,4,41.77103761468218
31,5,19.945830299780674
31,6,39.42871868556034
31,7,40.4649825664455
31,8,22.107610556589055
31,9,31.159726504725874
31,10,125.97151471419514
31,11,125.97151471419514
31,12,125.97151471419514
31,13,125.97151471419514
31,14,125.97151471419514
31,15,125.97151471419514
31,17,125.97151471419514
31,18,37.54267483438563
31,19,35.430165927245135
31,20,34.55682506608306
31,21,35.98310351501117
31,23,125.97151471419514
31,24,34.65798154825951
31,25,37.64856934840638
31,26,33.09821232953571
31,29,125.97151471419514
31,30,5.601367548298173
31,31,0.0
31,32,13.383704609035133
31,33,21.794947023401566
31,34,28.069565050612916
31,35,32.96759397898934
32,0,25.386127017873136
32,1,21.239280883782104
32,2,23.9755765527276
32,3,24.285521574841336
32,4,28.459230013926447
32,5,10.667633250256875
32,6,26.2331747635705
32,7,27.189819095724314
32,8,14.159961084871734
32,9,19.504215529404235
32,10,113.03207103225486
32,11,113.03207103225486
32,12,113.03207103225486
32,13,113.03207103225486
32,14,113.03207103225486
32,15,113.03207103225486
32,17,113.03207103225486
32,18,27.590831062994653
32,19,24.97276215268283
32,20,23.621704470511485
32,21,23.531940649493336
32,23,113.03207103225486
32,24,24.5265384263804
32,25,27.80064016768287
32,26,19.899375763275117
32,29,113.03207103225486
32,30,15.27747507813515
32,31,13.383704609035133
32,32,0.0
32,33,8.934219719910821
32,34,14.78057199743279
32,35,19.72967842187436
33,0,16.715107266615057
33,1,12.598525013914456
33,2,15.07827120604269
33,3,15.52687501004604
33,4,20.150777736957384
33,5,7.320621744988065
33,6,17.66831199678352
33,7,18.783394589177696
33,8,10.438364332897606
33,9,10.94075141892899
33,10,104.25475105053775
33,11,104.25475105053775
33,12,104.25475105053775
33,13,104.25475105053775
33,14,104.25475105053775
33,15,104.25475105053775
33,17,104.25475105053775
33,18,19.801113868807676
33,19,16.967284253904857
33,20,15.358719758702744
33,21,14.601218228709167
33,23,104.25475105053775
33,24,16.77319058904541
33,25,20.070303044784747
33,26,11.3713339268723
33,29,104.25475105053775
33,30,24.19892902269385
33,31,21.794947023401566
33,32,8.934219719910821
33,33,0.0
33,34,6.64826494978273
33,35,11.290615572441103
34,0,10.713307413939306
34,1,6.607441036367762
34,2,9.949020885836246
34,3,9.757316433484851
34,4,13.70147257624713
34,5,12.938096758300642
34,6,11.479149278444435
34,7,12.41070687821737
34,8,15.144463074446293
34,9,9.467968989912421
34,10,98.30718808596514
34,11,98.30718808596514
34,12,98.30718808596514
34,13,98.30718808596514
34,14,98.30718808596514
34,15,98.30718808596514
34,17,98.30718808596514
34,18,18.822674998838774
34,19,15.877734510407922
34,20,13.909497334731663
34,21,10.334802318023987
34,23,98.30718808596514
34,24,16.188436240532056
34,25,19.171902717983585
34,26,5.187837790620691
34,29,98.30718808596514
34,30,29.88801726825495
34,31,28.069565050612916
34,32,14.78057199743279
34,33,6.64826494978273
34,34,0.0
34,35,4.968945050667066
35,0,5.775381432732477
35,1,1.8532357250145681
35,2,5.704694329987153
35,3,4.964038666959915
35,4,8.860278185223645
35,5,16.52315729355865
35,6,6.510938491507398
35,7,7.504446872041092
35,8,17.95695422002586
35,9,8.953303934727092
35,10,93.33893374519751
35,11,93.33893374519751
35,12,93.33893374519751
35,13,93.33893374519751
35,14,93.33893374519751
35,15,93.33893374519751
35,17,93.33893374519751
35,18,17.188938670706808
35,19,14.441136219432071
35,20,12.440061134755352
35,21,6.911087941133779
35,23,93.33893374519751
35,24,15.112410300853949
35,25,17.571836631481453
35,26,0.4885489920133291
35,29,93.33893374519751
35,30,34.85685119334797
35,31,32.96759397898934
35,32,19.72967842187436
35,33,11.290615572441103
35,34,4.968945050667066
35,35,0.0
