source_id,target_id,rtt
0,0,0.0
0,1,3.5105022168290723
0,2,10.51796398916769
0,3,3.8287092370780638
0,4,15.371535232773008
0,5,20.716508601774123
0,6,7.462400320398519
0,7,11.58965480975963
0,8,25.314276471154926
0,9,23.804344185680776
0,10,23.162409604262187
0,11,20.014090470814818
0,12,15.12771221727887
0,13,10.158767166611803
0,14,15.639451801069225
0,15,16.980947942293437
0,16,20.047281990077167
0,17,22.04307826387709
0,18,29.932295806948503
0,19,18.609536533352976
0,20,29.716945193440004
0,21,32.051984289174335
0,22,34.97298419826065
0,23,23.194556935906597
0,24,18.424176526757385
0,25,12.444721936739894
0,26,18.481787627934313
0,27,24.17927341507028
1,0,3.5105022168290723
1,1,0.0
1,2,14.028466205996763
1,3,7.3392114539071365
1,4,18.882037449602084
1,5,24.227010818603198
1,6,10.972902537227592
1,7,15.100157026588704
1,8,26.016546605282972
1,9,20.2938419688517
1,10,19.651907387433113
1,11,16.503588253985747
1,12,11.617210000449795
1,13,6.64826494978273
1,14,12.128949584240152
1,15,13.470445725464364
1,16,16.536779773248092
1,17,18.532576047048014
1,18,30.00198046107573
1,19,18.679221187480202
1,20,26.20644297661093
1,21,28.54148207234526
1,22,35.04266885238787
1,23,19.684054719077523
1,24,14.913674309928314
1,25,8.934219719910821
1,26,14.97128541110524
1,27,24.248958069197506
2,0,10.51796398916769
2,1,14.028466205996763
2,2,0.0
2,3,6.689254752089626
2,4,10.964698581143661
2,5,16.30967195014478
2,6,3.0555636687691714
2,7,7.182818158130283
2,8,20.907439819525578
2,9,26.63014445595685
2,10,33.68037359342988
2,11,30.532054459982508
2,12,25.64567620644656
2,13,20.676731155779493
2,14,14.641844147425338
2,15,27.498911931461127
2,16,30.387206651560454
2,17,32.38300292536038
2,18,19.414331817780813
2,19,8.091572544185286
2,20,35.10879726845478
2,21,33.55459622899319
2,22,24.455020209092957
2,23,28.586409010921372
2,24,23.81602860177216
2,25,17.83657401175467
2,26,11.79950832056025
2,27,13.66130942590259
3,0,3.8287092370780638
3,1,7.3392114539071365
3,2,6.689254752089626
3,3,0.0
3,4,11.542825995694944
3,5,16.88779936469606
3,6,3.6336910833204548
3,7,7.760945572681566
3,8,21.48556723407686
3,9,27.20827187050813
3,10,26.991118841340253
3,11,23.84279970789288
3,12,18.95642145435693
3,13,13.987476403689866
3,14,19.468161038147286
3,15,20.8096571793715
3,16,23.87599122715523
3,17,25.87178750095515
3,18,26.10358656987044
3,19,14.780827296274913
3,20,33.54565443051807
3,21,35.8806935262524
3,22,31.14427496118258
3,23,27.02326617298466
3,24,22.25288576383545
3,25,16.273431173817958
3,26,18.488763072649874
3,27,20.35056417799222
4,0,15.371535232773008
4,1,18.882037449602084
4,2,10.964698581143661
4,3,11.542825995694944
4,4,0.0
4,5,5.344973369001116
4,6,7.9091349123744905
4,7,3.7818804230133787
4,8,9.942741238381917
4,9,15.665445874813187
4,10,22.717146012330936
4,11,25.865465145778305
4,12,24.342077843215094
4,13,25.530302399384812
4,14,25.606542728569
4,15,22.488842118200527
4,16,19.422508070416796
4,17,21.41830434421672
4,18,30.379030398924474
4,19,19.056271125328948
4,20,45.08848042621301
4,21,44.519294810136856
4,22,35.419718790236615
4,23,38.5660921686796
4,24,33.79571175953039
4,25,27.8162571695129
4,26,22.76420690170391
4,27,24.626008007046252
5,0,20.716508601774123
5,1,24.227010818603198
5,2,16.30967195014478
5,3,16.88779936469606
5,4,5.344973369001116
5,5,0.0
5,6,13.254108281375608
5,7,9.126853792014495
5,8,4.5977678693808
5,9,10.320472505812072
5,10,17.37217264332982
5,11,20.520491776777188
5,12,18.997104474213977
5,13,23.966049524881043
5,14,30.951516097570117
5,15,17.14386874919941
5,16,14.07753470141568
5,17,16.0733309752156
5,18,35.72400376792559
5,19,24.401244494330065
5,20,50.43345379521413
5,21,49.86426817913797
5,22,40.76469215923773
5,23,43.91106553768072
5,24,39.14068512853151
5,25,33.16123053851402
5,26,28.10918027070503
5,27,29.97098137604737
6,0,7.462400320398519
6,1,10.972902537227592
6,2,3.0555636687691714
6,3,3.6336910833204548
6,4,7.9091349123744905
6,5,13.254108281375608
6,6,0.0
6,7,4.127254489361111
6,8,17.851876150756407
6,9,23.574580787187678
6,10,30.624809924660706
6,11,27.476490791213337
6,12,22.59011253767739
6,13,17.62116748701032
6,14,17.69740781619451
6,15,24.443348262691956
6,16,27.331642982791287
6,17,29.32743925659121
6,18,22.469895486549984
6,19,11.147136212954457
6,20,37.17934551383852
6,21,36.610159897762365
6,22,27.510583877862125
6,23,30.656957256305112
6,24,25.886576847155904
6,25,19.90712225713841
6,26,14.85507198932942
6,27,16.71687309467176
7,0,11.58965480975963
7,1,15.100157026588704
7,2,7.182818158130283
7,3,7.760945572681566
7,4,3.7818804230133787
7,5,9.126853792014495
7,6,4.127254489361111
7,7,0.0
7,8,13.724621661395297
7,9,19.447326297826567
7,10,26.499026435344312
7,11,29.647345568791682
7,12,26.7173670270385
7,13,21.748421976371432
7,14,21.82466230555562
7,15,26.270722541213903
7,16,23.204388493430173
7,17,25.200184767230095
7,18,26.597149975911094
7,19,15.274390702315568
7,20,41.306600003199634
7,21,40.73741438712348
7,22,31.63783836722324
7,23,34.78421174566623
7,24,30.013831336517015
7,25,24.03437674649952
7,26,18.98232647869053
7,27,20.844127584032872
8,0,25.314276471154926
8,1,26.016546605282972
8,2,20.907439819525578
8,3,21.48556723407686
8,4,9.942741238381917
8,5,4.5977678693808
8,6,17.851876150756407
8,7,13.724621661395297
8,8,0.0
8,9,5.7227046364312715
8,10,12.77440477394902
8,11,15.922723907396389
8,12,14.399336604833177
8,13,19.368281655500244
8,14,35.54928396695092
8,15,12.54610087981861
8,16,9.47976683203488
8,17,11.475563105834802
8,18,40.32177163730639
8,19,28.999012363710865
8,20,52.222989581893906
8,21,54.462036048518776
8,22,45.362460028618536
8,23,45.7006013243605
8,24,40.93022091521129
8,25,34.9507663251938
8,26,32.70694814008583
8,27,34.56874924542817
9,0,23.804344185680776
9,1,20.2938419688517
9,2,26.63014445595685
9,3,27.20827187050813
9,4,15.665445874813187
9,5,10.320472505812072
9,6,23.574580787187678
9,7,19.447326297826567
9,8,5.7227046364312715
9,9,0.0
9,10,7.051700137517748
9,11,10.200019270965116
9,12,8.676631968401907
9,13,13.645577019068972
9,14,32.422791553091855
9,15,6.823396243387338
9,16,3.7570621956036074
9,17,5.752858469403529
9,18,46.04447627373766
9,19,34.721717000142135
9,20,46.50028494546263
9,21,48.83532404119696
9,22,51.0851646650498
9,23,39.977896687929224
9,24,35.20751627878001
9,25,29.228061688762523
9,26,35.265127379956944
9,27,40.29145388185944
10,0,23.162409604262187
10,1,19.651907387433113
10,2,33.68037359342988
10,3,26.991118841340253
10,4,22.717146012330936
10,5,17.37217264332982
10,6,30.624809924660706
10,7,26.499026435344312
10,8,12.77440477394902
10,9,7.051700137517748
10,10,0.0
10,11,3.1483191334473686
10,12,8.034697386983318
10,13,13.003642437650385
10,14,31.780856971673263
10,15,6.3609719896978705
10,16,3.2946379419141403
10,17,1.2988416681142185
10,18,49.653887848508845
10,19,38.331128574913315
10,20,45.85835036404404
10,21,48.19338945977837
10,22,54.69457623982099
10,23,39.335962106510635
10,24,34.565581697361424
10,25,28.586127107343934
10,26,34.623192798538355
10,27,43.900865456630626
11,0,20.014090470814818
11,1,16.503588253985747
11,2,30.532054459982508
11,3,23.84279970789288
11,4,25.865465145778305
11,5,20.520491776777188
11,6,27.476490791213337
11,7,29.647345568791682
11,8,15.922723907396389
11,9,10.200019270965116
11,10,3.1483191334473686
11,11,0.0
11,12,4.886378253535949
11,13,9.855323304203015
11,14,28.632537838225897
11,15,6.739613978550517
11,16,6.442957075361509
11,17,4.447160801561587
11,18,46.50556871506147
11,19,35.18280944146595
11,20,42.71003123059668
11,21,45.04507032633101
11,22,51.546257106373616
11,23,36.18764297306327
11,24,31.41726256391406
11,25,25.437807973896568
11,26,31.47487366509099
11,27,40.75254632318325
12,0,15.12771221727887
12,1,11.617210000449795
12,2,25.64567620644656
12,3,18.95642145435693
12,4,24.342077843215094
12,5,18.997104474213977
12,6,22.59011253767739
12,7,26.7173670270385
12,8,14.399336604833177
12,9,8.676631968401907
12,10,8.034697386983318
12,11,4.886378253535949
12,12,0.0
12,13,4.968945050667066
12,14,23.746159584689945
12,15,1.8532357250145681
12,16,4.919569772798298
12,17,6.91536604659822
12,18,41.61919046152552
12,19,30.29643118793
12,20,37.823652977060725
12,21,40.158692072795056
12,22,46.659878852837664
12,23,31.301264719527317
12,24,26.53088431037811
12,25,20.551429720360616
12,26,26.588495411555037
12,27,35.8661680696473
13,0,10.158767166611803
13,1,6.64826494978273
13,2,20.676731155779493
13,3,13.987476403689866
13,4,25.530302399384812
13,5,23.966049524881043
13,6,17.62116748701032
13,7,21.748421976371432
13,8,19.368281655500244
13,9,13.645577019068972
13,10,13.003642437650385
13,11,9.855323304203015
13,12,4.968945050667066
13,13,0.0
13,14,18.77721453402288
13,15,6.822180775681634
13,16,9.888514823465364
13,17,11.884311097265286
13,18,36.65024541085846
13,19,25.327486137262934
13,20,32.85470792639366
13,21,35.18974702212799
13,22,41.690933802170605
13,23,26.33231966886025
13,24,21.561939259711043
13,25,15.582484669693551
13,26,21.61955036088797
13,27,30.897223018980238
14,0,15.639451801069225
14,1,12.128949584240152
14,2,14.641844147425338
14,3,19.468161038147286
14,4,25.606542728569
14,5,30.951516097570117
14,6,17.69740781619451
14,7,21.82466230555562
14,8,35.54928396695092
14,9,32.422791553091855
14,10,31.780856971673263
14,11,28.632537838225897
14,12,23.746159584689945
14,13,18.77721453402288
14,14,0.0
14,15,25.599395309704516
14,16,28.665729357488246
14,17,30.661525631288168
14,18,17.87303087683558
14,19,6.550271603240052
14,20,20.466953121029437
14,21,22.801992216763768
14,22,22.913719268147723
14,23,13.944564863496032
14,24,9.174184454346822
14,25,3.19472986432933
14,26,2.8423358268650896
14,27,12.120008484957356
15,0,16.980947942293437
15,1,13.470445725464364
15,2,27.498911931461127
15,3,20.8096571793715
15,4,22.488842118200527
15,5,17.14386874919941
15,6,24.443348262691956
15,7,26.270722541213903
15,8,12.54610087981861
15,9,6.823396243387338
15,10,6.3609719896978705
15,11,6.739613978550517
15,12,1.8532357250145681
15,13,6.822180775681634
15,14,25.599395309704516
15,15,0.0
15,16,3.06633404778373
15,17,5.062130321583652
15,18,43.47242618654009
15,19,32.14966691294457
15,20,39.676888702075296
15,21,42.011927797809626
15,22,48.513114577852235
15,23,33.15450044454189
15,24,28.38412003539268
15,25,22.404665445375187
15,26,28.441731136569608
15,27,37.71940379466187
16,0,20.047281990077167
16,1,16.536779773248092
16,2,30.387206651560454
16,3,23.87599122715523
16,4,19.422508070416796
16,5,14.07753470141568
16,6,27.331642982791287
16,7,23.204388493430173
16,8,9.47976683203488
16,9,3.7570621956036074
16,10,3.2946379419141403
16,11,6.442957075361509
16,12,4.919569772798298
16,13,9.888514823465364
16,14,28.665729357488246
16,15,3.06633404778373
16,16,0.0
16,17,1.995796273799922
16,18,46.53876023432382
16,19,35.216000960728294
16,20,42.74322274985903
16,21,45.07826184559336
16,22,51.57944862563596
16,23,36.22083449232562
16,24,31.45045408317641
16,25,25.470999493158917
16,26,31.508065184353335
16,27,40.7857378424456
17,0,22.04307826387709
17,1,18.532576047048014
17,2,32.38300292536038
17,3,25.87178750095515
17,4,21.41830434421672
17,5,16.0733309752156
17,6,29.32743925659121
17,7,25.200184767230095
17,8,11.475563105834802
17,9,5.752858469403529
17,10,1.2988416681142185
17,11,4.447160801561587
17,12,6.91536604659822
17,13,11.884311097265286
17,14,30.661525631288168
17,15,5.062130321583652
17,16,1.995796273799922
17,17,0.0
17,18,48.53455650812374
17,19,37.21179723452822
17,20,44.73901902365895
17,21,47.07405811939328
17,22,53.57524489943589
17,23,38.21663076612554
17,24,33.44625035697633
17,25,27.46679576695884
17,26,33.50386145815326
17,27,42.781534116245524
18,0,29.932295806948503
18,1,30.00198046107573
18,2,19.414331817780813
18,3,26.10358656987044
18,4,30.379030398924474
18,5,35.72400376792559
18,6,22.469895486549984
18,7,26.597149975911094
18,8,40.32177163730639
18,9,46.04447627373766
18,10,49.653887848508845
18,11,46.50556871506147
18,12,41.61919046152552
18,13,36.65024541085846
18,14,17.87303087683558
18,15,43.47242618654009
18,16,46.53876023432382
18,17,48.53455650812374
18,18,0.0
18,19,11.322759273595526
18,20,16.47530350694671
18,21,14.140264411212382
18,22,5.040688391312144
18,23,22.99769176448012
18,24,27.0472153311824
18,25,21.067760741164907
18,26,15.03069504997049
18,27,5.753022391878221
19,0,18.609536533352976
19,1,18.679221187480202
19,2,8.091572544185286
19,3,14.780827296274913
19,4,19.056271125328948
19,5,24.401244494330065
19,6,11.147136212954457
19,7,15.274390702315568
19,8,28.999012363710865
19,9,34.721717000142135
19,10,38.331128574913315
19,11,35.18280944146595
19,12,30.29643118793
19,13,25.327486137262934
19,14,6.550271603240052
19,15,32.14966691294457
19,16,35.216000960728294
19,17,37.21179723452822
19,18,11.322759273595526
19,19,0.0
19,20,27.017224724269493
19,21,25.463023684807908
19,22,16.36344766490767
19,23,20.494836466736086
19,24,15.724456057586874
19,25,9.74500146756938
19,26,3.7079357763749625
19,27,5.569736881717305
20,0,29.716945193440004
20,1,26.20644297661093
20,2,35.10879726845478
20,3,33.54565443051807
20,4,45.08848042621301
20,5,50.43345379521413
20,6,37.17934551383852
20,7,41.306600003199634
20,8,52.222989581893906
20,9,46.50028494546263
20,10,45.85835036404404
20,11,42.71003123059668
20,12,37.823652977060725
20,13,32.85470792639366
20,14,20.466953121029437
20,15,39.676888702075296
20,16,42.74322274985903
20,17,44.73901902365895
20,18,16.47530350694671
20,19,27.017224724269493
20,20,0.0
20,21,2.335039095734328
20,22,11.434615115634564
20,23,6.522388257533409
20,24,11.292768666682617
20,25,17.27222325670011
20,26,23.30928894789453
20,27,22.228325898824927
21,0,32.051984289174335
21,1,28.54148207234526
21,2,33.55459622899319
21,3,35.8806935262524
21,4,44.519294810136856
21,5,49.86426817913797
21,6,36.610159897762365
21,7,40.73741438712348
21,8,54.462036048518776
21,9,48.83532404119696
21,10,48.19338945977837
21,11,45.04507032633101
21,12,40.158692072795056
21,13,35.18974702212799
21,14,22.801992216763768
21,15,42.011927797809626
21,16,45.07826184559336
21,17,47.07405811939328
21,18,14.140264411212382
21,19,25.463023684807908
21,20,2.335039095734328
21,21,0.0
21,22,9.099576019900237
21,23,8.857427353267738
21,24,13.627807762416946
21,25,19.60726235243444
21,26,25.64432804362886
21,27,19.893286803090604
22,0,34.97298419826065
22,1,35.04266885238787
22,2,24.455020209092957
22,3,31.14427496118258
22,4,35.419718790236615
22,5,40.76469215923773
22,6,27.510583877862125
22,7,31.63783836722324
22,8,45.362460028618536
22,9,51.0851646650498
22,10,54.69457623982099
22,11,51.546257106373616
22,12,46.659878852837664
22,13,41.690933802170605
22,14,22.913719268147723
22,15,48.513114577852235
22,16,51.57944862563596
22,17,53.57524489943589
22,18,5.040688391312144
22,19,16.36344766490767
22,20,11.434615115634564
22,21,9.099576019900237
22,22,0.0
22,23,17.957003373167975
22,24,22.727383782317183
22,25,26.108449132477052
22,26,20.071383441282634
22,27,10.793710783190365
23,0,23.194556935906597
23,1,19.684054719077523
23,2,28.586409010921372
23,3,27.02326617298466
23,4,38.5660921686796
23,5,43.91106553768072
23,6,30.656957256305112
23,7,34.78421174566623
23,8,45.7006013243605
23,9,39.977896687929224
23,10,39.335962106510635
23,11,36.18764297306327
23,12,31.301264719527317
23,13,26.33231966886025
23,14,13.944564863496032
23,15,33.15450044454189
23,16,36.22083449232562
23,17,38.21663076612554
23,18,22.99769176448012
23,19,20.494836466736086
23,20,6.522388257533409
23,21,8.857427353267738
23,22,17.957003373167975
23,23,0.0
23,24,4.770380409149208
23,25,10.749834999166701
23,26,16.786900690361122
23,27,26.06457334845339
24,0,18.424176526757385
24,1,14.913674309928314
24,2,23.81602860177216
24,3,22.25288576383545
24,4,33.79571175953039
24,5,39.14068512853151
24,6,25.886576847155904
24,7,30.013831336517015
24,8,40.93022091521129
24,9,35.20751627878001
24,10,34.565581697361424
24,11,31.41726256391406
24,12,26.53088431037811
24,13,21.561939259711043
24,14,9.174184454346822
24,15,28.38412003539268
24,16,31.45045408317641
24,17,33.44625035697633
24,18,27.0472153311824
24,19,15.724456057586874
24,20,11.292768666682617
24,21,13.627807762416946
24,22,22.727383782317183
24,23,4.770380409149208
24,24,0.0
24,25,5.979454590017492
24,26,12.01652028121191
24,27,21.29419293930418
25,0,12.444721936739894
25,1,8.934219719910821
25,2,17.83657401175467
25,3,16.273431173817958
25,4,27.8162571695129
25,5,33.16123053851402
25,6,19.90712225713841
25,7,24.03437674649952
25,8,34.9507663251938
25,9,29.228061688762523
25,10,28.586127107343934
25,11,25.437807973896568
25,12,20.551429720360616
25,13,15.582484669693551
25,14,3.19472986432933
25,15,22.404665445375187
25,16,25.470999493158917
25,17,27.46679576695884
25,18,21.067760741164907
25,19,9.74500146756938
25,20,17.27222325670011
25,21,19.60726235243444
25,22,26.108449132477052
25,23,10.749834999166701
25,24,5.979454590017492
25,25,0.0
25,26,6.037065691194419
25,27,15.314738349286687
26,0,18.481787627934313
26,1,14.97128541110524
26,2,11.79950832056025
26,3,18.488763072649874
26,4,22.76420690170391
26,5,28.10918027070503
26,6,14.85507198932942
26,7,18.98232647869053
26,8,32.70694814008583
26,9,35.265127379956944
26,10,34.623192798538355
26,11,31.47487366509099
26,12,26.588495411555037
26,13,21.61955036088797
26,14,2.8423358268650896
26,15,28.441731136569608
26,16,31.508065184353335
26,17,33.50386145815326
26,18,15.03069504997049
26,19,3.7079357763749625
26,20,23.30928894789453
26,21,25.64432804362886
26,22,20.071383441282634
26,23,16.786900690361122
26,24,12.01652028121191
26,25,6.037065691194419
26,26,0.0
26,27,9.277672658092268
27,0,24.17927341507028
27,1,24.248958069197506
27,2,13.66130942590259
27,3,20.35056417799222
27,4,24.626008007046252
27,5,29.97098137604737
27,6,16.71687309467176
27,7,20.844127584032872
27,8,34.56874924542817
27,9,40.29145388185944
27,10,43.900865456630626
27,11,40.75254632318325
27,12,35.8661680696473
27,13,30.897223018980238
27,14,12.120008484957356
27,15,37.71940379466187
27,16,40.7857378424456
27,17,42.781534116245524
27,18,5.753022391878221
27,19,5.569736881717305
27,20,22.228325898824927
27,21,19.893286803090604
27,22,10.793710783190365
27,23,26.06457334845339
27,24,21.29419293930418
27,25,15.314738349286687
27,26,9.277672658092268
27,27,0.0
