source_id,target_id,rtt
0,0,0.0
0,1,2.2461686759758956
0,2,inf
0,3,1.6445778957136694
0,4,13.426120719105915
0,5,18.458353975587595
0,6,2.1753539256700845
0,7,8.374560923608303
0,8,4.89901237245679
0,9,8.342954815061589
0,10,167.20640896227164
0,11,75.62524472323766
0,12,67.29433715882936
0,13,82.2066685603839
0,14,104.28281679946478
0,15,105.41122116119308
0,16,99.84550849084698
0,17,138.45074659411256
0,18,112.53256905310153
0,19,69.71120170581194
0,20,64.14609544479322
0,21,9.692594928292596
0,22,inf
0,23,125.9202319664718
0,24,9.211885891686673
0,25,66.87000352319691
0,26,12.881540413618197
0,27,inf
0,28,11.038442574775933
0,29,inf
0,30,inf
0,31,15.77031985522816
0,32,21.003498339272944
0,33,inf
0,34,29.934868680474548
0,35,inf
0,36,128.05019422100807
0,37,inf
0,38,inf
1,0,2.2461686759758956
1,1,0.0
1,2,inf
1,3,3.890746571689565
1,4,14.650919028107722
1,5,19.683152284589404
1,6,2.501210592549229
1,7,10.620729599584198
1,8,4.107363101516611
1,9,7.55130554412141
1,10,166.41475969133145
1,11,74.83359545229747
1,12,66.50268788788918
1,13,81.41501928944372
1,14,103.4911675285246
1,15,104.61957189025291
1,16,99.0538592199068
1,17,137.65909732317238
1,18,111.74091978216134
1,19,68.91955243487178
1,20,63.35444617385304
1,21,8.900945657352416
1,22,inf
1,23,125.12858269553163
1,24,8.420236620746495
1,25,66.07835425225673
1,26,12.089891142678017
1,27,inf
1,28,10.246793303835755
1,29,inf
1,30,inf
1,31,14.978670584287979
1,32,20.211849068332764
1,33,inf
1,34,29.143219409534368
1,35,inf
1,36,127.25854495006789
1,37,inf
1,38,inf
2,0,inf
2,1,inf
2,2,0.0
2,3,inf
2,4,inf
2,5,inf
2,6,inf
2,7,inf
2,8,inf
2,9,inf
2,10,inf
2,11,inf
2,12,inf
2,13,inf
2,14,inf
2,15,inf
2,16,inf
2,17,inf
2,18,inf
2,19,inf
2,20,inf
2,21,inf
2,22,inf
2,23,inf
2,24,inf
2,25,inf
2,26,inf
2,27,inf
2,28,inf
2,29,2.145384215617543
2,30,5.626487471188519
2,31,inf
2,32,inf
2,33,14.833532438305932
2,34,inf
2,35,20.010637884739268
2,36,inf
2,37,4.676071719744016
2,38,7.191109237932624
3,0,1.6445778957136694
3,1,3.890746571689565
3,2,inf
3,3,0.0
3,4,15.070698614819586
3,5,20.102931871301266
3,6,3.819931821383754
3,7,10.019138819321974
3,8,6.543590268170459
3,9,9.987532710775257
3,10,168.8509868579853
3,11,77.26982261895132
3,12,68.93891505454303
3,13,83.85124645609757
3,14,105.92739469517845
3,15,107.05579905690675
3,16,101.49008638656065
3,17,140.09532448982623
3,18,114.17714694881519
3,19,71.35577960152561
3,20,65.79067334050688
3,21,11.337172824006265
3,22,inf
3,23,127.56480986218547
3,24,10.856463787400344
3,25,68.51458141891058
3,26,14.526118309331867
3,27,inf
3,28,12.683020470489604
3,29,inf
3,30,inf
3,31,17.41489775094183
3,32,22.648076234986615
3,33,inf
3,34,31.579446576188218
3,35,inf
3,36,129.69477211672174
3,37,inf
3,38,inf
4,0,13.426120719105915
4,1,14.650919028107722
4,2,inf
4,3,15.070698614819586
4,4,0.0
4,5,5.03223325648168
4,6,15.601474644776
4,7,5.051559795497612
4,8,10.543555926591111
4,9,13.98749836919591
4,10,172.85095251640595
4,11,81.26978827737197
4,12,72.93888071296368
4,13,87.85121211451822
4,14,109.9273603535991
4,15,111.0557647153274
4,16,105.4900520449813
4,17,144.09529014824687
4,18,118.17711260723584
4,19,75.35574525994626
4,20,69.79063899892753
4,21,15.337138482426916
4,22,inf
4,23,131.56477552060613
4,24,14.856429445820995
4,25,72.51454707733123
4,26,18.526083967752516
4,27,inf
4,28,16.682986128910255
4,29,inf
4,30,inf
4,31,21.41486340936248
4,32,26.648041893407264
4,33,inf
4,34,35.57941223460887
4,35,inf
4,36,133.69473777514239
4,37,inf
4,38,inf
5,0,18.458353975587595
5,1,19.683152284589404
5,2,inf
5,3,20.102931871301266
5,4,5.03223325648168
5,5,0.0
5,6,20.63370790125768
5,7,10.083793051979292
5,8,15.575789183072791
5,9,19.01973162567759
5,10,177.88318577288763
5,11,86.30202153385366
5,12,77.97111396944537
5,13,92.88344537099991
5,14,114.95959361008079
5,15,116.0879979718091
5,16,110.52228530146299
5,17,149.12752340472855
5,18,123.20934586371753
5,19,80.38797851642795
5,20,74.82287225540922
5,21,20.369371738908598
5,22,inf
5,23,136.5970087770878
5,24,19.888662702302675
5,25,77.54678033381292
5,26,23.558317224234198
5,27,inf
5,28,21.715219385391936
5,29,inf
5,30,inf
5,31,26.44709666584416
5,32,31.680275149888946
5,33,inf
5,34,40.61164549109055
5,35,inf
5,36,138.72697103162406
5,37,inf
5,38,inf
6,0,2.1753539256700845
6,1,2.501210592549229
6,2,inf
6,3,3.819931821383754
6,4,15.601474644776
6,5,20.63370790125768
6,6,0.0
6,7,10.549914849278387
6,8,6.407022006907455
6,9,9.850964449512253
6,10,168.71441859672228
6,11,77.13325435768832
6,12,68.80234679328004
6,13,83.71467819483458
6,14,105.79082643391546
6,15,106.91923079564376
6,16,101.35351812529764
6,17,139.9587562285632
6,18,114.0405786875522
6,19,71.2192113402626
6,20,65.65410507924388
6,21,11.20060456274326
6,22,inf
6,23,127.42824160092246
6,24,10.71989552613734
6,25,68.37801315764759
6,26,14.389550048068863
6,27,inf
6,28,12.546452209226599
6,29,inf
6,30,inf
6,31,17.278329489678825
6,32,22.51150797372361
6,33,inf
6,34,31.44287831492521
6,35,inf
6,36,129.55820385545871
6,37,inf
6,38,inf
7,0,8.374560923608303
7,1,10.620729599584198
7,2,inf
7,3,10.019138819321974
7,4,5.051559795497612
7,5,10.083793051979292
7,6,10.549914849278387
7,7,0.0
7,8,13.273573296065093
7,9,16.717515738669892
7,10,175.58096988587994
7,11,83.99980564684596
7,12,75.66889808243766
7,13,90.5812294839922
7,14,112.65737772307308
7,15,113.78578208480138
7,16,108.22006941445528
7,17,146.82530751772086
7,18,120.90712997670983
7,19,78.08576262942024
7,20,72.52065636840152
7,21,18.0671558519009
7,22,inf
7,23,134.2947928900801
7,24,17.586446815294977
7,25,75.24456444680521
7,26,21.2561013372265
7,27,inf
7,28,19.41300349838424
7,29,inf
7,30,inf
7,31,24.144880778836463
7,32,29.378059262881248
7,33,inf
7,34,38.30942960408285
7,35,inf
7,36,136.42475514461637
7,37,inf
7,38,inf
8,0,4.89901237245679
8,1,4.107363101516611
8,2,inf
8,3,6.543590268170459
8,4,10.543555926591111
8,5,15.575789183072791
8,6,6.407022006907455
8,7,13.273573296065093
8,8,0.0
8,9,3.4439424426047984
8,10,162.30739658981483
8,11,70.72623235078086
8,12,62.395324786372576
8,13,77.30765618792712
8,14,99.38380442700799
8,15,100.5122087887363
8,16,94.9464961183902
8,17,133.55173422165575
8,18,107.63355668064474
8,19,64.81218933335516
8,20,59.24708307233643
8,21,4.793582555835806
8,22,inf
8,23,121.02121959401501
8,24,4.312873519229884
8,25,61.970991150740126
8,26,7.982528041161406
8,27,inf
8,28,6.1394302023191445
8,29,inf
8,30,inf
8,31,10.87130748277137
8,32,16.104485966816153
8,33,inf
8,34,25.035856308017756
8,35,inf
8,36,123.15118184855127
8,37,inf
8,38,inf
9,0,8.342954815061589
9,1,7.55130554412141
9,2,inf
9,3,9.987532710775257
9,4,13.98749836919591
9,5,19.01973162567759
9,6,9.850964449512253
9,7,16.717515738669892
9,8,3.4439424426047984
9,9,0.0
9,10,163.90078616364752
9,11,67.28228990817607
9,12,59.09400435758
9,13,74.00633575913454
9,14,96.08248399821542
9,15,97.06826634613151
9,16,91.50255367578539
9,17,135.14512379548844
9,18,109.22694625447741
9,19,61.368246890750356
9,20,55.80314062973163
9,21,6.386972129668482
9,22,inf
9,23,117.57727715141021
9,24,3.5757785635491297
9,25,59.28095632711846
9,26,7.245433085480652
9,27,inf
9,28,4.809165880146809
9,29,inf
9,30,inf
9,31,10.134212527090614
9,32,15.3673910111354
9,33,inf
9,34,26.629245881850434
9,35,inf
9,36,119.70723940594647
9,37,inf
9,38,inf
10,0,167.20640896227164
10,1,166.41475969133145
10,2,inf
10,3,168.8509868579853
10,4,172.85095251640595
10,5,177.88318577288763
10,6,168.71441859672228
10,7,175.58096988587994
10,8,162.30739658981483
10,9,163.90078616364752
10,10,0.0
10,11,179.30366202193247
10,12,171.11537647133642
10,13,186.02770787289097
10,14,145.4964233911404
10,15,150.66123629297257
10,16,132.12509969743428
10,17,28.755662368159072
10,18,54.6738399091701
10,19,173.38961900450678
10,20,167.82451274348804
10,21,157.51381403397903
10,22,inf
10,23,229.5986492651666
10,24,161.16276466412907
10,25,171.53971010696887
10,26,164.8324191860606
10,27,inf
10,28,162.98932134721832
10,29,inf
10,30,inf
10,31,167.72119862767056
10,32,172.95437711171536
10,33,inf
10,34,177.75608778616098
10,35,inf
10,36,231.7286115197029
10,37,inf
10,38,inf
11,0,75.62524472323766
11,1,74.83359545229747
11,2,inf
11,3,77.26982261895132
11,4,81.26978827737197
11,5,86.30202153385366
11,6,77.13325435768832
11,7,83.99980564684596
11,8,70.72623235078086
11,9,67.28228990817607
11,10,179.30366202193247
11,11,0.0
11,12,14.770013006292803
11,13,29.682344407847353
11,14,34.950901547102205
11,15,29.786088645270024
11,16,47.1785623244982
11,17,151.69166257008354
11,18,176.44326114395048
11,19,7.0373848130016805
11,20,11.479149278444435
11,21,73.61544409266533
11,22,inf
11,23,73.25328580012302
11,24,70.85806847172519
11,25,15.19434664192525
11,26,74.52772299365671
11,27,inf
11,28,71.88794595213942
11,29,inf
11,30,inf
11,31,77.41650243526668
11,32,82.64968091931146
11,33,inf
11,34,93.85771784484729
11,35,inf
11,36,75.38324805465928
11,37,inf
11,38,inf
12,0,67.29433715882936
12,1,66.50268788788918
12,2,inf
12,3,68.93891505454303
12,4,72.93888071296368
12,5,77.97111396944537
12,6,68.80234679328004
12,7,75.66889808243766
12,8,62.395324786372576
12,9,59.09400435758
12,10,171.11537647133642
12,11,14.770013006292803
12,12,0.0
12,13,14.912331401554548
12,14,36.98847964063542
12,15,39.13872960266182
12,16,38.99027677390213
12,17,153.72924066361674
12,18,168.26713266687818
12,19,8.855969988867097
12,20,3.2908637278483686
12,21,65.42715854206926
12,22,inf
12,23,65.06500024952696
12,24,62.669782921129126
12,25,0.424333635632447
12,26,66.33943744306065
12,27,inf
12,28,63.69966040154335
12,29,inf
12,30,inf
12,31,69.22821688467062
12,32,74.46139536871539
12,33,inf
12,34,85.66943229425121
12,35,inf
12,36,67.19496250406321
12,37,inf
12,38,inf
13,0,82.2066685603839
13,1,81.41501928944372
13,2,inf
13,3,83.85124645609757
13,4,87.85121211451822
13,5,92.88344537099991
13,6,83.71467819483458
13,7,90.5812294839922
13,8,77.30765618792712
13,9,74.00633575913454
13,10,186.02770787289097
13,11,29.682344407847353
13,12,14.912331401554548
13,13,0.0
13,14,51.900811042189964
13,15,54.051061004216365
13,16,53.90260817545668
13,17,168.6415720651713
13,18,183.17946406843274
13,19,23.768301390421648
13,20,18.203195129402918
13,21,80.3394899436238
13,22,inf
13,23,79.9773316510815
13,24,77.58211432268368
13,25,15.336665037186995
13,26,81.2517688446152
13,27,inf
13,28,78.6119918030979
13,29,inf
13,30,inf
13,31,84.14054828622517
13,32,89.37372677026994
13,33,inf
13,34,100.58176369580576
13,35,inf
13,36,82.10729390561777
13,37,inf
13,38,inf
14,0,104.28281679946478
14,1,103.4911675285246
14,2,inf
14,3,105.92739469517845
14,4,109.9273603535991
14,5,114.95959361008079
14,6,105.79082643391546
14,7,112.65737772307308
14,8,99.38380442700799
14,9,96.08248399821542
14,10,145.4964233911404
14,11,34.950901547102205
14,12,36.98847964063542
14,13,51.900811042189964
14,14,0.0
14,15,5.164812901832182
14,16,43.97440411290538
14,17,116.74076102298133
14,18,141.49235959684827
14,19,41.988286360103885
14,20,40.27934336848379
14,21,102.41563818270467
14,22,inf
14,23,102.05347989016238
14,24,99.65826256176454
14,25,37.41281327626787
14,26,103.32791708369606
14,27,inf
14,28,100.68814004217876
14,29,inf
14,30,inf
14,31,106.21669652530603
14,32,111.44987500935082
14,33,inf
14,34,122.65791193488661
14,35,inf
14,36,104.18344214469863
14,37,inf
14,38,inf
15,0,105.41122116119308
15,1,104.61957189025291
15,2,inf
15,3,107.05579905690675
15,4,111.0557647153274
15,5,116.0879979718091
15,6,106.91923079564376
15,7,113.78578208480138
15,8,100.5122087887363
15,9,97.06826634613151
15,10,150.66123629297257
15,11,29.786088645270024
15,12,39.13872960266182
15,13,54.051061004216365
15,14,5.164812901832182
15,15,0.0
15,16,48.893990771689296
15,17,121.90557392481351
15,18,146.65717249868047
15,19,36.82347345827171
15,20,41.26512571639987
15,21,103.40142053062075
15,22,inf
15,23,103.03926223807846
15,24,100.64404490968063
15,25,38.71439596702937
15,26,104.31369943161215
15,27,inf
15,28,101.67392239009484
15,29,inf
15,30,inf
15,31,107.20247887322212
15,32,112.4356573572669
15,33,inf
15,34,123.6436942828027
15,35,inf
15,36,105.16922449261472
15,37,inf
15,38,inf
16,0,99.84550849084698
16,1,99.0538592199068
16,2,inf
16,3,101.49008638656065
16,4,105.4900520449813
16,5,110.52228530146299
16,6,101.35351812529764
16,7,108.22006941445528
16,8,94.9464961183902
16,9,91.50255367578539
16,10,132.12509969743428
16,11,47.1785623244982
16,12,38.99027677390213
16,13,53.90260817545668
16,14,43.97440411290538
16,15,48.893990771689296
16,16,0.0
16,17,160.7151651358867
16,18,185.46676370975365
16,19,41.26451930707249
16,20,35.69941304605376
16,21,97.83570786027465
16,22,inf
16,23,97.47354956773235
16,24,95.07833223933451
16,25,39.41461040953458
16,26,98.74798676126603
16,27,inf
16,28,96.10820971974874
16,29,inf
16,30,inf
16,31,101.636766202876
16,32,106.86994468692077
16,33,inf
16,34,118.0779816124566
16,35,inf
16,36,99.60351182226862
16,37,inf
16,38,inf
17,0,138.45074659411256
17,1,137.65909732317238
17,2,inf
17,3,140.09532448982623
17,4,144.09529014824687
17,5,149.12752340472855
17,6,139.9587562285632
17,7,146.82530751772086
17,8,133.55173422165575
17,9,135.14512379548844
17,10,28.755662368159072
17,11,151.69166257008354
17,12,153.72924066361674
17,13,168.6415720651713
17,14,116.74076102298133
17,15,121.90557392481351
17,16,160.7151651358867
17,17,0.0
17,18,25.91817754101103
17,19,158.72904738308523
17,20,157.0201043914651
17,21,128.75815166581995
17,22,inf
17,23,218.7942409131437
17,24,132.40710229597
17,25,154.15357429924921
17,26,136.07675681790153
17,27,inf
17,28,134.23365897905924
17,29,inf
17,30,inf
17,31,138.96553625951148
17,32,144.19871474355628
17,33,inf
17,34,149.0004254180019
17,35,inf
17,36,220.92420316767996
17,37,inf
17,38,inf
18,0,112.53256905310153
18,1,111.74091978216134
18,2,inf
18,3,114.17714694881519
18,4,118.17711260723584
18,5,123.20934586371753
18,6,114.0405786875522
18,7,120.90712997670983
18,8,107.63355668064474
18,9,109.22694625447741
18,10,54.6738399091701
18,11,176.44326114395048
18,12,168.26713266687818
18,13,183.17946406843274
18,14,141.49235959684827
18,15,146.65717249868047
18,16,185.46676370975365
18,17,25.91817754101103
18,18,0.0
18,19,170.54137520004855
18,20,164.9762689390298
18,21,102.83997412480893
18,22,inf
18,23,226.7504054607084
18,24,106.48892475495899
18,25,168.44580878258677
18,26,110.1585792768905
18,27,inf
18,28,108.31548143804825
18,29,inf
18,30,inf
18,31,113.04735871850048
18,32,118.28053720254525
18,33,inf
18,34,123.08224787699089
18,35,inf
18,36,228.8803677152447
18,37,inf
18,38,inf
19,0,69.71120170581194
19,1,68.91955243487178
19,2,inf
19,3,71.35577960152561
19,4,75.35574525994626
19,5,80.38797851642795
19,6,71.2192113402626
19,7,78.08576262942024
19,8,64.81218933335516
19,9,61.368246890750356
19,10,173.38961900450678
19,11,7.0373848130016805
19,12,8.855969988867097
19,13,23.768301390421648
19,14,41.988286360103885
19,15,36.82347345827171
19,16,41.26451930707249
19,17,158.72904738308523
19,18,170.54137520004855
19,19,0.0
19,20,5.5651062610187285
19,21,67.70140107523962
19,22,inf
19,23,67.33924278269731
19,24,64.94402545429949
19,25,9.280303624499544
19,26,68.61367997623101
19,27,inf
19,28,65.9739029347137
19,29,inf
19,30,inf
19,31,71.50245941784098
19,32,76.73563790188575
19,33,inf
19,34,87.94367482742157
19,35,inf
19,36,69.46920503723358
19,37,inf
19,38,inf
20,0,64.14609544479322
20,1,63.35444617385304
20,2,inf
20,3,65.79067334050688
20,4,69.79063899892753
20,5,74.82287225540922
20,6,65.65410507924388
20,7,72.52065636840152
20,8,59.24708307233643
20,9,55.80314062973163
20,10,167.82451274348804
20,11,11.479149278444435
20,12,3.2908637278483686
20,13,18.203195129402918
20,14,40.27934336848379
20,15,41.26512571639987
20,16,35.69941304605376
20,17,157.0201043914651
20,18,164.9762689390298
20,19,5.5651062610187285
20,20,0.0
20,21,62.13629481422089
20,22,inf
20,23,61.774136521678585
20,24,59.37891919328076
20,25,3.7151973634808155
20,26,63.04857371521228
20,27,inf
20,28,60.40879667369498
20,29,inf
20,30,inf
20,31,65.93735315682224
20,32,71.17053164086703
20,33,inf
20,34,82.37856856640283
20,35,inf
20,36,63.904098776214845
20,37,inf
20,38,inf
21,0,9.692594928292596
21,1,8.900945657352416
21,2,inf
21,3,11.337172824006265
21,4,15.337138482426916
21,5,20.369371738908598
21,6,11.20060456274326
21,7,18.0671558519009
21,8,4.793582555835806
21,9,6.386972129668482
21,10,157.51381403397903
21,11,73.61544409266533
21,12,65.42715854206926
21,13,80.3394899436238
21,14,102.41563818270467
21,15,103.40142053062075
21,16,97.83570786027465
21,17,128.75815166581995
21,18,102.83997412480893
21,19,67.70140107523962
21,20,62.13629481422089
21,21,0.0
21,22,inf
21,23,123.91043133589947
21,24,3.6489506301500474
21,25,65.60583465777785
21,26,7.31860515208157
21,27,inf
21,28,5.475507313239308
21,29,inf
21,30,inf
21,31,10.207384593691533
21,32,15.440563077736318
21,33,inf
21,34,20.24227375218195
21,35,inf
21,36,126.04039359043574
21,37,inf
21,38,inf
22,0,inf
22,1,inf
22,2,inf
22,3,inf
22,4,inf
22,5,inf
22,6,inf
22,7,inf
22,8,inf
22,9,inf
22,10,inf
22,11,inf
22,12,inf
22,13,inf
22,14,inf
22,15,inf
22,16,inf
22,17,inf
22,18,inf
22,19,inf
22,20,inf
22,21,inf
22,22,0.0
22,23,inf
22,24,inf
22,25,inf
22,26,inf
22,27,inf
22,28,inf
22,29,inf
22,30,inf
22,31,inf
22,32,inf
22,33,inf
22,34,inf
22,35,inf
22,36,inf
22,37,inf
22,38,inf
23,0,125.9202319664718
23,1,125.12858269553163
23,2,inf
23,3,127.56480986218547
23,4,131.56477552060613
23,5,136.5970087770878
23,6,127.42824160092246
23,7,134.2947928900801
23,8,121.02121959401501
23,9,117.57727715141021
23,10,229.5986492651666
23,11,73.25328580012302
23,12,65.06500024952696
23,13,79.9773316510815
23,14,102.05347989016238
23,15,103.03926223807846
23,16,97.47354956773235
23,17,218.7942409131437
23,18,226.7504054607084
23,19,67.33924278269731
23,20,61.774136521678585
23,21,123.91043133589947
23,22,inf
23,23,0.0
23,24,121.15305571495935
23,25,65.21409904778072
23,26,124.82271023689087
23,27,inf
23,28,122.18293319537356
23,29,inf
23,30,inf
23,31,127.71148967850084
23,32,132.9446681625456
23,33,inf
23,34,144.15270508808143
23,35,inf
23,36,125.67823529789342
23,37,inf
23,38,inf
24,0,9.211885891686673
24,1,8.420236620746495
24,2,inf
24,3,10.856463787400344
24,4,14.856429445820995
24,5,19.888662702302675
24,6,10.71989552613734
24,7,17.586446815294977
24,8,4.312873519229884
24,9,3.5757785635491297
24,10,161.16276466412907
24,11,70.85806847172519
24,12,62.669782921129126
24,13,77.58211432268368
24,14,99.65826256176454
24,15,100.64404490968063
24,16,95.07833223933451
24,17,132.40710229597
24,18,106.48892475495899
24,19,64.94402545429949
24,20,59.37891919328076
24,21,3.6489506301500474
24,22,inf
24,23,121.15305571495935
24,24,0.0
24,25,62.85673489066759
24,26,3.6696545219315224
24,27,inf
24,28,1.8265566830892606
24,29,inf
24,30,inf
24,31,6.558433963541486
24,32,11.791612447586271
24,33,inf
24,34,23.891224382332
24,35,inf
24,36,123.2830179694956
24,37,inf
24,38,inf
25,0,66.87000352319691
25,1,66.07835425225673
25,2,inf
25,3,68.51458141891058
25,4,72.51454707733123
25,5,77.54678033381292
25,6,68.37801315764759
25,7,75.24456444680521
25,8,61.970991150740126
25,9,59.28095632711846
25,10,171.53971010696887
25,11,15.19434664192525
25,12,0.424333635632447
25,13,15.336665037186995
25,14,37.41281327626787
25,15,38.71439596702937
25,16,39.41461040953458
25,17,154.15357429924921
25,18,168.44580878258677
25,19,9.280303624499544
25,20,3.7151973634808155
25,21,65.60583465777785
25,22,inf
25,23,65.21409904778072
25,24,62.85673489066759
25,25,0.0
25,26,66.52638941259912
25,27,inf
25,28,63.8723927119086
25,29,inf
25,30,inf
25,31,69.41516885420909
25,32,74.64834733825387
25,33,inf
25,34,85.84810840995979
25,35,inf
25,36,67.34738978119225
25,37,inf
25,38,inf
26,0,12.881540413618197
26,1,12.089891142678017
26,2,inf
26,3,14.526118309331867
26,4,18.526083967752516
26,5,23.558317224234198
26,6,14.389550048068863
26,7,21.2561013372265
26,8,7.982528041161406
26,9,7.245433085480652
26,10,164.8324191860606
26,11,74.52772299365671
26,12,66.33943744306065
26,13,81.2517688446152
26,14,103.32791708369606
26,15,104.31369943161215
26,16,98.74798676126603
26,17,136.07675681790153
26,18,110.1585792768905
26,19,68.61367997623101
26,20,63.04857371521228
26,21,7.31860515208157
26,22,inf
26,23,124.82271023689087
26,24,3.6696545219315224
26,25,66.52638941259912
26,26,0.0
26,27,inf
26,28,5.496211205020783
26,29,inf
26,30,inf
26,31,2.8887794416099632
26,32,8.121957925654748
26,33,inf
26,34,27.56087890426352
26,35,inf
26,36,126.95267249142712
26,37,inf
26,38,inf
27,0,inf
27,1,inf
27,2,inf
27,3,inf
27,4,inf
27,5,inf
27,6,inf
27,7,inf
27,8,inf
27,9,inf
27,10,inf
27,11,inf
27,12,inf
27,13,inf
27,14,inf
27,15,inf
27,16,inf
27,17,inf
27,18,inf
27,19,inf
27,20,inf
27,21,inf
27,22,inf
27,23,inf
27,24,inf
27,25,inf
27,26,inf
27,27,0.0
27,28,inf
27,29,inf
27,30,inf
27,31,inf
27,32,inf
27,33,inf
27,34,inf
27,35,inf
27,36,inf
27,37,inf
27,38,inf
28,0,11.038442574775933
28,1,10.246793303835755
28,2,inf
28,3,12.683020470489604
28,4,16.682986128910255
28,5,21.715219385391936
28,6,12.546452209226599
28,7,19.41300349838424
28,8,6.1394302023191445
28,9,4.809165880146809
28,10,162.98932134721832
28,11,71.88794595213942
28,12,63.69966040154335
28,13,78.6119918030979
28,14,100.68814004217876
28,15,101.67392239009484
28,16,96.10820971974874
28,17,134.23365897905924
28,18,108.31548143804825
28,19,65.9739029347137
28,20,60.40879667369498
28,21,5.475507313239308
28,22,inf
28,23,122.18293319537356
28,24,1.8265566830892606
28,25,63.8723927119086
28,26,5.496211205020783
28,27,inf
28,28,0.0
28,29,inf
28,30,inf
28,31,8.384990646630747
28,32,13.61816913067553
28,33,inf
28,34,25.71778106542126
28,35,inf
28,36,124.31289544990983
28,37,inf
28,38,inf
29,0,inf
29,1,inf
29,2,2.145384215617543
29,3,inf
29,4,inf
29,5,inf
29,6,inf
29,7,inf
29,8,inf
29,9,inf
29,10,inf
29,11,inf
29,12,inf
29,13,inf
29,14,inf
29,15,inf
29,16,inf
29,17,inf
29,18,inf
29,19,inf
29,20,inf
29,21,inf
29,22,inf
29,23,inf
29,24,inf
29,25,inf
29,26,inf
29,27,inf
29,28,inf
29,29,0.0
29,30,3.5636200317067077
29,31,inf
29,32,inf
29,33,12.688148222688389
29,34,inf
29,35,17.865253669121728
29,36,inf
29,37,2.530687504126473
29,38,5.0457250223150805
30,0,inf
30,1,inf
30,2,5.626487471188519
30,3,inf
30,4,inf
30,5,inf
30,6,inf
30,7,inf
30,8,inf
30,9,inf
30,10,inf
30,11,inf
30,12,inf
30,13,inf
30,14,inf
30,15,inf
30,16,inf
30,17,inf
30,18,inf
30,19,inf
30,20,inf
30,21,inf
30,22,inf
30,23,inf
30,24,inf
30,25,inf
30,26,inf
30,27,inf
30,28,inf
30,29,3.5636200317067077
30,30,0.0
30,31,inf
30,32,inf
30,33,16.251768254395095
30,34,inf
30,35,21.428873700828433
30,36,inf
30,37,6.094307535833181
30,38,8.609345054021789
31,0,15.77031985522816
31,1,14.978670584287979
31,2,inf
31,3,17.41489775094183
31,4,21.41486340936248
31,5,26.44709666584416
31,6,17.278329489678825
31,7,24.144880778836463
31,8,10.87130748277137
31,9,10.134212527090614
31,10,167.72119862767056
31,11,77.41650243526668
31,12,69.22821688467062
31,13,84.14054828622517
31,14,106.21669652530603
31,15,107.20247887322212
31,16,101.636766202876
31,17,138.96553625951148
31,18,113.04735871850048
31,19,71.50245941784098
31,20,65.93735315682224
31,21,10.207384593691533
31,22,inf
31,23,127.71148967850084
31,24,6.558433963541486
31,25,69.41516885420909
31,26,2.8887794416099632
31,27,inf
31,28,8.384990646630747
31,29,inf
31,30,inf
31,31,0.0
31,32,5.233295930816202
31,33,inf
31,34,30.449658345873484
31,35,inf
31,36,129.8414519330371
31,37,inf
31,38,inf
32,0,21.003498339272944
32,1,20.211849068332764
32,2,inf
32,3,22.648076234986615
32,4,26.648041893407264
32,5,31.680275149888946
32,6,22.51150797372361
32,7,29.378059262881248
32,8,16.104485966816153
32,9,15.3673910111354
32,10,172.95437711171536
32,11,82.64968091931146
32,12,74.46139536871539
32,13,89.37372677026994
32,14,111.44987500935082
32,15,112.4356573572669
32,16,106.86994468692077
32,17,144.19871474355628
32,18,118.28053720254525
32,19,76.73563790188575
32,20,71.17053164086703
32,21,15.440563077736318
32,22,inf
32,23,132.9446681625456
32,24,11.791612447586271
32,25,74.64834733825387
32,26,8.121957925654748
32,27,inf
32,28,13.61816913067553
32,29,inf
32,30,inf
32,31,5.233295930816202
32,32,0.0
32,33,inf
32,34,35.68283682991827
32,35,inf
32,36,135.07463041708186
32,37,inf
32,38,inf
33,0,inf
33,1,inf
33,2,14.833532438305932
33,3,inf
33,4,inf
33,5,inf
33,6,inf
33,7,inf
33,8,inf
33,9,inf
33,10,inf
33,11,inf
33,12,inf
33,13,inf
33,14,inf
33,15,inf
33,16,inf
33,17,inf
33,18,inf
33,19,inf
33,20,inf
33,21,inf
33,22,inf
33,23,inf
33,24,inf
33,25,inf
33,26,inf
33,27,inf
33,28,inf
33,29,12.688148222688389
33,30,16.251768254395095
33,31,inf
33,32,inf
33,33,0.0
33,34,inf
33,35,5.177105446433337
33,36,inf
33,37,10.157460718561916
33,38,7.642423200373308
34,0,29.934868680474548
34,1,29.143219409534368
34,2,inf
34,3,31.579446576188218
34,4,35.57941223460887
34,5,40.61164549109055
34,6,31.44287831492521
34,7,38.30942960408285
34,8,25.035856308017756
34,9,26.629245881850434
34,10,177.75608778616098
34,11,93.85771784484729
34,12,85.66943229425121
34,13,100.58176369580576
34,14,122.65791193488661
34,15,123.6436942828027
34,16,118.0779816124566
34,17,149.0004254180019
34,18,123.08224787699089
34,19,87.94367482742157
34,20,82.37856856640283
34,21,20.24227375218195
34,22,inf
34,23,144.15270508808143
34,24,23.891224382332
34,25,85.84810840995979
34,26,27.56087890426352
34,27,inf
34,28,25.71778106542126
34,29,inf
34,30,inf
34,31,30.449658345873484
34,32,35.68283682991827
34,33,inf
34,34,0.0
34,35,inf
34,36,146.28266734261769
34,37,inf
34,38,inf
35,0,inf
35,1,inf
35,2,20.010637884739268
35,3,inf
35,4,inf
35,5,inf
35,6,inf
35,7,inf
35,8,inf
35,9,inf
35,10,inf
35,11,inf
35,12,inf
35,13,inf
35,14,inf
35,15,inf
35,16,inf
35,17,inf
35,18,inf
35,19,inf
35,20,inf
35,21,inf
35,22,inf
35,23,inf
35,24,inf
35,25,inf
35,26,inf
35,27,inf
35,28,inf
35,29,17.865253669121728
35,30,21.428873700828433
35,31,inf
35,32,inf
35,33,5.177105446433337
35,34,inf
35,35,0.0
35,36,inf
35,37,15.334566164995254
35,38,12.819528646806646
36,0,128.05019422100807
36,1,127.25854495006789
36,2,inf
36,3,129.69477211672174
36,4,133.69473777514239
36,5,138.72697103162406
36,6,129.55820385545871
36,7,136.42475514461637
36,8,123.15118184855127
36,9,119.70723940594647
36,10,231.7286115197029
36,11,75.38324805465928
36,12,67.19496250406321
36,13,82.10729390561777
36,14,104.18344214469863
36,15,105.16922449261472
36,16,99.60351182226862
36,17,220.92420316767996
36,18,228.8803677152447
36,19,69.46920503723358
36,20,63.904098776214845
36,21,126.04039359043574
36,22,inf
36,23,125.67823529789342
36,24,123.2830179694956
36,25,67.34738978119225
36,26,126.95267249142712
36,27,inf
36,28,124.31289544990983
36,29,inf
36,30,inf
36,31,129.8414519330371
36,32,135.07463041708186
36,33,inf
36,34,146.28266734261769
36,35,inf
36,36,0.0
36,37,inf
36,38,inf
37,0,inf
37,1,inf
37,2,4.676071719744016
37,3,inf
37,4,inf
37,5,inf
37,6,inf
37,7,inf
37,8,inf
37,9,inf
37,10,inf
37,11,inf
37,12,inf
37,13,inf
37,14,inf
37,15,inf
37,16,inf
37,17,inf
37,18,inf
37,19,inf
37,20,inf
37,21,inf
37,22,inf
37,23,inf
37,24,inf
37,25,inf
37,26,inf
37,27,inf
37,28,inf
37,29,2.530687504126473
37,30,6.094307535833181
37,31,inf
37,32,inf
37,33,10.157460718561916
37,34,inf
37,35,15.334566164995254
37,36,inf
37,37,0.0
37,38,2.515037518188608
38,0,inf
38,1,inf
38,2,7.191109237932624
38,3,inf
38,4,inf
38,5,inf
38,6,inf
38,7,inf
38,8,inf
38,9,inf
38,10,inf
38,11,inf
38,12,inf
38,13,inf
38,14,inf
38,15,inf
38,16,inf
38,17,inf
38,18,inf
38,19,inf
38,20,inf
38,21,inf
38,22,inf
38,23,inf
38,24,inf
38,25,inf
38,26,inf
38,27,inf
38,28,inf
38,29,5.0457250223150805
38,30,8.609345054021789
38,31,inf
38,32,inf
38,33,7.642423200373308
38,34,inf
38,35,12.819528646806646
38,36,inf
38,37,2.515037518188608
38,38,0.0
