source_id,target_id,rtt
0,0,0.0
0,1,0.6809645995735122
0,2,2.4699021109635533
0,3,0.6255767196020112
0,4,4.900210932251106
0,5,5.416705419163982
0,6,1.3938276227293405
0,7,1.9496449061431766
0,8,61.06213914903929
0,9,61.06213914903929
0,10,5.882166036003129
0,11,6.512360350108618
0,13,61.83076026763572
0,14,5.364244338717871
0,15,59.048576794441566
0,16,5.405717171786765
0,17,5.4660352982467195
0,18,6.558422166161797
0,19,6.152803953984646
0,20,6.399327829265396
0,21,5.418019384923124
0,22,5.145363456947565
0,23,5.791522187376175
0,24,5.745924842135992
0,25,5.8849342531080495
0,27,5.991739321707291
0,28,6.187210952153079
0,29,61.06213914903929
0,30,5.023764198500086
0,31,5.023764198500086
0,32,6.248203137424712
0,33,4.916068554804188
0,34,3.185087184591362
0,35,3.9665649737752675
0,36,5.626056305317837
0,37,4.104049488009224
0,38,6.8929621192970645
0,39,6.736430924812172
0,40,4.9272058695029095
0,41,3.877169620368341
0,42,4.223316474602109
0,43,4.806035207713472
0,44,6.592757286958659
0,45,6.875115578692712
0,46,6.61026998442761
0,47,3.658544759518959
0,48,2.4699021109635533
0,49,2.4699021109635533
0,50,4.463051936754427
0,51,4.624980722674715
0,52,2.197251574122083
0,53,2.8580329374133493
0,54,3.4326238910465734
0,55,3.2087918800677757
0,56,2.4699021109635533
0,57,2.694514745147988
1,0,0.6809645995735122
1,1,0.0
1,2,3.150866710537066
1,3,1.3065413191755235
1,4,4.219246332677594
1,5,4.73574081959047
1,6,0.7128630231558284
1,7,1.2686803065696646
1,8,60.381174549465776
1,9,60.381174549465776
1,10,5.201201436429617
1,11,5.831395750535106
1,13,62.51172486720923
1,14,6.045208938291383
1,15,58.36761219486805
1,16,5.880324089999569
1,17,6.146999897820232
1,18,5.877457566588285
1,19,5.471839354411134
1,20,5.718363229691884
1,21,4.737054785349612
1,22,4.464398857374053
1,23,5.494519074410159
1,24,6.178653576148939
1,25,6.565898852681562
1,27,6.672703921280803
1,28,5.506246352579567
1,29,60.381174549465776
1,30,5.704728798073599
1,31,5.704728798073599
1,32,6.929167736998224
1,33,5.5970331543777005
1,34,3.866051784164875
1,35,4.6475295733487805
1,36,4.945091705744325
1,37,4.785014087582737
1,38,6.211997519723552
1,39,6.3780101070350765
1,40,4.246241269929397
1,41,3.196205020794829
1,42,3.542351875028597
1,43,4.12507060813996
1,44,6.521683744888589
1,45,6.1941509791191995
1,46,5.929305384854098
1,47,2.977580159945447
1,48,3.150866710537066
1,49,3.150866710537066
1,50,5.14401653632794
1,51,3.9440161231012025
1,52,2.8782161736955953
1,53,2.177068337839837
1,54,2.7516592914730613
1,55,3.8897564796412882
1,56,3.150866710537066
1,57,3.3754793447215006
2,0,2.4699021109635533
2,1,3.150866710537066
2,2,0.0
2,3,1.8443253913615423
2,4,4.521172348064746
2,5,5.037666834977622
2,6,3.863729733692894
2,7,4.41954701710673
2,8,59.9061592303551
2,9,60.68310056485293
2,10,5.503127451816769
2,11,6.1333217659222585
2,13,59.9061592303551
2,14,3.4396433014372585
2,15,61.51847890540511
2,16,3.481116134506153
2,17,3.507464290478314
2,18,5.312382427978352
2,19,5.718000640155503
2,20,5.964524515436254
2,21,4.62438543915611
2,22,4.7663248727612055
2,23,3.8669211500955623
2,24,3.821323804855379
2,25,3.926363245339644
2,27,4.067138284426679
2,28,5.808172367966719
2,29,60.68310056485293
2,30,2.5538620875365328
2,31,2.5538620875365328
2,32,4.323602100144099
2,33,2.9914675175235756
2,34,1.2604861473107498
2,35,2.041963936494655
2,36,5.247017721131477
2,37,2.179448450728612
2,38,4.977842474843084
2,39,4.81182988753156
2,40,5.788504605502425
2,41,4.738468356367856
2,42,5.0846152106016245
2,43,5.667333943712987
2,44,4.668156249678047
2,45,5.401080963667755
2,46,5.665926557932857
2,47,4.519843495518474
2,48,0.0
2,49,0.0
2,50,2.538450899473815
2,51,4.2459421384883544
2,52,0.2726505368414705
2,53,3.7193316734128645
2,54,3.1935368255050194
2,55,0.7990338861658348
2,56,0.0
2,57,0.22461263418443458
3,0,0.6255767196020112
3,1,1.3065413191755235
3,2,1.8443253913615423
3,3,0.0
3,4,4.578016549559211
3,5,5.0945110364720865
3,6,2.019404342331352
3,7,2.575221625745188
3,8,60.73994476634739
3,9,60.73994476634739
3,10,5.5599716533112336
3,11,6.190165967416723
3,13,61.2051835480337
3,14,4.73866761911586
3,15,59.674153514043574
3,16,4.780140452184755
3,17,4.840458578644708
3,18,6.236227783469903
3,19,5.830609571292751
3,20,6.077133446573502
3,21,5.095825002231229
3,22,4.82316907425567
3,23,5.165945467774163
3,24,5.12034812253398
3,25,5.259357533506038
3,27,5.3661626021052795
3,28,5.865016569461185
3,29,60.73994476634739
3,30,4.398187478898075
3,31,4.398187478898075
3,32,5.622626417822701
3,33,4.290491835202177
3,34,2.5595104649893514
3,35,3.3409882541732565
3,36,5.303861922625941
3,37,3.4784727684072134
3,38,6.276866792521686
3,39,6.1108542052101615
3,40,4.605011486811015
3,41,3.5549752376764463
3,42,3.9011220919102145
3,43,4.483840825021577
3,44,5.967180567356648
3,45,6.552921196000817
3,46,6.288075601735716
3,47,3.336350376827064
3,48,1.8443253913615423
3,49,1.8443253913615423
3,50,3.8374752171524165
3,51,4.30278633998282
3,52,1.5716748545200718
3,53,2.5358385547214546
3,54,3.1104295083546787
3,55,2.5832151604657647
3,56,1.8443253913615423
3,57,2.068938025545977
4,0,4.900210932251106
4,1,4.219246332677594
4,2,4.521172348064746
4,3,4.578016549559211
4,4,0.0
4,5,0.5164944869128756
4,6,3.818495037757092
4,7,3.2626777543432564
4,8,56.71238863594097
4,9,56.71238863594097
4,10,1.017250597246443
4,11,1.6474449113519323
4,13,63.88203050473691
4,14,2.8915481660422486
4,15,61.93467314508405
4,16,2.211538176474758
4,17,3.893420593730651
4,18,2.208671653063475
4,19,1.8030534408863232
4,20,2.0495773161670736
4,21,1.0682688718248012
4,22,0.7956129438492423
4,23,1.8257331608853484
4,24,2.5098676626241287
4,25,4.312319548591981
4,27,3.519043149031668
4,28,1.8374604390547564
4,29,56.71238863594097
4,30,4.847022796672432
4,31,4.847022796672432
4,32,5.079917487570445
4,33,5.388175482532154
4,34,4.2288806237001815
4,35,3.447402834516276
4,36,1.2763057922195138
4,37,6.155319725110417
4,38,2.5432116061987413
4,39,2.7092241935102654
4,40,3.4101971860175206
4,41,3.0613146777927485
4,42,3.4074615320265167
4,43,3.2731339073067938
4,44,2.852897831363779
4,45,2.5253650655943884
4,46,2.260519471329287
4,47,1.2450171712520792
4,48,4.521172348064746
4,49,4.521172348064746
4,50,2.8904372322383596
4,51,0.27523020957639166
4,52,4.248521811223275
4,53,2.0421779948377567
4,54,2.616768948470981
4,55,5.260062117168968
4,56,4.521172348064746
4,57,4.74578498224918
5,0,5.416705419163982
5,1,4.73574081959047
5,2,5.037666834977622
5,3,5.0945110364720865
5,4,0.5164944869128756
5,5,0.0
5,6,4.334989524669968
5,7,3.7791722412561315
5,8,57.228883122853844
5,9,57.228883122853844
5,10,0.5007561103335674
5,11,1.1309504244390567
5,13,64.39852499164978
5,14,3.4080426529551238
5,15,62.451167631996924
5,16,2.7280326633876335
5,17,4.409915080643527
5,18,2.7251661399763503
5,19,2.319547927799199
5,20,2.566071803079949
5,21,1.5847633587376768
5,22,1.3121074307621179
5,23,2.3422276477982242
5,24,3.026362149537004
5,25,4.828814035504857
5,27,4.035537635944544
5,28,1.7744424893042436
5,29,57.228883122853844
5,30,5.363517283585308
5,31,5.363517283585308
5,32,5.596411974483321
5,33,5.90466996944503
5,34,4.745375110613057
5,35,3.963897321429152
5,36,1.1789851573600632
5,37,6.671814212023293
5,38,3.0597060931116173
5,39,3.2257186804231415
5,40,3.1866513256240947
5,41,3.5778091647056236
5,42,3.632306780024731
5,43,3.0495880469133683
5,44,3.3693923182766543
5,45,3.0418595525072645
5,46,2.777013958242163
5,47,1.7615116581649548
5,48,5.037666834977622
5,49,5.037666834977622
5,50,3.4069317191512356
5,51,0.7917246964892672
5,52,4.7650162981361515
5,53,2.5586724817506323
5,54,3.1332634353838564
5,55,5.776556604081844
5,56,5.037666834977622
5,57,5.262279469162056
6,0,1.3938276227293405
6,1,0.7128630231558284
6,2,3.863729733692894
6,3,2.019404342331352
6,4,3.818495037757092
6,5,4.334989524669968
6,6,0.0
6,7,0.5558172834138361
6,8,59.98042325454528
6,9,59.98042325454528
6,10,4.800450141509115
6,11,5.430644455614604
6,13,63.22458789036506
6,14,5.900728876066909
6,15,59.08047521802388
6,16,5.479572795079067
6,17,6.0025198355957565
6,18,5.4767062716677835
6,19,5.0710880594906325
6,20,5.317611934771382
6,21,4.33630349042911
6,22,4.063647562453551
6,23,5.093767779489657
6,24,5.777902281228437
6,25,6.4214187904570865
6,27,6.528223859056328
6,28,5.105495057659065
6,29,59.98042325454528
6,30,6.417591821229427
6,31,6.417591821229427
6,32,7.189016729435552
6,33,6.309896177533529
6,34,4.578914807320703
6,35,5.360392596504608
6,36,4.544340410823823
6,37,5.497877110738565
6,38,5.8112462248030505
6,39,5.977258812114575
6,40,3.8454899750088956
6,41,2.795453725874327
6,42,3.1416005801080953
6,43,3.724319313219458
6,44,6.1209324499680875
6,45,5.793399684198698
6,46,5.528554089933596
6,47,2.576828865024945
6,48,3.863729733692894
6,49,3.863729733692894
6,50,4.999536474103465
6,51,3.5432648281807007
6,52,3.5910791968514237
6,53,1.7763170429193353
6,54,2.3509079965525594
6,55,4.602619502797117
6,56,3.863729733692894
6,57,4.0883423678773285
7,0,1.9496449061431766
7,1,1.2686803065696646
7,2,4.41954701710673
7,3,2.575221625745188
7,4,3.2626777543432564
7,5,3.7791722412561315
7,6,0.5558172834138361
7,7,0.0
7,8,59.42460597113144
7,9,59.42460597113144
7,10,4.244632858095279
7,11,4.874827172200768
7,13,63.780405173778895
7,14,5.344911592653073
7,15,59.636292501437715
7,16,4.923755511665231
7,17,5.446702552181921
7,18,4.920888988253948
7,19,4.515270776076796
7,20,4.761794651357547
7,21,3.780486207015274
7,22,3.507830279039715
7,23,4.537950496075822
7,24,5.222084997814601
7,25,5.865601507043251
7,27,5.972406575642492
7,28,4.54967777424523
7,29,59.42460597113144
7,30,6.4003047551237024
7,31,6.4003047551237024
7,32,6.633199446021716
7,33,6.865713460947365
7,34,5.134732090734539
7,35,5.0006847929675455
7,36,3.9885231274099864
7,37,6.053694394152401
7,38,5.255428941389215
7,39,5.421441528700739
7,40,3.28967269159506
7,41,2.239636442460491
7,42,2.585783296694259
7,43,3.168502029805622
7,44,5.565115166554252
7,45,5.237582400784862
7,46,4.972736806519761
7,47,2.021011581611109
7,48,4.41954701710673
7,49,4.41954701710673
7,50,4.443719190689629
7,51,2.9874475447668645
7,52,4.1468964802652595
7,53,1.2204997595054994
7,54,1.7950907131387235
7,55,5.158436786210952
7,56,4.41954701710673
7,57,4.644159651291164
8,0,61.06213914903929
8,1,60.381174549465776
8,2,59.9061592303551
8,3,60.73994476634739
8,4,56.71238863594097
8,5,57.228883122853844
8,6,59.98042325454528
8,7,59.42460597113144
8,8,0.0
8,9,112.87431685272915
8,10,57.69434373969299
8,11,58.32453805379848
8,13,119.26701738702727
8,14,59.05347638283043
8,15,118.09660136187223
8,16,58.373466393262945
8,17,60.055348810518836
8,18,58.37059986985166
8,19,57.96498165767451
8,20,58.21150553295526
8,21,57.23019708861298
8,22,56.957541160637426
8,23,57.98766137767353
8,24,58.671795879412315
8,25,60.47424776538016
8,27,59.68097136581985
8,28,57.99938865584294
8,29,112.87431685272915
8,30,61.00895101346062
8,31,61.00895101346062
8,32,61.24184570435863
8,33,61.55010369932034
8,34,60.39080884048837
8,35,59.60933105130446
8,36,57.4382340090077
8,37,61.54030660740077
8,38,58.70513982298692
8,39,58.87115241029845
8,40,59.5721254028057
8,41,59.223242894580935
8,42,59.5693897488147
8,43,59.435062124094976
8,44,59.01482604815196
8,45,58.68729328238257
8,46,58.42244768811747
8,47,57.40694538804026
8,48,59.9061592303551
8,49,59.9061592303551
8,50,59.052365449026546
8,51,56.437158426364576
8,52,59.63350869351363
8,53,58.20410621162594
8,54,58.77869716525917
8,55,60.64504899945933
8,56,59.9061592303551
8,57,60.13077186453953
9,0,61.06213914903929
9,1,60.381174549465776
9,2,60.68310056485293
9,3,60.73994476634739
9,4,56.71238863594097
9,5,57.228883122853844
9,6,59.98042325454528
9,7,59.42460597113144
9,8,112.87431685272915
9,9,0.0
9,10,57.69434373969299
9,11,58.32453805379848
9,13,120.04395872152509
9,14,59.05347638283043
9,15,118.09660136187223
9,16,58.373466393262945
9,17,60.055348810518836
9,18,58.37059986985166
9,19,57.96498165767451
9,20,58.21150553295526
9,21,57.23019708861298
9,22,56.957541160637426
9,23,57.98766137767353
9,24,58.671795879412315
9,25,60.47424776538016
9,27,59.68097136581985
9,28,57.99938865584294
9,29,112.87431685272915
9,30,61.00895101346062
9,31,61.00895101346062
9,32,61.24184570435863
9,33,61.55010369932034
9,34,60.39080884048837
9,35,59.60933105130446
9,36,57.4382340090077
9,37,62.3172479418986
9,38,58.70513982298692
9,39,58.87115241029845
9,40,59.5721254028057
9,41,59.223242894580935
9,42,59.5693897488147
9,43,59.435062124094976
9,44,59.01482604815196
9,45,58.68729328238257
9,46,58.42244768811747
9,47,57.40694538804026
9,48,60.68310056485293
9,49,60.68310056485293
9,50,59.052365449026546
9,51,56.437158426364576
9,52,60.41045002801146
9,53,58.20410621162594
9,54,58.77869716525917
9,55,61.421990333957154
9,56,60.68310056485293
9,57,60.90771319903736
10,0,5.882166036003129
10,1,5.201201436429617
10,2,5.503127451816769
10,3,5.5599716533112336
10,4,1.017250597246443
10,5,0.5007561103335674
10,6,4.800450141509115
10,7,4.244632858095279
10,8,57.69434373969299
10,9,57.69434373969299
10,10,0.0
10,11,0.6301943141054894
10,13,64.86398560848893
10,14,3.873503269794271
10,15,62.91662824883607
10,16,3.1934932802267806
10,17,4.875375697482674
10,18,3.1906267568154973
10,19,2.785008544638346
10,20,3.0315324199190963
10,21,2.0502239755768237
10,22,1.777568047601265
10,23,2.8076882646373713
10,24,3.491822766376151
10,25,5.294274652344004
10,27,4.500998252783691
10,28,1.2736863789706763
10,29,57.69434373969299
10,30,5.828977900424455
10,31,5.828977900424455
10,32,6.0618725913224685
10,33,6.370130586284177
10,34,5.210835727452204
10,35,4.429357938268299
10,36,0.6782290470264958
10,37,7.13727482886244
10,38,3.5251667099507644
10,39,3.6911792972622886
10,40,2.6858952152905275
10,41,3.7359314644250965
10,42,3.1315506696911637
10,43,2.548831936579801
10,44,3.8348529351158014
10,45,3.5073201693464116
10,46,3.24247457508131
10,47,2.226972275004102
10,48,5.503127451816769
10,49,5.503127451816769
10,50,3.8723923359903827
10,51,1.2571853133284143
10,52,5.2304769149752985
10,53,3.0241330985897794
10,54,3.5987240522230035
10,55,6.242017220920991
10,56,5.503127451816769
10,57,5.727740086001203
11,0,6.512360350108618
11,1,5.831395750535106
11,2,6.1333217659222585
11,3,6.190165967416723
11,4,1.6474449113519323
11,5,1.1309504244390567
11,6,5.430644455614604
11,7,4.874827172200768
11,8,58.32453805379848
11,9,58.32453805379848
11,10,0.6301943141054894
11,11,0.0
11,13,65.49417992259443
11,14,4.50369758389976
11,15,63.54682256294156
11,16,3.82368759433227
11,17,5.505570011588164
11,18,3.820821070920987
11,19,3.415202858743835
11,20,3.661726734024586
11,21,2.680418289682313
11,22,2.4077623617067543
11,23,3.4378825787428604
11,24,4.1220170804816405
11,25,5.924468966449494
11,27,5.13119256688918
11,28,1.9038806930761656
11,29,58.32453805379848
11,30,6.459172214529945
11,31,6.459172214529945
11,32,6.692066905427957
11,33,7.000324900389666
11,34,5.841030041557693
11,35,5.059552252373788
11,36,1.308423361131985
11,37,7.767469142967929
11,38,4.155361024056253
11,39,4.321373611367777
11,40,2.055700901185038
11,41,3.105737150319607
11,42,2.501356355585674
11,43,1.9186376224743116
11,44,4.465047249221291
11,45,4.1375144834519
11,46,3.8726688891867993
11,47,2.857166589109591
11,48,6.1333217659222585
11,49,6.1333217659222585
11,50,4.502586650095871
11,51,1.8873796274339036
11,52,5.860671229080788
11,53,3.6543274126952685
11,54,4.228918366328493
11,55,6.872211535026481
11,56,6.1333217659222585
11,57,6.357934400106693
13,0,61.83076026763572
13,1,62.51172486720923
13,2,59.9061592303551
13,3,61.2051835480337
13,4,63.88203050473691
13,5,64.39852499164978
13,6,63.22458789036506
13,7,63.780405173778895
13,8,119.26701738702727
13,9,120.04395872152509
13,10,64.86398560848893
13,11,65.49417992259443
13,13,0.0
13,14,62.80050145810942
13,15,120.87933706207727
13,16,62.84197429117832
13,17,62.90229241763827
13,18,64.67324058465051
13,19,65.07885879682766
13,20,65.32538267210842
13,21,63.98524359582827
13,22,64.12718302943337
13,23,63.22777930676772
13,24,63.18218196152754
13,25,63.3211913724996
13,27,63.42799644109884
13,28,65.16903052463888
13,29,120.04395872152509
13,30,62.46002131789163
13,31,62.46002131789163
13,32,63.684460256816266
13,33,62.35232567419574
13,34,60.621344303982916
13,35,61.40282209316682
13,36,64.60787587780364
13,37,61.54030660740077
13,38,64.33870063151525
13,39,64.17268804420372
13,40,65.14936276217459
13,41,64.09932651304001
13,42,64.44547336727379
13,43,65.02819210038516
13,44,64.02901440635021
13,45,64.76193912033992
13,46,65.02678471460501
13,47,63.88070165219064
13,48,59.9061592303551
13,49,59.9061592303551
13,50,61.89930905614598
13,51,63.60680029516052
13,52,59.63350869351363
13,53,63.080189830085025
13,54,62.55439498217718
13,55,60.64504899945933
13,56,59.9061592303551
13,57,60.13077186453953
14,0,5.364244338717871
14,1,6.045208938291383
14,2,3.4396433014372585
14,3,4.73866761911586
14,4,2.8915481660422486
14,5,3.4080426529551238
14,6,5.900728876066909
14,7,5.344911592653073
14,8,59.05347638283043
14,9,59.05347638283043
14,10,3.873503269794271
14,11,4.50369758389976
14,13,62.80050145810942
14,14,0.0
14,15,59.94542831480913
14,16,1.45162002074631
14,17,1.9041757634557352
14,18,1.9806018551445865
14,19,2.386220067321738
14,20,2.6327439426024886
14,21,1.8232792942174476
14,22,2.095935222193006
14,23,1.0658150051569002
14,24,0.38168050341812004
14,25,2.0242674065253548
14,27,0.6274949829894195
14,28,4.178548185944221
14,29,59.05347638283043
14,30,2.8577779663975162
14,31,2.8577779663975162
14,32,3.0906726572955296
14,33,3.3989306522572384
14,34,2.239635793425265
14,35,1.4581580042413598
14,36,3.6173935391089787
14,37,4.210949719052202
14,38,1.6460619020093197
14,39,1.4800493146977953
14,40,5.7512849329069855
14,41,5.143548516102565
14,42,5.489695370336333
14,43,5.614221654196259
14,44,1.336375676844282
14,45,2.0693003908339906
14,46,2.334145985099092
14,47,3.5861049181415443
14,48,3.4396433014372585
14,49,3.4396433014372585
14,50,0.9011924019634436
14,51,2.6163179564658567
14,52,3.166992764595788
14,53,4.124411833147573
14,54,4.699002786780797
14,55,4.178038384702495
14,56,3.4396433014372585
14,57,3.6642559356216933
15,0,59.048576794441566
15,1,58.36761219486805
15,2,61.51847890540511
15,3,59.674153514043574
15,4,61.93467314508405
15,5,62.451167631996924
15,6,59.08047521802388
15,7,59.636292501437715
15,8,118.09660136187223
15,9,118.09660136187223
15,10,62.91662824883607
15,11,63.54682256294156
15,13,120.87933706207727
15,14,59.94542831480913
15,15,0.0
15,16,59.98690114787802
15,17,60.04721927433798
15,18,61.81816744135022
15,19,62.22378565352737
15,20,62.47030952880812
15,21,61.13017045252798
15,22,61.40282638050354
15,23,60.372706163467434
15,24,60.32710881822725
15,25,60.46611822919931
15,27,60.572923297798546
15,28,63.22167316498602
15,29,118.09660136187223
15,30,61.00082147727976
15,31,61.00082147727976
15,32,61.23371616817777
15,33,61.54197416313948
15,34,60.38267930430751
15,35,59.6012015151236
15,36,62.66051851815078
15,37,62.353993229934446
15,38,61.48362748821496
15,39,61.31761490090343
15,40,62.613853464797444
15,41,61.56381721566288
15,42,61.909964069896645
15,43,62.49268280300801
15,44,61.17394126304992
15,45,61.90686597703963
15,46,62.171711571304726
15,47,61.3451923548135
15,48,61.51847890540511
15,49,61.51847890540511
15,50,59.044235912845686
15,51,61.659442935507656
15,52,61.24582836856364
15,53,60.544680532707886
15,54,61.11927148634111
15,55,62.25736867450934
15,56,61.51847890540511
15,57,61.74309153958954
16,0,5.405717171786765
16,1,5.880324089999569
16,2,3.481116134506153
16,3,4.780140452184755
16,4,2.211538176474758
16,5,2.7280326633876335
16,6,5.479572795079067
16,7,4.923755511665231
16,8,58.373466393262945
16,9,58.373466393262945
16,10,3.1934932802267806
16,11,3.82368759433227
16,13,62.84197429117832
16,14,1.45162002074631
16,15,59.98690114787802
16,16,0.0
16,17,1.9456485965246295
16,18,3.4322218758908964
16,19,3.464131198208298
16,20,3.710655073489048
16,21,1.143269304649957
16,22,1.4159252326255156
16,23,0.3858050155894095
16,24,1.0699395173281898
16,25,2.3645475513859595
16,27,2.0791150037357293
16,28,3.498538196376731
16,29,58.373466393262945
16,30,2.8992507994664103
16,31,2.8992507994664103
16,32,3.132145490364424
16,33,3.4404034853261325
16,34,2.2811086264941594
16,35,1.4996308373102538
16,36,2.9373835495414884
16,37,4.2524225521210965
16,38,3.09768192275563
16,39,2.9316693354441052
16,40,5.071274943339495
16,41,4.722392435114723
16,42,5.068539289348491
16,43,4.934211664628768
16,44,2.787995697590592
16,45,3.5209204115803003
16,46,3.7857660058454017
16,47,2.9060949285740536
16,48,3.481116134506153
16,49,3.481116134506153
16,50,0.9426652350323378
16,51,1.9363079668983663
16,52,3.2084655976646825
16,53,3.7032557521597314
16,54,4.277846705792955
16,55,4.219511217771389
16,56,3.481116134506153
16,57,3.7057287686905878
17,0,5.4660352982467195
17,1,6.146999897820232
17,2,3.507464290478314
17,3,4.840458578644708
17,4,3.893420593730651
17,5,4.409915080643527
17,6,6.0025198355957565
17,7,5.446702552181921
17,8,60.055348810518836
17,9,60.055348810518836
17,10,4.875375697482674
17,11,5.505570011588164
17,13,62.90229241763827
17,14,1.9041757634557352
17,15,60.04721927433798
17,16,1.9456485965246295
17,17,0.0
17,18,3.1687782505524327
17,19,3.574396462729584
17,20,3.8209203380103345
17,21,3.088917901174586
17,22,3.361573829150145
17,23,2.331453612114039
17,24,2.2858562668738553
17,25,0.4188989548613301
17,27,1.8156713783972656
17,28,5.1804206136326245
17,29,60.055348810518836
17,30,0.953602202941781
17,31,0.953602202941781
17,32,3.192463616824378
17,33,3.500721611786086
17,34,2.341426752954113
17,35,1.5599489637702078
17,36,4.619265966797382
17,37,4.312740678581051
17,38,2.8342382974171656
17,39,2.6682257101056415
17,40,6.295375724765981
17,41,5.245339475631413
17,42,5.591486329865181
17,43,6.174205062976544
17,44,2.524552072252128
17,45,3.2574767862418366
17,46,3.522322380506938
17,47,4.587977345829947
17,48,3.507464290478314
17,49,3.507464290478314
17,50,1.0029833614922916
17,51,3.6181903841542598
17,52,3.2687837241246362
17,53,4.226202792676421
17,54,4.800793746309646
17,55,4.279829344231343
17,56,3.507464290478314
17,57,3.7320769246627488
18,0,6.558422166161797
18,1,5.877457566588285
18,2,5.312382427978352
18,3,6.236227783469903
18,4,2.208671653063475
18,5,2.7251661399763503
18,6,5.4767062716677835
18,7,4.920888988253948
18,8,58.37059986985166
18,9,58.37059986985166
18,10,3.1906267568154973
18,11,3.820821070920987
18,13,64.67324058465051
18,14,1.9806018551445865
18,15,61.81816744135022
18,16,3.4322218758908964
18,17,3.1687782505524327
18,18,0.0
18,19,0.40561821217715155
18,20,0.652142087457902
18,21,2.726480105735493
18,22,2.453824177759934
18,23,3.0464168603014867
18,24,2.3622823585627066
18,25,2.7498792956911022
18,27,1.3531068721551671
18,28,3.495671672965448
18,29,58.37059986985166
18,30,4.1223804534942134
18,31,4.1223804534942134
18,32,4.963411783836623
18,33,5.271669778798331
18,34,4.112374919966358
18,35,3.3308971307824526
18,36,2.934517026130205
18,37,6.083688845593295
18,38,0.33453995313526685
18,39,0.5005525404467912
18,40,5.068408419928212
18,41,4.71952591170344
18,42,5.065672765937208
18,43,4.931345141217486
18,44,0.6442261783003045
18,45,1.3771508922900129
18,46,1.370180463112987
18,47,2.903228405162771
18,48,5.312382427978352
18,49,5.312382427978352
18,50,2.7739315285045363
18,51,1.9334414434870832
18,52,5.039731891136881
18,53,3.700389228748448
18,54,4.274980182381672
18,55,6.050777511243588
18,56,5.312382427978352
18,57,5.536995062162786
19,0,6.152803953984646
19,1,5.471839354411134
19,2,5.718000640155503
19,3,5.830609571292751
19,4,1.8030534408863232
19,5,2.319547927799199
19,6,5.0710880594906325
19,7,4.515270776076796
19,8,57.96498165767451
19,9,57.96498165767451
19,10,2.785008544638346
19,11,3.415202858743835
19,13,65.07885879682766
19,14,2.386220067321738
19,15,62.22378565352737
19,16,3.464131198208298
19,17,3.574396462729584
19,18,0.40561821217715155
19,19,0.0
19,20,0.24652387528075045
19,21,2.320861893558341
19,22,2.048205965582782
19,23,3.0783261826188886
19,24,2.767900570739858
19,25,3.1554975078682537
19,27,1.7587250843323186
19,28,3.0900534607882966
19,29,57.96498165767451
19,30,4.527998665671365
19,31,4.527998665671365
19,32,5.369029996013774
19,33,5.677287990975483
19,34,4.517993132143509
19,35,3.7365153429596036
19,36,2.5288988139530537
19,37,6.489307057770446
19,38,0.7401581653124184
19,39,0.9061707526239428
19,40,4.66279020775106
19,41,4.313907699526288
19,42,4.660054553760056
19,43,4.525726929040334
19,44,1.049844390477456
19,45,1.2294078452009367
19,46,0.9645622509358355
19,47,2.4976101929856194
19,48,5.718000640155503
19,49,5.718000640155503
19,50,3.1795497406816877
19,51,1.5278232313099316
19,52,5.445350103314032
19,53,3.2947710165712967
19,54,3.8693619702045208
19,55,6.456395723420739
19,56,5.718000640155503
19,57,5.942613274339937
20,0,6.399327829265396
20,1,5.718363229691884
20,2,5.964524515436254
20,3,6.077133446573502
20,4,2.0495773161670736
20,5,2.566071803079949
20,6,5.317611934771382
20,7,4.761794651357547
20,8,58.21150553295526
20,9,58.21150553295526
20,10,3.0315324199190963
20,11,3.661726734024586
20,13,65.32538267210842
20,14,2.6327439426024886
20,15,62.47030952880812
20,16,3.710655073489048
20,17,3.8209203380103345
20,18,0.652142087457902
20,19,0.24652387528075045
20,20,0.0
20,21,2.5673857688390918
20,22,2.294729840863533
20,23,3.3248500578996385
20,24,3.014424446020609
20,25,3.4020213831490045
20,27,2.005248959613069
20,28,3.3365773360690465
20,29,58.21150553295526
20,30,4.774522540952115
20,31,4.774522540952115
20,32,5.615553871294525
20,33,5.923811866256233
20,34,4.76451700742426
20,35,3.9830392182403545
20,36,2.775422689233804
20,37,6.735830933051197
20,38,0.9866820405931689
20,39,1.1526946279046932
20,40,4.909314083031811
20,41,4.560431574807039
20,42,4.906578429040807
20,43,4.772250804321084
20,44,1.2963682657582065
20,45,0.9828839699201861
20,46,0.718038375655085
20,47,2.7441340682663693
20,48,5.964524515436254
20,49,5.964524515436254
20,50,3.426073615962438
20,51,1.774347106590682
20,52,5.691873978594783
20,53,3.541294891852047
20,54,4.115885845485272
20,55,6.70291959870149
20,56,5.964524515436254
20,57,6.189137149620688
21,0,5.418019384923124
21,1,4.737054785349612
21,2,4.62438543915611
21,3,5.095825002231229
21,4,1.0682688718248012
21,5,1.5847633587376768
21,6,4.33630349042911
21,7,3.780486207015274
21,8,57.23019708861298
21,9,57.23019708861298
21,10,2.0502239755768237
21,11,2.680418289682313
21,13,63.98524359582827
21,14,1.8232792942174476
21,15,61.13017045252798
21,16,1.143269304649957
21,17,3.088917901174586
21,18,2.726480105735493
21,19,2.320861893558341
21,20,2.5673857688390918
21,21,0.0
21,22,0.2726559279755589
21,23,0.7574642890605473
21,24,1.4415987907993275
21,25,3.507816856035916
21,27,2.4507742772068672
21,28,2.3552688917267743
21,29,57.23019708861298
21,30,4.042520104116367
21,31,4.042520104116367
21,32,4.275414795014381
21,33,4.583672789976089
21,34,3.424377931144116
21,35,2.6429001419602107
21,36,1.7941142448915317
21,37,5.3956918567710535
21,38,3.0610200588707595
21,39,3.2270326461822836
21,40,3.9280056386895383
21,41,3.579123130464766
21,42,3.9252699846985344
21,43,3.790942359978812
21,44,3.15965497106173
21,45,3.0431735182664066
21,46,2.7783279240013052
21,47,1.7628256239240971
21,48,4.62438543915611
21,49,4.62438543915611
21,50,2.0859345396822944
21,51,0.7930386622484096
21,52,4.351734902314639
21,53,2.5599864475097744
21,54,3.1345774011429985
21,55,5.362780522421346
21,56,4.62438543915611
21,57,4.848998073340544
22,0,5.145363456947565
22,1,4.464398857374053
22,2,4.7663248727612055
22,3,4.82316907425567
22,4,0.7956129438492423
22,5,1.3121074307621179
22,6,4.063647562453551
22,7,3.507830279039715
22,8,56.957541160637426
22,9,56.957541160637426
22,10,1.777568047601265
22,11,2.4077623617067543
22,13,64.12718302943337
22,14,2.095935222193006
22,15,61.40282638050354
22,16,1.4159252326255156
22,17,3.361573829150145
22,18,2.453824177759934
22,19,2.048205965582782
22,20,2.294729840863533
22,21,0.2726559279755589
22,22,0.0
22,23,1.0301202170361061
22,24,1.7142547187748862
22,25,3.780472784011475
22,27,2.7234302051824257
22,28,2.0826129637512154
22,29,56.957541160637426
22,30,4.315176032091926
22,31,4.315176032091926
22,32,4.548070722989939
22,33,4.856328717951648
22,34,3.6970338591196747
22,35,2.9155560699357697
22,36,1.5214583169159728
22,37,5.6683477847466115
22,38,2.7883641308952005
22,39,2.9543767182067247
22,40,3.6553497107139794
22,41,3.3064672024892072
22,42,3.6526140567229755
22,43,3.518286432003253
22,44,3.098050356060238
22,45,2.7705175902908477
22,46,2.5056719960257463
22,47,1.4901696959485382
22,48,4.7663248727612055
22,49,4.7663248727612055
22,50,2.3585904676578533
22,51,0.5203827342728506
22,52,4.493674335919735
22,53,2.2873305195342155
22,54,2.8619214731674396
22,55,5.505214641865428
22,56,4.7663248727612055
22,57,4.99093750694564
23,0,5.791522187376175
23,1,5.494519074410159
23,2,3.8669211500955623
23,3,5.165945467774163
23,4,1.8257331608853484
23,5,2.3422276477982242
23,6,5.093767779489657
23,7,4.537950496075822
23,8,57.98766137767353
23,9,57.98766137767353
23,10,2.8076882646373713
23,11,3.4378825787428604
23,13,63.22777930676772
23,14,1.0658150051569002
23,15,60.372706163467434
23,16,0.3858050155894095
23,17,2.331453612114039
23,18,3.0464168603014867
23,19,3.0783261826188886
23,20,3.3248500578996385
23,21,0.7574642890605473
23,22,1.0301202170361061
23,23,0.0
23,24,0.6841345017387802
23,25,2.750352566975369
23,27,1.6933099881463196
23,28,3.1127331807873215
23,29,57.98766137767353
23,30,3.28505581505582
23,31,3.28505581505582
23,32,3.5179505059538334
23,33,3.8262085009155418
23,34,2.6669136420835686
23,35,1.8854358528996633
23,36,2.551578533952079
23,37,4.638227567710506
23,38,2.7118769071662197
23,39,2.5458643198546955
23,40,4.685469927750086
23,41,4.336587419525314
23,42,4.682734273759082
23,43,4.548406649039359
23,44,2.4021906820011822
23,45,3.1351153959908906
23,46,3.399960990255992
23,47,2.5202899129846443
23,48,3.8669211500955623
23,49,3.8669211500955623
23,50,1.3284702506217472
23,51,1.5505029513089568
23,52,3.594270613254092
23,53,3.317450736570322
23,54,3.892041690203546
23,55,4.605316233360798
23,56,3.8669211500955623
23,57,4.091533784279997
24,0,5.745924842135992
24,1,6.178653576148939
24,2,3.821323804855379
24,3,5.12034812253398
24,4,2.5098676626241287
24,5,3.026362149537004
24,6,5.777902281228437
24,7,5.222084997814601
24,8,58.671795879412315
24,9,58.671795879412315
24,10,3.491822766376151
24,11,4.1220170804816405
24,13,63.18218196152754
24,14,0.38168050341812004
24,15,60.32710881822725
24,16,1.0699395173281898
24,17,2.2858562668738553
24,18,2.3622823585627066
24,19,2.767900570739858
24,20,3.014424446020609
24,21,1.4415987907993275
24,22,1.7142547187748862
24,23,0.6841345017387802
24,24,0.0
24,25,2.4059479099434746
24,27,1.0091754864075395
24,28,3.7968676825261016
24,29,58.671795879412315
24,30,3.239458469815636
24,31,3.239458469815636
24,32,3.47235316071365
24,33,3.7806111556753583
24,34,2.621316296843385
24,35,1.8398385076594799
24,36,3.2357130356908588
24,37,4.592630222470323
24,38,2.02774240542744
24,39,1.8617298181159154
24,40,5.369604429488866
24,41,5.0207219212640934
24,42,5.366868775497862
24,43,5.23254115077814
24,44,1.7180561802624021
24,45,2.4509808942521105
24,46,2.715826488517212
24,47,3.2044244147234244
24,48,3.821323804855379
24,49,3.821323804855379
24,50,1.2828729053815637
24,51,2.234637453047737
24,52,3.5486732680139084
24,53,4.001585238309102
24,54,4.576176191942325
24,55,4.559718888120615
24,56,3.821323804855379
24,57,4.045936439039814
25,0,5.8849342531080495
25,1,6.565898852681562
25,2,3.926363245339644
25,3,5.259357533506038
25,4,4.312319548591981
25,5,4.828814035504857
25,6,6.4214187904570865
25,7,5.865601507043251
25,8,60.47424776538016
25,9,60.47424776538016
25,10,5.294274652344004
25,11,5.924468966449494
25,13,63.3211913724996
25,14,2.0242674065253548
25,15,60.46611822919931
25,16,2.3645475513859595
25,17,0.4188989548613301
25,18,2.7498792956911022
25,19,3.1554975078682537
25,20,3.4020213831490045
25,21,3.507816856035916
25,22,3.780472784011475
25,23,2.750352566975369
25,24,2.4059479099434746
25,25,0.0
25,27,1.3967724235359353
25,28,5.5993195684939545
25,29,60.47424776538016
25,30,1.3725011578031112
25,31,1.3725011578031112
25,32,3.611362571685708
25,33,3.919620566647416
25,34,2.760325707815443
25,35,1.9788479186315378
25,36,5.038164921658712
25,37,4.731639633442381
25,38,2.4153393425558356
25,39,2.249326755244311
25,40,6.714274679627311
25,41,5.664238430492743
25,42,6.010385284726511
25,43,6.593104017837874
25,44,2.1056531173907977
25,45,2.838577831380506
25,46,3.1034234256456075
25,47,5.006876300691277
25,48,3.926363245339644
25,49,3.926363245339644
25,50,1.4218823163536216
25,51,4.03708933901559
25,52,3.6876826789859662
25,53,4.645101747537751
25,54,5.219692701170976
25,55,4.698728299092673
25,56,3.926363245339644
25,57,4.150975879524078
27,0,5.991739321707291
27,1,6.672703921280803
27,2,4.067138284426679
27,3,5.3661626021052795
27,4,3.519043149031668
27,5,4.035537635944544
27,6,6.528223859056328
27,7,5.972406575642492
27,8,59.68097136581985
27,9,59.68097136581985
27,10,4.500998252783691
27,11,5.13119256688918
27,13,63.42799644109884
27,14,0.6274949829894195
27,15,60.572923297798546
27,16,2.0791150037357293
27,17,1.8156713783972656
27,18,1.3531068721551671
27,19,1.7587250843323186
27,20,2.005248959613069
27,21,2.4507742772068672
27,22,2.7234302051824257
27,23,1.6933099881463196
27,24,1.0091754864075395
27,25,1.3967724235359353
27,27,0.0
27,28,4.806043168933641
27,29,59.68097136581985
27,30,2.7692735813390463
27,31,2.7692735813390463
27,32,3.7181676402849493
27,33,4.026425635246658
27,34,2.8671307764146845
27,35,2.0856529872307794
27,36,4.244888522098399
27,37,4.838444702041622
27,38,1.0185669190199
27,39,0.8525543317083758
27,40,6.378779915896406
27,41,5.771043499091984
27,42,6.117190353325753
27,43,6.241716637185679
27,44,0.7088806938548625
27,45,1.441805407844571
27,46,1.7066510021096721
27,47,4.213599901130964
27,48,4.067138284426679
27,49,4.067138284426679
27,50,1.528687384952863
27,51,3.2438129394552764
27,52,3.7944877475852077
27,53,4.751906816136993
27,54,5.326497769770217
27,55,4.805533367691915
27,56,4.067138284426679
27,57,4.291750918611113
28,0,6.187210952153079
28,1,5.506246352579567
28,2,5.808172367966719
28,3,5.865016569461185
28,4,1.8374604390547564
28,5,1.7744424893042436
28,6,5.105495057659065
28,7,4.54967777424523
28,8,57.99938865584294
28,9,57.99938865584294
28,10,1.2736863789706763
28,11,1.9038806930761656
28,13,65.16903052463888
28,14,4.178548185944221
28,15,63.22167316498602
28,16,3.498538196376731
28,17,5.1804206136326245
28,18,3.495671672965448
28,19,3.0900534607882966
28,20,3.3365773360690465
28,21,2.3552688917267743
28,22,2.0826129637512154
28,23,3.1127331807873215
28,24,3.7968676825261016
28,25,5.5993195684939545
28,27,4.806043168933641
28,28,0.0
28,29,57.99938865584294
28,30,6.134022816574405
28,31,6.134022816574405
28,32,6.366917507472419
28,33,6.6751755024341275
28,34,5.515880643602154
28,35,4.734402854418249
28,36,0.5954573319441805
28,37,7.44231974501239
28,38,3.8302116261007146
28,39,3.9962242134122388
28,40,3.9595815942612034
28,41,4.348314697694722
28,42,4.4052370486618395
28,43,3.822518315550477
28,44,4.1398978512657525
28,45,3.8123650854963618
28,46,3.5475194912312604
28,47,2.5320171911540523
28,48,5.808172367966719
28,49,5.808172367966719
28,50,4.177437252140333
28,51,1.5622302294783648
28,52,5.535521831125249
28,53,3.32917801473973
28,54,3.903768968372954
28,55,6.547062137070942
28,56,5.808172367966719
28,57,6.0327850021511535
29,0,61.06213914903929
29,1,60.381174549465776
29,2,60.68310056485293
29,3,60.73994476634739
29,4,56.71238863594097
29,5,57.228883122853844
29,6,59.98042325454528
29,7,59.42460597113144
29,8,112.87431685272915
29,9,112.87431685272915
29,10,57.69434373969299
29,11,58.32453805379848
29,13,120.04395872152509
29,14,59.05347638283043
29,15,118.09660136187223
29,16,58.373466393262945
29,17,60.055348810518836
29,18,58.37059986985166
29,19,57.96498165767451
29,20,58.21150553295526
29,21,57.23019708861298
29,22,56.957541160637426
29,23,57.98766137767353
29,24,58.671795879412315
29,25,60.47424776538016
29,27,59.68097136581985
29,28,57.99938865584294
29,29,0.0
29,30,61.00895101346062
29,31,61.00895101346062
29,32,61.24184570435863
29,33,61.55010369932034
29,34,60.39080884048837
29,35,59.60933105130446
29,36,57.4382340090077
29,37,62.3172479418986
29,38,58.70513982298692
29,39,58.87115241029845
29,40,59.5721254028057
29,41,59.223242894580935
29,42,59.5693897488147
29,43,59.435062124094976
29,44,59.01482604815196
29,45,58.68729328238257
29,46,58.42244768811747
29,47,57.40694538804026
29,48,60.68310056485293
29,49,60.68310056485293
29,50,59.052365449026546
29,51,56.437158426364576
29,52,60.41045002801146
29,53,58.20410621162594
29,54,58.77869716525917
29,55,61.421990333957154
29,56,60.68310056485293
29,57,60.90771319903736
30,0,5.023764198500086
30,1,5.704728798073599
30,2,2.5538620875365328
30,3,4.398187478898075
30,4,4.847022796672432
30,5,5.363517283585308
30,6,6.417591821229427
30,7,6.4003047551237024
30,8,61.00895101346062
30,9,61.00895101346062
30,10,5.828977900424455
30,11,6.459172214529945
30,13,62.46002131789163
30,14,2.8577779663975162
30,15,61.00082147727976
30,16,2.8992507994664103
30,17,0.953602202941781
30,18,4.1223804534942134
30,19,4.527998665671365
30,20,4.774522540952115
30,21,4.042520104116367
30,22,4.315176032091926
30,23,3.28505581505582
30,24,3.239458469815636
30,25,1.3725011578031112
30,27,2.7692735813390463
30,28,6.134022816574405
30,29,61.00895101346062
30,30,0.0
30,31,0.0
30,32,4.146065819766159
30,33,4.454323814727867
30,34,3.2950289558958943
30,35,2.5135511667119887
30,36,5.572868169739163
30,37,4.733310538265145
30,38,3.7878405003589464
30,39,3.6218279130474222
30,40,7.248977927707763
30,41,6.198941678573195
30,42,6.545088532806963
30,43,7.127807265918325
30,44,3.478154275193909
30,45,4.211078989183617
30,46,4.475924583448719
30,47,5.541579548771728
30,48,2.5538620875365328
30,49,2.5538620875365328
30,50,1.9565855644340726
30,51,4.5717925870960405
30,52,2.826512624378003
30,53,5.179804995618203
30,54,5.747398913041552
30,55,3.352895973702368
30,56,2.5538620875365328
30,57,2.7784747217209675
31,0,5.023764198500086
31,1,5.704728798073599
31,2,2.5538620875365328
31,3,4.398187478898075
31,4,4.847022796672432
31,5,5.363517283585308
31,6,6.417591821229427
