source_id,target_id,rtt
0,0,0.0
0,1,0.6809645995735122
0,2,1.9143852081849737
0,3,0.6255767196020112
0,4,3.2165552864423947
0,5,3.4099098031190764
0,6,0.9436595583719765
0,7,1.4308640028414052
0,8,57.931425954800204
0,9,57.931425954800204
0,10,3.834356251321263
0,11,3.527364157356848
0,13,57.931425954800204
0,14,3.323982401730041
0,15,57.931425954800204
0,16,2.224128396262978
0,17,3.766405511233354
0,18,4.042830788770123
0,19,4.193727075866222
0,20,4.097194300882054
0,21,2.919956097812255
0,22,3.022304501615891
0,23,2.4509697363937826
0,24,3.0632259675234064
0,25,4.1482464831954395
0,27,3.885341848131949
0,28,4.5918494839576995
0,29,57.931425954800204
0,30,3.6222151670335028
0,31,3.6222151670335028
0,32,4.316963651593214
0,33,3.664375431521169
0,34,1.7196723776474996
0,35,2.2965095420822816
0,36,3.9964735356568686
0,37,3.652690488886139
0,38,3.89204808317293
0,39,4.046477370269464
0,40,3.1559417121591085
0,41,2.1093841559524518
0,42,3.115052880633125
0,43,3.0197651685424654
0,44,4.179130401321494
0,45,4.603192422074021
0,46,4.809197478831605
0,47,2.4189538429900566
0,48,1.9143852081849737
0,49,1.9143852081849737
0,50,2.7895289862351946
0,51,3.1050729170541507
0,52,1.7469876747460065
0,53,1.943726275043513
0,54,1.3696131651709453
0,55,2.0302756114260756
0,56,1.9143852081849737
0,57,1.77541053452795
1,0,0.6809645995735122
1,1,0.0
1,2,1.50040584791223
1,3,1.0070311483535543
1,4,3.098124965117515
1,5,3.3858837471711416
1,6,0.7128630231558284
1,7,1.2640079919777136
1,8,58.36761219486805
1,9,58.36761219486805
1,10,3.852658972085773
1,11,3.650774532000781
1,13,58.36761219486805
1,14,2.76053697047878
1,15,58.36761219486805
1,16,1.7065973872557347
1,17,3.1066840869731194
1,18,3.6133207545755273
1,19,3.815395137938698
1,20,3.7528751678497843
1,21,2.5888231157751247
1,22,2.7431374133544653
1,23,1.9986595008063501
1,24,2.541669671845
1,25,3.4967935732923663
1,27,3.351856885608525
1,28,4.484007224201464
1,29,58.36761219486805
1,30,2.941604801339745
1,31,2.941604801339745
1,32,3.646185753037351
1,33,3.0663338922427132
1,34,1.0415771994482697
1,35,1.6337323249117635
1,36,3.8977350550674847
1,37,3.1497893748282677
1,38,3.423131284868623
1,39,3.584294324066673
1,40,3.612783375878668
1,41,2.597001436421594
1,42,3.479729016501236
1,43,3.480544602122123
1,44,3.722978531016664
1,45,4.2202171417851115
1,46,4.4455531419486105
1,47,2.440581226275157
1,48,1.50040584791223
1,49,1.50040584791223
1,50,2.147679892099638
1,51,2.935282525600138
1,52,1.2729361478487873
1,53,2.177068337839837
1,54,1.6482263783383098
1,55,1.8731626595338342
1,56,1.50040584791223
1,57,1.4293800610483358
2,0,1.9143852081849737
2,1,1.50040584791223
2,2,0.0
2,3,1.6568690666034858
2,4,4.446353050004445
2,5,4.795721955920874
2,6,2.174857185920269
2,7,2.6872507867658717
2,8,59.834123409804064
2,9,59.834123409804064
2,10,5.280164655812897
2,11,5.12803358537375
2,13,59.834123409804064
2,14,3.368059542491684
2,15,59.834123409804064
2,16,2.626133436402174
2,17,3.1595318277946
2,18,4.502453819400164
2,19,4.794886828806922
2,20,4.796026036789034
2,21,3.7287947475567043
2,22,3.941816926846236
2,23,3.0041609543955223
2,24,3.307878538937839
2,25,3.5770391159924992
2,27,3.9940031543922445
2,28,5.805053588167527
2,29,59.834123409804064
2,30,2.5538620875365328
2,31,2.5538620875365328
2,32,2.9549635782222214
2,33,1.9367631901691276
2,34,1.251802388061769
2,35,1.9765940820861794
2,36,5.239836676703455
2,37,1.7552908644739844
2,38,4.235997988733996
2,39,4.401435584220039
2,40,5.057668843640983
2,41,4.017401029100425
2,42,4.965599590182665
2,43,4.922550408931457
2,44,4.54494311764414
2,45,5.170527918776364
2,46,5.422561235810758
2,47,3.895966290479952
2,48,0.0
2,49,0.0
2,50,2.502310252979303
2,51,4.244010715853266
2,52,0.2726505368414705
2,53,3.677332363111729
2,54,3.1413096456970946
2,55,0.7990338861658348
2,56,0.0
2,57,0.22461263418443458
3,0,0.6255767196020112
3,1,1.0070311483535543
3,2,1.6568690666034858
3,3,0.0
3,4,3.8399001986640173
3,5,4.034758739624704
3,6,1.516603138552295
3,7,2.0369084459556777
3,8,58.33151148031158
3,9,58.33151148031158
3,10,4.4556655366517415
3,11,4.132795182616006
3,13,58.33151148031158
3,14,3.7675552687597227
3,15,58.33151148031158
3,16,2.704225284728503
3,17,4.059038818688475
3,18,4.584349658081917
3,19,4.759816999545864
3,20,4.676344037484097
3,21,3.4993704105057666
3,22,3.6180886022072136
3,23,2.97380302582276
3,24,3.5431526824425115
3,25,4.460436861879703
3,27,4.3567116978187705
3,28,5.216873001483255
3,29,58.33151148031158
3,30,3.7719660127318067
3,31,3.7719660127318067
3,32,4.379755156281724
3,33,3.5524910683343998
3,34,1.8969390981161935
3,35,2.5956939292403254
3,36,4.621561105794042
3,37,3.4050822689308387
3,38,4.410573087416079
3,39,4.56948330993507
3,40,3.601293236795578
3,41,2.554281777767271
3,42,3.6285228869038675
3,43,3.464256076381686
3,44,4.706032713274264
3,45,5.168210060468793
3,46,5.382606559177807
3,47,3.0429876564517873
3,48,1.6568690666034858
3,49,1.6568690666034858
3,50,3.130437338271725
3,51,3.7229567132644243
3,52,1.5716748545200718
3,53,2.5358385547214546
3,54,1.9624426736400915
3,55,1.5490403280518434
3,56,1.6568690666034858
3,57,1.4681364189754869
4,0,3.2165552864423947
4,1,3.098124965117515
4,2,4.446353050004445
4,3,3.8399001986640173
4,4,0.0
4,5,0.5164944869128756
4,6,2.3958270150484386
4,7,1.8402047637891141
4,8,56.16353563832923
4,9,56.16353563832923
4,10,0.9832350731446459
4,11,1.2713272053316944
4,13,56.16353563832923
4,14,2.41062786947641
4,15,56.16353563832923
4,16,2.0618171151167983
4,17,3.5715015786318247
4,18,1.8693406709897074
4,19,1.6903714600693438
4,20,1.4625344489504255
4,21,1.0572235022672332
4,22,0.7940013301610371
4,23,1.7195140977592946
4,24,2.0604791837479497
4,25,3.684925230230874
4,27,2.4385218530712582
4,28,1.3873429888574664
4,29,56.16353563832923
4,30,4.203237454492313
4,31,4.203237454492313
4,32,5.060840247238172
4,33,5.2726230318595775
4,34,3.3179520113769048
4,35,2.976924562456145
4,36,0.8000751673629792
4,37,5.7195477452468975
4,38,2.0195531562937767
4,39,2.0616038323492325
4,40,2.8804995297369778
4,41,2.671505270978407
4,42,2.3362930160837188
4,43,2.8379273233686364
4,44,2.10345675016739
4,45,2.0070268272734615
4,46,2.085339079837351
4,47,0.9291563950416621
4,48,4.446353050004445
4,49,4.446353050004445
4,50,2.8860413063806556
4,51,0.27523020957639166
4,52,4.17732821531494
4,53,1.7238791178854675
4,54,2.102803617307227
4,55,4.961992165347944
4,56,4.446353050004445
4,57,4.447506278696757
5,0,3.4099098031190764
5,1,3.3858837471711416
5,2,4.795721955920874
5,3,4.034758739624704
5,4,0.5164944869128756
5,5,0.0
5,6,2.6731804303857354
5,7,2.12514471626224
5,8,55.66378209098889
5,9,55.66378209098889
5,10,0.5007561103335674
5,11,0.7817148364094345
5,13,55.66378209098889
5,14,2.926989002084177
5,15,55.66378209098889
5,16,2.5263754182650766
5,17,4.086259265968909
5,18,2.3316596283936204
5,19,2.1048798789542884
5,20,1.8638827898487556
5,21,1.5705018377238331
5,22,1.3099592583377522
5,23,2.2028911157569464
5,24,2.5751795643356803
5,25,4.201294363642542
5,27,2.9433463339225345
5,28,1.242944338247661
5,29,55.66378209098889
5,30,4.7027269246037795
5,31,4.7027269246037795
5,32,5.562728929706051
5,33,5.729925181776588
5,34,3.7192598466025046
5,35,3.4382030894361075
5,36,0.6832396066500228
5,37,6.144584380274296
5,38,2.5086099938373687
5,39,2.5375443545363456
5,40,2.5467673564340596
5,41,2.5158103837474477
5,42,1.9807765197975733
5,43,2.5240903421673293
5,44,2.56641370057293
5,45,2.374261530675129
5,46,2.407615258607706
5,47,0.9938338668996888
5,48,4.795721955920874
5,49,4.795721955920874
5,50,3.380716348094035
5,51,0.7898086815090934
5,52,4.531395791879911
5,53,1.6856589873848706
5,54,2.1665618119162016
5,55,5.259021775428214
5,56,4.795721955920874
5,57,4.777943750688103
6,0,0.9436595583719765
6,1,0.7128630231558284
6,2,2.174857185920269
6,3,1.516603138552295
6,4,2.3958270150484386
6,5,2.6731804303857354
6,6,0.0
6,7,0.5558172834138361
6,8,57.78617223935533
6,9,57.78617223935533
6,10,3.1402276973110412
6,11,2.9539506598924348
6,13,57.78617223935533
6,14,2.444748778215018
6,15,57.78617223935533
6,16,1.3308485361202897
6,17,3.0516418395476155
6,18,3.0997676724851795
6,19,3.2522862107050066
6,20,3.1616432668950014
6,21,1.984048648302872
6,22,2.1033762506695246
6,23,1.5178073898671336
6,24,2.154791322034553
6,25,3.3994960820413946
6,27,2.9766201090032736
6,28,3.7831232949033278
6,29,57.78617223935533
6,30,3.108327401413246
6,31,3.108327401413246
6,32,3.898899214932214
6,33,3.53518083458169
6,34,1.3751103370305666
6,35,1.6534224745512367
6,36,3.1938293372572155
6,37,3.7323126137337352
6,38,2.9554341496813654
6,39,3.107918120917765
6,40,3.114541452002234
6,41,2.168219350381585
6,42,2.903365250794837
6,43,2.9895245007999605
6,44,3.2391448335393354
6,45,3.6615835780364048
6,46,3.870739720006648
6,47,1.7316092355650463
6,48,2.174857185920269
6,49,2.174857185920269
6,50,2.0488084643334292
6,51,2.246025156211987
6,52,1.9271243544294514
6,53,1.5525617579319722
6,54,1.0975625757104606
6,55,2.5858617169687457
6,56,2.174857185920269
6,57,2.1269300854666704
7,0,1.4308640028414052
7,1,1.2640079919777136
7,2,2.6872507867658717
7,3,2.0369084459556777
7,4,1.8402047637891141
7,5,2.12514471626224
7,6,0.5558172834138361
7,7,0.0
7,8,57.3969266115289
7,9,57.3969266115289
7,10,2.5994249542140992
7,11,2.4541189010536595
7,13,57.3969266115289
7,14,2.229548858758849
7,15,57.3969266115289
7,16,1.163447909693555
7,17,3.0277504353719085
7,18,2.686382622728229
7,19,2.7941072003205387
7,20,2.6809525945325365
7,21,1.510861700586039
7,22,1.5936119284859211
7,23,1.208690466697549
7,24,1.8903819624541243
7,25,3.330097620120619
7,27,2.6876822698165315
7,28,3.227543452623058
7,29,57.3969266115289
7,30,3.252099444596639
7,31,3.252099444596639
7,32,4.085614398891981
7,33,3.885926064050467
7,34,1.7360547149506107
7,35,1.782033315781007
7,36,2.6380139994496608
7,37,4.163007134812514
7,38,2.5854408466744565
7,39,2.7268733406103385
7,40,2.877958164250547
7,41,2.047206692532426
7,42,2.580707577977421
7,43,2.7644501874259837
7,44,2.8490511624553774
7,45,3.202778973111631
7,46,3.397223348381561
7,47,1.2111421018626674
7,48,2.6872507867658717
7,49,2.6872507867658717
7,50,2.0459769083616846
7,51,1.695761564232435
7,52,2.4294604246786293
7,53,1.2204997595054994
7,54,0.9506166404100655
7,55,3.1362049675785704
7,56,2.6872507867658717
7,57,2.6569962466129993
8,0,57.931425954800204
8,1,58.36761219486805
8,2,59.834123409804064
8,3,58.33151148031158
8,4,56.16353563832923
8,5,55.66378209098889
8,6,57.78617223935533
8,7,57.3969266115289
8,8,0.0
8,9,0.0
8,10,55.18030089397592
8,11,55.05398704780445
8,13,0.0
8,14,58.51286711116659
8,15,0.0
8,16,58.16297350119446
8,17,59.68765584010548
8,18,57.51011994681643
8,19,57.117739025499986
8,20,56.914273616180594
8,21,57.2134730024532
8,22,56.94250380286923
8,23,57.862814996717034
8,24,58.197974873289425
8,25,59.7132028550571
8,27,58.324701377617544
8,28,55.25327664380966
8,29,0.0
8,30,60.366123636088595
8,31,60.366123636088595
8,32,61.224331244343084
8,33,61.2807433017954
8,34,59.129652089721475
8,35,59.051408507899026
8,36,55.582745306079104
8,37,61.511507360226226
8,38,57.81497993128132
8,39,57.75207761968288
8,40,54.777375916361514
8,41,55.822042537367906
8,42,54.892121450101364
8,43,54.912970416670156
8,44,57.69353778899214
8,45,57.056850857948376
8,46,56.85626364186715
8,47,56.26696022368508
8,48,59.834123409804064
8,49,59.834123409804064
8,50,59.044235912845686
8,51,56.437158426364576
8,52,59.63350869351363
8,53,56.2337839750572
8,54,56.72453684526354
8,55,59.87778484569539
8,56,59.834123409804064
8,57,59.70661227310924
9,0,57.931425954800204
9,1,58.36761219486805
9,2,59.834123409804064
9,3,58.33151148031158
9,4,56.16353563832923
9,5,55.66378209098889
9,6,57.78617223935533
9,7,57.3969266115289
9,8,0.0
9,9,0.0
9,10,55.18030089397592
9,11,55.05398704780445
9,13,0.0
9,14,58.51286711116659
9,15,0.0
9,16,58.16297350119446
9,17,59.68765584010548
9,18,57.51011994681643
9,19,57.117739025499986
9,20,56.914273616180594
9,21,57.2134730024532
9,22,56.94250380286923
9,23,57.862814996717034
9,24,58.197974873289425
9,25,59.7132028550571
9,27,58.324701377617544
9,28,55.25327664380966
9,29,0.0
9,30,60.366123636088595
9,31,60.366123636088595
9,32,61.224331244343084
9,33,61.2807433017954
9,34,59.129652089721475
9,35,59.051408507899026
9,36,55.582745306079104
9,37,61.511507360226226
9,38,57.81497993128132
9,39,57.75207761968288
9,40,54.777375916361514
9,41,55.822042537367906
9,42,54.892121450101364
9,43,54.912970416670156
9,44,57.69353778899214
9,45,57.056850857948376
9,46,56.85626364186715
9,47,56.26696022368508
9,48,59.834123409804064
9,49,59.834123409804064
9,50,59.044235912845686
9,51,56.437158426364576
9,52,59.63350869351363
9,53,56.2337839750572
9,54,56.72453684526354
9,55,59.87778484569539
9,56,59.834123409804064
9,57,59.70661227310924
10,0,3.834356251321263
10,1,3.852658972085773
10,2,5.280164655812897
10,3,4.4556655366517415
10,4,0.9832350731446459
10,5,0.5007561103335674
10,6,3.1402276973110412
10,7,2.5994249542140992
10,8,55.18030089397592
10,9,55.18030089397592
10,10,0.0
10,11,0.6301943141054894
10,13,55.18030089397592
10,14,3.3753823299694607
10,15,55.18030089397592
10,16,3.024447520035936
10,17,4.543928702067156
10,18,2.661906790319376
10,19,2.3819052677902035
10,20,2.1354040440627653
10,21,2.0368474994669685
10,22,1.768744731986858
10,23,2.6952937933200842
10,24,3.034981136719211
10,25,4.638087629064706
10,27,3.338419730371071
10,28,1.041962306339847
10,29,55.18030089397592
10,30,5.186354255436087
10,31,5.186354255436087
10,32,6.044064423679079
10,33,6.22994347928022
10,34,4.216982425481417
10,35,3.937302084167864
10,36,0.6782290470264958
10,37,6.64447072648513
10,38,2.8764288614588627
10,39,2.883877291582786
10,40,2.5416066180640366
10,41,2.710389051352165
10,42,1.9693397580170797
10,43,2.545897661161824
10,44,2.893303448568364
10,45,2.589889603550012
10,46,2.5739253616068622
10,47,1.4226807677045756
10,48,5.280164655812897
10,49,5.280164655812897
10,50,3.8679054749178596
10,51,1.2571853133284143
10,52,5.017606785699959
10,53,2.010322995598954
10,54,2.5382122318316855
10,55,5.723799991029746
10,56,5.280164655812897
10,57,5.256254693918717
11,0,3.527364157356848
11,1,3.650774532000781
11,2,5.12803358537375
11,3,4.132795182616006
11,4,1.2713272053316944
11,5,0.7817148364094345
11,6,2.9539506598924348
11,7,2.4541189010536595
11,8,55.05398704780445
11,9,55.05398704780445
11,10,0.6301943141054894
11,11,0.0
11,13,55.05398704780445
11,14,3.650190802586608
11,15,55.05398704780445
11,16,3.111655405000034
11,17,4.7890802103961025
11,18,3.1133616642712236
11,19,2.8805755394629484
11,20,2.6374975449281797
11,21,2.285312104733031
11,22,2.041890771829206
11,23,2.832607645512168
11,24,3.2852218099762056
11,25,4.931730433958804
11,27,3.7097257719194014
11,28,1.6681556463532412
11,29,55.05398704780445
11,30,5.341952501548602
11,31,5.341952501548602
11,32,6.205676611290173
11,33,6.257688671233994
11,34,4.1621454104501305
11,35,3.9983363177150992
11,36,1.27893832543606
11,37,6.6017645889482575
11,38,3.2857374926839586
11,39,3.3182091666097393
11,40,1.911786623635241
11,41,2.152806969872961
11,42,1.34012610644392
11,43,1.9186376224743116
11,44,3.3481234865094907
11,45,3.13241243738403
11,46,3.1439091426323804
11,47,1.2484820858422476
11,48,5.12803358537375
11,49,5.12803358537375
11,50,4.016416204121126
11,51,1.5288052428309786
11,52,4.87626706443591
11,53,1.6056054347634081
11,54,2.1726162579922446
11,55,5.495061167636259
11,56,5.12803358537375
11,57,5.078108994072694
13,0,57.931425954800204
13,1,58.36761219486805
13,2,59.834123409804064
13,3,58.33151148031158
13,4,56.16353563832923
13,5,55.66378209098889
13,6,57.78617223935533
13,7,57.3969266115289
13,8,0.0
13,9,0.0
13,10,55.18030089397592
13,11,55.05398704780445
13,13,0.0
13,14,58.51286711116659
13,15,0.0
13,16,58.16297350119446
13,17,59.68765584010548
13,18,57.51011994681643
13,19,57.117739025499986
13,20,56.914273616180594
13,21,57.2134730024532
13,22,56.94250380286923
13,23,57.862814996717034
13,24,58.197974873289425
13,25,59.7132028550571
13,27,58.324701377617544
13,28,55.25327664380966
13,29,0.0
13,30,60.366123636088595
13,31,60.366123636088595
13,32,61.224331244343084
13,33,61.2807433017954
13,34,59.129652089721475
13,35,59.051408507899026
13,36,55.582745306079104
13,37,61.511507360226226
13,38,57.81497993128132
13,39,57.75207761968288
13,40,54.777375916361514
13,41,55.822042537367906
13,42,54.892121450101364
13,43,54.912970416670156
13,44,57.69353778899214
13,45,57.056850857948376
13,46,56.85626364186715
13,47,56.26696022368508
13,48,59.834123409804064
13,49,59.834123409804064
13,50,59.044235912845686
13,51,56.437158426364576
13,52,59.63350869351363
13,53,56.2337839750572
13,54,56.72453684526354
13,55,59.87778484569539
13,56,59.834123409804064
13,57,59.70661227310924
14,0,3.323982401730041
14,1,2.76053697047878
14,2,3.368059542491684
14,3,3.7675552687597227
14,4,2.41062786947641
14,5,2.926989002084177
14,6,2.444748778215018
14,7,2.229548858758849
14,8,58.51286711116659
14,9,58.51286711116659
14,10,3.3753823299694607
14,11,3.650190802586608
14,13,58.51286711116659
14,14,0.0
14,15,58.51286711116659
14,16,1.1140013148800596
14,17,1.1753514112746881
14,18,1.264880360907247
14,19,1.6455046624105196
14,20,1.7578082276093865
14,21,1.364972055530894
14,22,1.617291445757147
14,23,1.0407757779176445
14,24,0.38168050341812004
14,25,1.2824835176555092
14,27,0.6274949829894195
14,28,3.3017036257876873
14,29,58.51286711116659
14,30,1.957094510211426
14,31,1.957094510211426
14,32,2.763778983265914
14,33,3.326939843008152
14,34,2.1490912211318323
14,35,1.3914949322595198
14,36,2.9301924817211384
14,37,3.978461459299326
14,38,0.9427528066724553
14,39,1.095235081633251
14,40,4.853107452447038
14,41,4.202434677139132
14,42,4.414296943243744
14,43,4.76474102843681
14,44,1.2315037620351554
14,45,1.9390932124539233
14,46,2.2038970277104744
14,47,2.6883878144014917
14,48,3.368059542491684
14,49,3.368059542491684
14,50,0.9011924019634436
14,51,2.1376714900496587
14,52,3.1195146560454
14,53,3.2297203355916033
14,54,3.1545438738295077
14,55,4.122888365101844
14,56,3.368059542491684
14,57,3.489759532517736
15,0,57.931425954800204
15,1,58.36761219486805
15,2,59.834123409804064
15,3,58.33151148031158
15,4,56.16353563832923
15,5,55.66378209098889
15,6,57.78617223935533
15,7,57.3969266115289
15,8,0.0
15,9,0.0
15,10,55.18030089397592
15,11,55.05398704780445
15,13,0.0
15,14,58.51286711116659
15,15,0.0
15,16,58.16297350119446
15,17,59.68765584010548
15,18,57.51011994681643
15,19,57.117739025499986
15,20,56.914273616180594
15,21,57.2134730024532
15,22,56.94250380286923
15,23,57.862814996717034
15,24,58.197974873289425
15,25,59.7132028550571
15,27,58.324701377617544
15,28,55.25327664380966
15,29,0.0
15,30,60.366123636088595
15,31,60.366123636088595
15,32,61.224331244343084
15,33,61.2807433017954
15,34,59.129652089721475
15,35,59.051408507899026
15,36,55.582745306079104
15,37,61.511507360226226
15,38,57.81497993128132
15,39,57.75207761968288
15,40,54.777375916361514
15,41,55.822042537367906
15,42,54.892121450101364
15,43,54.912970416670156
15,44,57.69353778899214
15,45,57.056850857948376
15,46,56.85626364186715
15,47,56.26696022368508
15,48,59.834123409804064
15,49,59.834123409804064
15,50,59.044235912845686
15,51,56.437158426364576
15,52,59.63350869351363
15,53,56.2337839750572
15,54,56.72453684526354
15,55,59.87778484569539
15,56,59.834123409804064
15,57,59.70661227310924
16,0,2.224128396262978
16,1,1.7065973872557347
16,2,2.626133436402174
16,3,2.704225284728503
16,4,2.0618171151167983
16,5,2.5263754182650766
16,6,1.3308485361202897
16,7,1.163447909693555
16,8,58.16297350119446
16,9,58.16297350119446
16,10,3.024447520035936
16,11,3.111655405000034
16,13,58.16297350119446
16,14,1.1140013148800596
16,15,58.16297350119446
16,16,0.0
16,17,1.8808338958610047
16,18,1.9340225312705608
16,19,2.185421426777456
16,20,2.171634141648678
16,21,1.1406818390111777
16,22,1.388226283779396
16,23,0.3858050155894095
16,24,0.841111491509688
16,25,2.1681743437300853
16,27,1.6616504371970988
16,28,3.30183920970444
16,29,58.16297350119446
16,30,2.246954673166796
16,31,2.246954673166796
16,32,3.1086804019639
16,33,3.2108093860460514
16,34,1.3857322143598114
16,35,0.9151074536398764
16,36,2.788995477644212
16,37,3.682823085563271
16,38,1.7211623254568174
16,39,1.8842652763767003
16,40,3.962371155987389
16,41,3.1996015158251474
16,42,3.59258614950022
16,43,3.859139501450268
16,44,2.024950519880734
16,45,2.5757036385240477
16,46,2.8185019333262686
16,47,1.944483568100145
16,48,2.626133436402174
16,49,2.626133436402174
16,50,0.9426652350323378
16,51,1.8066259944813947
16,52,2.3559044926729875
16,53,2.2937601266731784
16,54,2.112530038874621
16,55,3.2972667441268464
16,56,2.626133436402174
16,57,2.6935700217772385
17,0,3.766405511233354
17,1,3.1066840869731194
17,2,3.1595318277946
17,3,4.059038818688475
17,4,3.5715015786318247
17,5,4.086259265968909
17,6,3.0516418395476155
17,7,3.0277504353719085
17,8,59.68765584010548
17,9,59.68765584010548
17,10,4.543928702067156
17,11,4.7890802103961025
17,13,59.68765584010548
17,14,1.1753514112746881
17,15,59.68765584010548
17,16,1.8808338958610047
17,17,0.0
17,18,2.2999221959403156
17,19,2.704527676572573
17,20,2.860397696906863
17,21,2.516038229349349
17,22,2.7779350215094016
17,23,2.0150899505338784
17,24,1.5110953849959379
17,25,0.4188989548613301
17,27,1.4759873745343892
17,28,4.461785543374766
17,29,59.68765584010548
17,30,0.953602202941781
17,31,0.953602202941781
17,32,1.6410096256615252
17,33,2.476043443959265
17,34,2.1820282247579086
17,35,1.4729530101558634
17,36,4.104938729793789
17,37,3.2330443744239834
17,38,1.967075786507854
17,39,2.0784149092590947
17,40,5.8369857968769425
17,41,5.073980392674414
17,42,5.444901043635414
17,43,5.736351891271563
17,44,2.1835779328370997
17,45,2.9142329732395464
17,46,3.171029980125123
17,47,3.744804017342419
17,48,3.1595318277946
17,49,3.1595318277946
17,50,1.0029833614922916
17,51,3.2967793431187147
17,52,2.9685197904253484
17,53,4.172185560991002
17,54,3.9772286513484167
17,55,3.9584988785526574
17,56,3.1595318277946
17,57,3.338589733841766
18,0,4.042830788770123
18,1,3.6133207545755273
18,2,4.502453819400164
18,3,4.584349658081917
18,4,1.8693406709897074
18,5,2.3316596283936204
18,6,3.0997676724851795
18,7,2.686382622728229
18,8,57.51011994681643
18,9,57.51011994681643
18,10,2.661906790319376
18,11,3.1133616642712236
18,13,57.51011994681643
18,14,1.264880360907247
18,15,57.51011994681643
18,16,1.9340225312705608
18,17,2.2999221959403156
18,18,0.0
18,19,0.40561821217715155
18,20,0.5969873633807607
18,21,1.2169885333797714
18,22,1.2806065338570494
18,23,1.6147443001414792
18,24,1.2004918366162496
18,25,2.2273108562472967
18,27,0.8331960574882599
18,28,2.2688299064487696
18,29,57.51011994681643
18,30,3.182755173346424
18,31,3.182755173346424
18,32,3.940223155412396
18,33,4.590588560387313
18,34,3.251945051767553
18,35,2.5637580434863843
18,36,2.063373305357531
18,37,5.240150048939227
18,38,0.33453995313526685
18,39,0.24246266237304195
18,40,4.706284527426377
18,41,4.310229881327434
18,42,4.183240981035828
18,43,4.648604278504787
18,44,0.234834118552236
18,45,0.6813478857932194
18,46,0.9444378584042877
18,47,2.5519905833959764
18,48,4.502453819400164
18,49,4.502453819400164
18,50,2.143410026154129
18,51,1.6617361814324
18,52,4.239756985445275
18,53,3.2918179219087023
18,54,3.4360451590579006
18,55,5.212701767582067
18,56,4.502453819400164
18,57,4.594767414522799
19,0,4.193727075866222
19,1,3.815395137938698
19,2,4.794886828806922
19,3,4.759816999545864
19,4,1.6903714600693438
19,5,2.1048798789542884
19,6,3.2522862107050066
19,7,2.7941072003205387
19,8,57.117739025499986
19,9,57.117739025499986
19,10,2.3819052677902035
19,11,2.8805755394629484
19,13,57.117739025499986
19,14,1.6455046624105196
19,15,57.117739025499986
19,16,2.185421426777456
19,17,2.704527676572573
19,18,0.40561821217715155
19,19,0.0
19,20,0.24652387528075045
19,21,1.283550987478319
19,22,1.2597817503487672
19,23,1.833157837800608
19,24,1.5308497590882997
19,25,2.631005264288112
19,27,1.23856576101186
19,28,1.8940785419758237
19,29,57.117739025499986
19,30,3.580457360239823
19,31,3.580457360239823
19,32,4.344262664034014
19,33,4.971310621601374
19,34,3.5434909851620904
19,35,2.889790247875259
19,36,1.748078851419847
19,37,5.605375729239802
19,38,0.7375191916770809
19,39,0.640321784018269
19,40,4.568090663993433
19,41,4.259608031873823
19,42,4.026661222670309
19,43,4.520944690395425
19,44,0.5774315016347038
19,45,0.4095246631102458
19,46,0.6339052285669213
19,47,2.4759572443393436
19,48,4.794886828806922
19,49,4.794886828806922
19,50,2.5023677239100612
19,51,1.5278232313099316
19,52,4.5281252865845625
19,53,3.251237347432295
19,54,3.4614730355597194
19,55,5.482434552236146
19,56,4.794886828806922
19,57,4.8744673331296715
20,0,4.097194300882054
20,1,3.7528751678497843
20,2,4.796026036789034
20,3,4.676344037484097
20,4,1.4625344489504255
20,5,1.8638827898487556
20,6,3.1616432668950014
20,7,2.6809525945325365
20,8,56.914273616180594
20,9,56.914273616180594
20,10,2.1354040440627653
20,11,2.6374975449281797
20,13,56.914273616180594
20,14,1.7578082276093865
20,15,56.914273616180594
20,16,2.171634141648678
20,17,2.860397696906863
20,18,0.5969873633807607
20,19,0.24652387528075045
20,20,0.0
20,21,1.1777009604901285
20,22,1.1072553997838324
20,23,1.8026738750268496
20,24,1.5929568796250952
20,25,2.8138137897015483
20,27,1.4171055461475979
20,28,1.6724824461689523
20,29,56.914273616180594
20,30,3.71085274439562
20,31,3.71085274439562
20,32,4.49406625651959
20,33,5.067239389877317
20,34,3.5487765097700104
20,35,2.92970242160721
20,36,1.503150995238752
20,37,5.678611757805996
20,38,0.906271990410501
20,39,0.8394492281525083
20,40,4.342960029981189
20,41,4.064038633258264
20,42,3.797349578846972
20,43,4.29884177001678
20,44,0.8004715838044367
20,45,0.5619842498423677
20,46,0.718038375655085
20,47,2.2776891115378466
20,48,4.796026036789034
20,49,4.796026036789034
20,50,2.5790083449048904
20,51,1.3169760445122642
20,52,4.52665496643888
20,53,3.0628932498809287
20,54,3.301288249474472
20,55,5.463184541757221
20,56,4.796026036789034
20,57,4.8647824237438835
21,0,2.919956097812255
21,1,2.5888231157751247
21,2,3.7287947475567043
21,3,3.4993704105057666
21,4,1.0572235022672332
21,5,1.5705018377238331
21,6,1.984048648302872
21,7,1.510861700586039
21,8,57.2134730024532
21,9,57.2134730024532
21,10,2.0368474994669685
21,11,2.285312104733031
21,13,57.2134730024532
21,14,1.364972055530894
21,15,57.2134730024532
21,16,1.1406818390111777
21,17,2.516038229349349
21,18,1.2169885333797714
21,19,1.283550987478319
21,20,1.1777009604901285
21,21,0.0
21,22,0.2726559279755589
21,23,0.7574642890605473
21,24,1.0052566721172642
21,25,2.646496821529719
21,27,1.5025827948078991
21,28,2.170005313417915
21,29,57.2134730024532
21,30,3.1590831793921894
21,31,3.1590831793921894
21,32,4.012268106623403
21,33,4.30368826946526
21,34,2.5111166758052157
21,35,2.0264858164327193
21,36,1.6866085042599466
21,37,4.814338074402256
21,38,1.2057586906026516
21,39,1.3131985469180982
21,40,3.610624442921319
21,41,3.1186904699171705
21,42,3.1277477679669707
21,43,3.5378045036346206
21,44,1.412101797663202
21,45,1.6919501715168932
21,46,1.88972350460682
21,47,1.4163057480328693
21,48,3.7287947475567043
21,49,3.7287947475567043
21,50,1.8556350059537443
21,51,0.7820116896828553
21,52,3.4563032956820323
21,53,2.100460134755784
21,54,2.2190603682945103
21,55,4.350012598175075
21,56,3.7287947475567043
21,57,3.7735100731624924
22,0,3.022304501615891
22,1,2.7431374133544653
22,2,3.941816926846236
22,3,3.6180886022072136
22,4,0.7940013301610371
22,5,1.3099592583377522
22,6,2.1033762506695246
22,7,1.5936119284859211
22,8,56.94250380286923
22,9,56.94250380286923
22,10,1.768744731986858
22,11,2.041890771829206
22,13,56.94250380286923
22,14,1.617291445757147
22,15,56.94250380286923
22,16,1.388226283779396
22,17,2.7779350215094016
22,18,1.2806065338570494
22,19,1.2597817503487672
22,20,1.1072553997838324
22,21,0.2726559279755589
22,22,0.0
22,23,1.0115159111956087
22,24,1.2672536106241987
22,25,2.894328804161673
22,27,1.693901913868309
22,28,1.9137342201686054
22,29,56.94250380286923
22,30,3.431473009626152
22,31,3.431473009626152
22,32,4.284024786089356
22,33,4.569564505720588
22,34,2.740247095926587
22,35,2.2862196115683027
22,36,1.4173284185766002
22,37,5.069564794596319
22,38,1.3368121592329754
22,39,1.4188786859295925
22,40,3.4532225996098775
22,41,3.0310030728809587
22,42,2.951060328694303
22,43,3.388035177042513
22,44,1.4973437096130386
22,45,1.6555199744284719
22,46,1.8243189547058283
22,47,1.2754678256206249
22,48,3.941816926846236
22,49,3.941816926846236
22,50,2.1279356422133993
22,51,0.5203827342728506
22,52,3.669185855729285
22,53,2.0137391903220725
22,54,2.2018307614680896
22,55,4.540110419526852
22,56,3.941816926846236
22,57,3.976416034607673
23,0,2.4509697363937826
23,1,1.9986595008063501
23,2,3.0041609543955223
23,3,2.97380302582276
23,4,1.7195140977592946
23,5,2.2028911157569464
23,6,1.5178073898671336
23,7,1.208690466697549
23,8,57.862814996717034
23,9,57.862814996717034
23,10,2.6952937933200842
23,11,2.832607645512168
23,13,57.862814996717034
23,14,1.0407757779176445
23,15,57.862814996717034
23,16,0.3858050155894095
23,17,2.0150899505338784
23,18,1.6147443001414792
23,19,1.833157837800608
23,20,1.8026738750268496
23,21,0.7574642890605473
23,22,1.0115159111956087
23,23,0.0
23,24,0.6841345017387802
23,25,2.2434224768329503
23,27,1.481945829794573
23,28,2.924323040276342
23,29,57.862814996717034
23,30,2.510904004437059
23,31,2.510904004437059
23,32,3.3742283662143024
23,33,3.564830271892442
23,34,1.7691087444044031
23,35,1.2754472081321437
23,36,2.4224600473572773
23,37,4.058650478300546
23,38,1.4414615070854484
23,39,1.5976259010661436
23,40,3.8436019954457166
23,41,3.1625198268354273
23,42,3.4330070930942296
23,43,3.74946204982601
23,44,1.7327867695726464
23,45,2.2317177158071075
23,46,2.4669621078695734
23,47,1.7308674517106004
23,48,3.0041609543955223
23,49,3.0041609543955223
23,50,1.1848724728505953
23,51,1.4555547562330853
23,52,2.7329734925252445
23,53,2.1995761721098193
23,54,2.116642961766755
23,55,3.6605111943824493
23,56,3.0041609543955223
23,57,3.0646716221260983
24,0,3.0632259675234064
24,1,2.541669671845
24,2,3.307878538937839
24,3,3.5431526824425115
24,4,2.0604791837479497
24,5,2.5751795643356803
24,6,2.154791322034553
24,7,1.8903819624541243
24,8,58.197974873289425
24,9,58.197974873289425
24,10,3.034981136719211
24,11,3.2852218099762056
24,13,58.197974873289425
24,14,0.38168050341812004
24,15,58.197974873289425
24,16,0.841111491509688
24,17,1.5110953849959379
24,18,1.2004918366162496
24,19,1.5308497590882997
24,20,1.5929568796250952
24,21,1.0052566721172642
24,22,1.2672536106241987
24,23,0.6841345017387802
24,24,0.0
24,25,1.6559399414508635
24,27,0.8227444965234905
24,28,3.0352735286679464
24,29,58.197974873289425
24,30,2.2065337498856943
24,31,2.2065337498856943
24,32,3.0427142002263574
24,33,3.4840431736252135
24,34,2.060932071503949
24,35,1.364175290428937
24,36,2.6255077854566933
24,37,4.085725553820172
24,38,0.929927579148452
24,39,1.0958778317525075
24,40,4.4725551889526285
24,41,3.8344864058579176
24,42,4.032623972683705
24,43,4.384956028620887
24,44,1.2395478390385921
24,45,1.878339442180049
24,46,2.1377477225990873
24,47,2.3068625677449974
24,48,3.307878538937839
24,49,3.307878538937839
24,50,0.9881184821046405
24,51,1.785693339111481
24,52,3.047923598482884
24,53,2.854576237884904
24,54,2.799491567314176
24,55,4.03225955652413
24,56,3.307878538937839
24,57,3.407989313218735
25,0,4.1482464831954395
25,1,3.4967935732923663
25,2,3.5770391159924992
25,3,4.460436861879703
25,4,3.684925230230874
25,5,4.201294363642542
25,6,3.3994960820413946
25,7,3.330097620120619
25,8,59.7132028550571
25,9,59.7132028550571
25,10,4.638087629064706
25,11,4.931730433958804
25,13,59.7132028550571
25,14,1.2824835176555092
25,15,59.7132028550571
25,16,2.1681743437300853
25,17,0.4188989548613301
25,18,2.2273108562472967
25,19,2.631005264288112
25,20,2.8138137897015483
25,21,2.646496821529719
25,22,2.894328804161673
25,23,2.2434224768329503
25,24,1.6559399414508635
25,25,0.0
25,27,1.3967724235359353
25,28,4.460773312892851
25,29,59.7132028550571
25,30,1.270544821039443
25,31,1.270544821039443
25,32,1.81075085942006
25,33,2.7979704118998576
25,34,2.5930280298715105
25,35,1.8664685651543385
25,36,4.152060960265628
25,37,3.5771492053779124
25,38,1.9075729763421156
25,39,1.9910601351049118
25,40,6.086846623046998
25,41,5.366364302791871
25,42,5.670373820752899
25,43,5.991639949492067
25,44,2.075136812509541
25,45,2.7866795482624784
25,46,3.0325406905320054
25,47,3.951689148626936
25,48,3.5770391159924992
25,49,3.5770391159924992
25,50,1.3617180035474072
25,51,3.413962396675771
25,52,3.3873199501067517
25,53,4.4351302723754396
25,54,4.280253877602154
25,55,4.376066898296458
25,56,3.5770391159924992
25,57,3.7571120276163494
27,0,3.885341848131949
27,1,3.351856885608525
27,2,3.9940031543922445
27,3,4.3567116978187705
27,4,2.4385218530712582
27,5,2.9433463339225345
27,6,2.9766201090032736
27,7,2.6876822698165315
27,8,58.324701377617544
27,9,58.324701377617544
27,10,3.338419730371071
27,11,3.7097257719194014
27,13,58.324701377617544
27,14,0.6274949829894195
27,15,58.324701377617544
27,16,1.6616504371970988
27,17,1.4759873745343892
27,18,0.8331960574882599
27,19,1.23856576101186
27,20,1.4171055461475979
27,21,1.5025827948078991
27,22,1.693901913868309
27,23,1.481945829794573
27,24,0.8227444965234905
27,25,1.3967724235359353
27,27,0.0
27,28,3.0720394470961354
27,29,58.324701377617544
27,30,2.385132947006949
27,31,2.385132947006949
27,32,3.1166747838964053
27,33,3.840719950639256
27,34,2.7763769371358715
27,35,2.017550964740049
27,36,2.8000545234069683
27,37,4.530889858573577
27,38,0.51106382372875
27,39,0.6036748496218167
27,40,5.110719028740089
27,41,4.560781342070612
27,42,4.630047394622508
27,43,5.0350092553053
27,44,0.7088806938548625
27,45,1.4414971851492309
27,46,1.7014084553644542
27,47,2.916094146621919
27,48,3.9940031543922445
27,49,3.9940031543922445
27,50,1.5100147145638534
27,51,2.1853593855567635
27,52,3.74654890443498
27,53,3.555697686492151
27,54,3.5667427593187275
27,55,4.750372853455554
27,56,3.9940031543922445
27,57,4.117131632205505
28,0,4.5918494839576995
28,1,4.484007224201464
28,2,5.805053588167527
28,3,5.216873001483255
28,4,1.3873429888574664
28,5,1.242944338247661
28,6,3.7831232949033278
28,7,3.227543452623058
28,8,55.25327664380966
28,9,55.25327664380966
28,10,1.041962306339847
28,11,1.6681556463532412
28,13,55.25327664380966
28,14,3.3017036257876873
28,15,55.25327664380966
28,16,3.30183920970444
28,17,4.461785543374766
28,18,2.2688299064487696
28,19,1.8940785419758237
28,20,1.6724824461689523
28,21,2.170005313417915
28,22,1.9137342201686054
28,23,2.924323040276342
28,24,3.0352735286679464
28,25,4.460773312892851
28,27,3.0720394470961354
28,28,0.0
28,29,55.25327664380966
28,30,5.240139461067058
28,31,5.240139461067058
28,32,6.0641937039116955
28,33,6.467049654809443
28,34,4.63706400981836
28,35,4.196487520238532
28,36,0.5954573319441805
28,37,6.982960541831605
28,38,2.5635605735060576
28,39,2.511144954458389
28,40,3.5788611186006634
28,41,3.721924823871944
28,42,3.008112229656021
28,43,3.5865725312957104
28,44,2.4693224519003767
28,45,1.9470793341179147
28,46,1.8401469867939109
28,47,2.211529290208849
28,48,5.805053588167527
28,49,5.805053588167527
28,50,3.9887802532951464
28,51,1.5622302294783648
28,52,5.533917192089552
28,53,2.9285691441294452
28,54,3.4000236802787858
28,55,6.343607909105924
28,56,5.805053588167527
28,57,5.817275220054072
29,0,57.931425954800204
29,1,58.36761219486805
29,2,59.834123409804064
29,3,58.33151148031158
29,4,56.16353563832923
29,5,55.66378209098889
29,6,57.78617223935533
29,7,57.3969266115289
29,8,0.0
29,9,0.0
29,10,55.18030089397592
29,11,55.05398704780445
29,13,0.0
29,14,58.51286711116659
29,15,0.0
29,16,58.16297350119446
29,17,59.68765584010548
29,18,57.51011994681643
29,19,57.117739025499986
29,20,56.914273616180594
29,21,57.2134730024532
29,22,56.94250380286923
29,23,57.862814996717034
29,24,58.197974873289425
29,25,59.7132028550571
29,27,58.324701377617544
29,28,55.25327664380966
29,29,0.0
29,30,60.366123636088595
29,31,60.366123636088595
29,32,61.224331244343084
29,33,61.2807433017954
29,34,59.129652089721475
29,35,59.051408507899026
29,36,55.582745306079104
29,37,61.511507360226226
29,38,57.81497993128132
29,39,57.75207761968288
29,40,54.777375916361514
29,41,55.822042537367906
29,42,54.892121450101364
29,43,54.912970416670156
29,44,57.69353778899214
29,45,57.056850857948376
29,46,56.85626364186715
29,47,56.26696022368508
29,48,59.834123409804064
29,49,59.834123409804064
29,50,59.044235912845686
29,51,56.437158426364576
29,52,59.63350869351363
29,53,56.2337839750572
29,54,56.72453684526354
29,55,59.87778484569539
29,56,59.834123409804064
29,57,59.70661227310924
30,0,3.6222151670335028
30,1,2.941604801339745
30,2,2.5538620875365328
30,3,3.7719660127318067
30,4,4.203237454492313
30,5,4.7027269246037795
30,6,3.108327401413246
30,7,3.252099444596639
30,8,60.366123636088595
30,9,60.366123636088595
30,10,5.186354255436087
30,11,5.341952501548602
30,13,60.366123636088595
30,14,1.957094510211426
30,15,60.366123636088595
30,16,2.246954673166796
30,17,0.953602202941781
30,18,3.182755173346424
30,19,3.580457360239823
30,20,3.71085274439562
30,21,3.1590831793921894
30,22,3.431473009626152
30,23,2.510904004437059
30,24,2.2065337498856943
30,25,1.270544821039443
30,27,2.385132947006949
30,28,5.240139461067058
30,29,60.366123636088595
30,30,0.0
30,31,0.0
30,32,0.8637760303215576
30,33,1.5301075296526967
30,34,1.9054738455740103
30,35,1.4737916722414595
30,36,4.825783155554784
30,37,2.3071840025758727
30,38,2.848518881738385
30,39,2.9761091436154037
30,40,6.129998011703447
30,41,5.257993329850219
30,42,5.8070959865866305
30,43,6.016296094046439
30,44,3.092259056214391
30,45,3.8250600279491875
30,46,4.0861895580082415
30,47,4.1912154582630565
30,48,2.5538620875365328
30,49,2.5538620875365328
30,50,1.3260363554700965
30,51,3.930354449825554
30,52,2.423175082548585
30,53,4.465913606277178
30,54,4.157186720169613
30,55,3.33457369020533
30,56,2.5538620875365328
30,57,2.761375403667503
31,0,3.6222151670335028
31,1,2.941604801339745
31,2,2.5538620875365328
31,3,3.7719660127318067
31,4,4.203237454492313
31,5,4.7027269246037795
31,6,3.108327401413246
31,7,3.252099444596639
31,8,60.366123636088595
31,9,60.366123636088595
31,10,5.186354255436087
