source_id,target_id,rtt
0,0,0.0
0,1,6.937346902582958
0,2,4.444576203104946
0,3,3.8432720053899234
0,4,9.467968989912421
0,5,13.909497334731663
0,6,6.64826494978273
0,7,4.192640846885479
0,8,15.877734510407922
0,9,16.188436240532056
0,10,9.757316433484851
0,11,10.713307413939306
0,12,10.986282141862967
0,13,6.607441036367762
0,14,9.949020885836246
0,15,9.45931961946335
0,16,19.171902717983585
0,17,11.336692509835263
0,18,11.479149278444435
0,19,9.582092531678795
0,20,13.70147257624713
0,21,4.317517276357995
0,22,4.034342044802952
0,23,29.64746487764668
0,24,28.069565050612916
0,25,12.938096758300642
0,26,13.277385034780497
0,27,15.757372885020546
0,28,29.88801726825495
0,29,15.144463074446293
0,30,6.37600766649911
1,0,6.937346902582958
1,1,0.0
1,2,11.026714434478107
1,3,10.762794120300507
1,4,13.17634233035269
1,5,17.69427401041486
1,6,2.636191865445132
1,7,5.709851374650231
1,8,19.38050401768659
1,9,19.254210178409192
1,10,16.535677524241557
1,11,17.58728465657725
1,12,17.88276573083292
1,13,13.445145685513143
1,14,16.39561572027315
1,15,14.788572164932386
1,16,22.53660506919682
1,17,18.26080857169146
1,18,18.40328575521096
1,19,16.291422897559393
1,20,20.619371375375472
1,21,9.329762949738916
1,22,10.034013007814679
1,23,22.746664968737207
1,24,21.17011924103033
1,25,9.47288862163149
1,26,9.584616093115997
1,27,12.351518647968035
1,28,22.99330723207332
1,29,12.81590432528645
1,30,9.762800788847912
2,0,4.444576203104946
2,1,11.026714434478107
2,2,0.0
2,3,2.6406705598442524
2,4,7.029774733014136
2,5,10.795511779250916
2,6,10.027405894945884
2,7,6.379760060909169
2,8,12.811047058307008
2,9,13.39203375244153
2,10,5.5292146720523325
2,11,6.688061916250291
2,12,7.039130635321234
2,13,2.6100429315684632
2,14,5.506568902356621
2,15,5.605834311490588
2,16,16.01769373299807
2,17,7.539661115404325
2,18,7.67841232322553
2,19,5.264896400382607
2,20,10.353065486387614
2,21,3.05092789912053
2,22,1.5363914430158245
2,23,33.74695541746739
2,24,31.82009145906603
2,25,14.715138528221733
2,26,15.140509672390587
2,27,17.19660438225923
2,28,33.99900606883048
2,29,15.993335810929517
2,30,5.374514857024354
3,0,3.8432720053899234
3,1,10.762794120300507
3,2,2.6406705598442524
3,3,0.0
3,4,9.632397430206273
3,5,13.424279748159691
3,6,10.403383108673468
3,7,7.327452389616611
3,8,15.438392660347361
3,9,16.031993024398464
3,10,6.3924648696701025
3,11,7.120033039329716
3,12,7.3356743460427145
3,13,3.306248322723641
3,14,7.143767006776351
3,15,8.141006460068523
3,16,18.62790583503294
3,17,7.605912763986668
3,18,7.747397190846407
3,19,6.359428726086341
3,20,9.860345121665931
3,21,5.092867399560275
3,22,3.725920861233684
3,23,33.414754994516755
3,24,31.911456642050993
3,25,16.111992667795157
3,26,16.498654597568308
3,27,18.78017104072635
3,28,33.649807463862935
3,29,17.822627926717818
3,30,7.585686101669819
4,0,9.467968989912421
4,1,13.17634233035269
4,2,7.029774733014136
4,3,9.632397430206273
4,4,0.0
4,5,4.5977678693808
4,6,10.94075141892899
4,7,7.5342099868727095
4,8,6.473676180556338
4,9,6.7204980389252205
4,10,9.29714098609887
4,11,10.729880190311397
4,12,11.193836549060991
4,13,8.411051725521899
4,14,7.565346636274502
4,15,3.6472430247394696
4,16,9.762933447312628
4,17,11.92838112731893
4,18,12.025922493876049
4,19,8.735075258827562
4,20,15.089627418407408
4,21,5.168426856309562
4,22,6.0302110299166305
4,23,34.14244541006264
4,24,31.159726504725874
4,25,11.609877544360785
4,26,12.095733553579878
4,27,13.18644464093012
4,28,34.43126685000454
4,29,11.296030758061224
4,30,3.468959844279243
5,0,13.909497334731663
5,1,17.69427401041486
5,2,10.795511779250916
5,3,13.424279748159691
5,4,4.5977678693808
5,5,0.0
5,6,15.358719758702744
5,7,12.108639769942878
5,8,2.0161862458276887
5,9,2.7688511603194734
5,10,10.988624934448096
5,11,12.230985488659773
5,12,12.669310740740709
5,13,11.360240065963959
5,14,8.927398797690792
5,15,5.505534684956282
5,16,5.276666959029608
5,17,13.415793072570015
5,18,13.472153578857199
5,19,10.432602643949258
5,20,16.398108404395405
5,21,9.596168945375148
5,22,10.163224848856242
5,23,37.91321239796448
5,24,34.55682506608306
5,25,14.624963526443569
5,26,15.09662758771186
5,27,15.459967186469965
5,28,38.2119026525244
5,29,13.224832282248618
5,30,8.062922507601687
6,0,6.64826494978273
6,1,2.636191865445132
6,2,10.027405894945884
6,3,10.403383108673468
6,4,10.94075141892899
6,5,15.358719758702744
6,6,0.0
6,7,3.8794293021856117
6,8,16.967284253904857
6,9,16.77319058904541
6,10,15.52687501004604
6,11,16.715107266615057
6,12,17.059600181667278
6,13,12.598525013914456
6,14,15.07827120604269
6,15,12.96304944417708
6,16,20.070303044784747
6,17,17.527493847163694
6,18,17.66831199678352
6,19,15.205965770327218
6,20,20.150777736957384
6,21,7.767415182467357
6,22,8.783150402606037
6,23,23.932575343512372
6,24,21.794947023401566
6,25,7.320621744988065
6,26,7.519138874456208
6,27,10.258167267459989
6,28,24.19892902269385
6,29,10.438364332897606
6,30,7.6546298074086225
7,0,4.192640846885479
7,1,5.709851374650231
7,2,6.379760060909169
7,3,7.327452389616611
7,4,7.5342099868727095
7,5,12.108639769942878
7,6,3.8794293021856117
7,7,0.0
7,8,13.886794492248777
7,9,13.896268802163364
7,10,11.780224345112643
7,11,13.02979413116085
7,12,13.399302006361753
7,13,8.989072470725997
7,14,11.222147715235623
7,15,9.145069974457837
7,16,17.118550211404134
7,17,13.91780297606222
7,18,14.0560525538083
7,19,11.426452021953567
7,20,16.697439324260056
7,21,3.894479467941763
7,22,5.012103809962973
7,23,27.81037331354936
7,24,25.571848181037026
7,25,8.833394386964544
7,26,9.200938793705618
7,27,11.599288458994025
7,28,28.07742598091122
7,29,10.956182271831604
7,30,4.079066491173666
8,0,15.877734510407922
8,1,19.38050401768659
8,2,12.811047058307008
8,3,15.438392660347361
8,4,6.473676180556338
8,5,2.0161862458276887
8,6,16.967284253904857
8,7,13.886794492248777
8,8,0.0
8,9,1.2468950922255584
8,10,12.756992445542105
8,11,13.933930965637291
8,12,14.358083518087257
8,13,13.318900344585254
8,14,10.685785447115283
8,15,7.4682314202858775
8,16,3.2956206560253736
8,17,15.093963328184948
8,18,15.139736901593126
8,19,12.21440678242779
8,20,17.987534482206662
8,21,11.56036153765603
8,22,12.169819176676503
8,23,38.99140541193729
8,24,35.430165927245135
8,25,15.503169839516648
8,26,15.957396102082123
8,27,15.982877849339058
8,28,39.295271408968205
8,29,13.664415882901638
8,30,9.898457368008186
9,0,16.188436240532056
9,1,19.254210178409192
9,2,13.39203375244153
9,3,16.031993024398464
9,4,6.7204980389252205
9,5,2.7688511603194734
9,6,16.77319058904541
9,7,13.896268802163364
9,8,1.2468950922255584
9,9,0.0
9,10,13.74178822074426
9,11,14.961974358712164
9,12,15.394730135186638
9,13,14.098898652722594
9,14,11.67561924154049
9,15,8.252371654655008
9,16,3.3053290388344276
9,17,16.13719228658761
9,18,16.188835752014867
9,19,13.189139828445741
9,20,19.077556859817605
9,21,11.884897574905334
9,22,12.628535596905373
9,23,38.33326296749558
9,24,34.65798154825951
9,25,14.789132073356335
9,26,15.230793971848918
9,27,15.086743681111813
9,28,38.640001663810665
9,29,12.74498554801033
9,30,10.021482535836126
10,0,9.757316433484851
10,1,16.535677524241557
10,2,5.5292146720523325
10,3,6.3924648696701025
10,4,9.29714098609887
10,5,10.988624934448096
10,6,15.52687501004604
10,7,11.780224345112643
10,8,12.756992445542105
10,9,13.74178822074426
10,10,0.0
10,11,1.445082079962604
10,12,1.9047518195500275
10,13,3.163898005626232
10,14,2.0712593701977084
10,15,5.877171232176841
10,16,15.423799364554332
10,17,2.6313903132621475
10,18,2.731420502830174
10,19,0.5730385255825676
10,20,5.793357166233927
10,21,8.024112567866302
10,22,6.768891855124934
10,23,39.27085936310605
10,24,37.319810383843226
10,25,19.52814502146768
10,26,19.985341169951845
10,27,21.715314794814084
10,28,39.52141891199955
10,29,20.15607650126382
10,30,9.607484144238356
11,0,10.713307413939306
11,1,17.58728465657725
11,2,6.688061916250291
11,3,7.120033039329716
11,4,10.729880190311397
11,5,12.230985488659773
11,6,16.715107266615057
11,7,13.02979413116085
11,8,13.933930965637291
11,9,14.961974358712164
11,10,1.445082079962604
11,11,0.0
11,12,0.4643351313109732
11,13,4.1468497057312055
11,14,3.3342728732563276
11,15,7.265809930607427
11,16,16.472325885061053
11,17,1.2123998018014936
11,18,1.2988416681142185
11,19,1.995796273799922
11,20,4.361735726781445
11,21,9.346588138867306
11,22,8.026120029282916
11,23,40.33337187389045
11,24,38.505418895797916
11,25,20.9233551032069
11,26,21.377334922547004
11,27,23.139519953959756
11,28,40.57857368364146
11,29,21.59579966937469
11,30,11.01983963427035
12,0,10.986282141862967
12,1,17.88276573083292
12,2,7.039130635321234
12,3,7.3356743460427145
12,4,11.193836549060991
12,5,12.669310740740709
12,6,17.059600181667278
12,7,13.399302006361753
12,8,14.358083518087257
12,9,15.394730135186638
12,10,1.9047518195500275
12,11,0.4643351313109732
12,12,0.0
12,13,4.467212900772989
12,14,3.788195542822782
12,15,7.72843585290389
12,16,16.866081161674483
12,17,0.7533265350545449
12,18,0.8347945296508347
12,19,2.4592161682492124
12,20,3.897408474092752
12,21,9.746426203971746
12,22,8.40508233893385
12,23,40.62442952506243
12,24,38.8424606454659
12,25,21.348574880435777
12,26,21.800978803959236
12,27,23.579544692109746
12,28,40.86764014305391
12,29,22.04639570274807
12,30,11.455245451157714
13,0,6.607441036367762
13,1,13.445145685513143
13,2,2.6100429315684632
13,3,3.306248322723641
13,4,8.411051725521899
13,5,11.360240065963959
13,6,12.598525013914456
13,7,8.989072470725997
13,8,13.318900344585254
13,9,14.098898652722594
13,10,3.163898005626232
13,11,4.1468497057312055
13,12,4.467212900772989
13,13,0.0
13,14,3.893252366629619
13,15,5.855240471439406
13,16,16.3388379434213
13,17,4.936456805668909
13,18,5.076164703001614
13,19,3.06633404778373
13,20,7.762359290980099
13,21,5.5286006507146555
13,22,4.074276250268771
13,23,36.191786484095
13,24,34.3759011884177
13,25,17.240795787269775
13,26,17.67524616473851
13,27,19.646920457169728
13,28,36.438250911464294
13,29,18.325349987738598
13,30,7.604589901735032
14,0,9.949020885836246
14,1,16.39561572027315
14,2,5.506568902356621
14,3,7.143767006776351
14,4,7.565346636274502
14,5,8.927398797690792
14,6,15.07827120604269
14,7,11.222147715235623
14,8,10.685785447115283
14,9,11.67561924154049
14,10,2.0712593701977084
14,11,3.3342728732563276
14,12,3.788195542822782
14,13,3.893252366629619
14,14,0.0
14,15,3.9894432983255745
14,16,13.373518733006431
14,17,4.541504929295427
14,18,4.614787096379682
14,19,1.539570324623289
14,20,7.6452132617603095
14,21,7.333752895183776
14,22,6.366874667995008
14,23,38.99154658948358
14,24,36.764256452653875
14,25,18.362500608507528
14,26,18.832768408865757
14,27,20.377105463287542
14,28,39.25289115640253
14,29,18.68655931788635
14,30,8.449345877250046
15,0,9.45931961946335
15,1,14.788572164932386
15,2,5.605834311490588
15,3,8.141006460068523
15,4,3.6472430247394696
15,5,5.505534684956282
15,6,12.96304944417708
15,7,9.145069974457837
15,8,7.4682314202858775
15,9,8.252371654655008
15,10,5.877171232176841
15,11,7.265809930607427
15,12,7.72843585290389
15,13,5.855240471439406
15,14,3.9894432983255745
15,15,0.0
15,16,10.54846588246186
15,17,8.477741202775997
15,18,8.562648650362807
15,19,5.304234523399759
15,20,11.615470389427793
15,21,5.53311956206725
15,22,5.429985159070506
15,23,36.75467815659106
15,24,34.09945753035865
15,25,14.973710708380182
15,26,15.455726935767641
15,27,16.743743179079562
15,28,37.03210736593073
15,29,14.918524307555884
15,30,5.474779926800623
16,0,19.171902717983585
16,1,22.53660506919682
16,2,16.01769373299807
16,3,18.62790583503294
16,4,9.762933447312628
16,5,5.276666959029608
16,6,20.070303044784747
16,7,17.118550211404134
16,8,3.2956206560253736
16,9,3.3053290388344276
16,10,15.423799364554332
16,11,16.472325885061053
16,12,16.866081161674483
16,13,16.3388379434213
16,14,13.373518733006431
16,15,10.54846588246186
16,16,0.0
16,17,17.57308748349973
16,18,17.60023003792631
16,19,14.912331401554548
16,20,20.27583368133095
16,21,14.854829933235093
16,22,15.437012336967129
16,23,41.45547252327148
16,24,37.64856934840638
16,25,17.901269641683932
16,26,18.32776904322546
16,27,17.946606599200223
16,28,41.76480803571543
16,29,15.584188920493375
16,30,13.167888460029255
17,0,11.336692509835263
17,1,18.26080857169146
17,2,7.539661115404325
17,3,7.605912763986668
17,4,11.92838112731893
17,5,13.415793072570015
17,6,17.527493847163694
17,7,13.91780297606222
17,8,15.093963328184948
17,9,16.13719228658761
17,10,2.6313903132621475
17,11,1.2123998018014936
17,12,0.7533265350545449
17,13,4.936456805668909
17,14,4.541504929295427
17,15,8.477741202775997
17,16,17.57308748349973
17,17,0.0
17,18,0.14248449481961364
17,19,3.194841289313291
17,20,3.162205236108615
17,21,10.32805087904046
17,22,8.95045839754643
17,23,40.98349781757184
17,24,39.28701614088386
17,25,21.97401409082337
17,26,22.42283548982979
17,27,24.23841567173976
17,28,41.223034177652075
17,29,22.732340160289944
17,30,12.107766468482932
18,0,11.479149278444435
18,1,18.40328575521096
18,2,7.67841232322553
18,3,7.747397190846407
18,4,12.025922493876049
18,5,13.472153578857199
18,6,17.66831199678352
18,7,14.0560525538083
18,8,15.139736901593126
18,9,16.188835752014867
18,10,2.731420502830174
18,11,1.2988416681142185
18,12,0.8347945296508347
18,13,5.076164703001614
18,14,4.614787096379682
18,15,8.562648650362807
18,16,17.60023003792631
18,17,0.14248449481961364
18,18,0.0
18,19,3.2908637278483686
18,20,3.0639462196638463
18,21,10.46089526692934
18,22,9.086431809053384
18,23,41.12592173527401
18,24,39.42871868556034
18,25,22.102038705180583
18,26,22.55138792258964
18,27,24.360812970554914
18,28,41.36543276696387
18,29,22.848593685931807
18,30,12.230905382394841
19,0,9.582092531678795
19,1,16.291422897559393
19,2,5.264896400382607
19,3,6.359428726086341
19,4,8.735075258827562
19,5,10.432602643949258
19,6,15.205965770327218
19,7,11.426452021953567
19,8,12.21440678242779
19,9,13.189139828445741
19,10,0.5730385255825676
19,11,1.995796273799922
19,12,2.4592161682492124
19,13,3.06633404778373
19,14,1.539570324623289
19,15,5.304234523399759
19,16,14.912331401554548
19,17,3.194841289313291
19,18,3.2908637278483686
19,19,0.0
19,20,6.35470794329617
19,21,7.627355310815997
19,22,6.426535611358298
19,23,39.00664541195885
19,24,36.98847964063542
19,25,19.05888114580273
19,26,19.51884545976554
19,27,21.21581715981306
19,28,39.25995325629326
19,29,19.63406938562519
19,30,9.126665080003319
20,0,13.70147257624713
20,1,20.619371375375472
20,2,10.353065486387614
20,3,9.860345121665931
20,4,15.089627418407408
20,5,16.398108404395405
20,6,20.150777736957384
20,7,16.697439324260056
20,8,17.987534482206662
20,9,19.077556859817605
20,10,5.793357166233927
20,11,4.361735726781445
20,12,3.897408474092752
20,13,7.762359290980099
20,14,7.6452132617603095
20,15,11.615470389427793
20,16,20.27583368133095
20,17,3.162205236108615
20,18,3.0639462196638463
20,19,6.35470794329617
20,20,0.0
20,21,13.27663550611906
20,22,11.836628875409714
20,23,43.188141265132096
20,24,41.77103761468218
20,25,24.978783858148905
20,26,25.419141801905237
20,27,27.309774580640973
20,28,43.41488925754684
20,29,25.851775699587133
20,30,15.183037915131692
21,0,4.317517276357995
21,1,9.329762949738916
21,2,3.05092789912053
21,3,5.092867399560275
21,4,5.168426856309562
21,5,9.596168945375148
21,6,7.767415182467357
21,7,3.894479467941763
21,8,11.56036153765603
21,9,11.884897574905334
21,10,8.024112567866302
21,11,9.346588138867306
21,12,9.746426203971746
21,13,5.5286006507146555
21,14,7.333752895183776
21,15,5.53311956206725
21,16,14.854829933235093
21,17,10.32805087904046
21,18,10.46089526692934
21,19,7.627355310815997
21,20,13.27663550611906
21,21,0.0
21,22,1.5180364938315738
21,23,31.69970089576834
21,24,29.436863919983168
21,25,11.712198240606146
21,26,12.147196809345369
21,27,14.151951342320313
21,28,31.96543164930104
21,29,12.950528953727478
21,30,2.4977280193169316
22,0,4.034342044802952
22,1,10.034013007814679
22,2,1.5363914430158245
22,3,3.725920861233684
22,4,6.0302110299166305
22,5,10.163224848856242
22,6,8.783150402606037
22,7,5.012103809962973
22,8,12.169819176676503
22,9,12.628535596905373
22,10,6.768891855124934
22,11,8.026120029282916
22,12,8.40508233893385
22,13,4.074276250268771
22,14,6.366874667995008
22,15,5.429985159070506
22,16,15.437012336967129
22,17,8.95045839754643
22,18,9.086431809053384
22,19,6.426535611358298
22,20,11.836628875409714
22,21,1.5180364938315738
22,22,0.0
22,23,32.645201692411646
22,24,30.56207264821901
22,25,13.189267334244025
22,26,13.617816629819371
22,27,15.66030948648457
22,28,32.903812875530086
22,29,14.467832993545029
22,30,3.9177993815889067
23,0,29.64746487764668
23,1,22.746664968737207
23,2,33.74695541746739
23,3,33.414754994516755
23,4,34.14244541006264
23,5,37.91321239796448
23,6,23.932575343512372
23,7,27.81037331354936
23,8,38.99140541193729
23,9,38.33326296749558
23,10,39.27085936310605
23,11,40.33337187389045
23,12,40.62442952506243
23,13,36.191786484095
23,14,38.99154658948358
23,15,36.75467815659106
23,16,41.45547252327148
23,17,40.98349781757184
23,18,41.12592173527401
23,19,39.00664541195885
23,20,43.188141265132096
23,21,31.69970089576834
23,22,32.645201692411646
23,23,0.0
23,24,5.312219646793988
23,25,23.556047770477747
23,26,23.127757623458333
23,27,23.863942025376403
23,28,0.320930671169962
23,29,26.166482825545096
23,30,31.294504656695935
24,0,28.069565050612916
24,1,21.17011924103033
24,2,31.82009145906603
24,3,31.911456642050993
24,4,31.159726504725874
24,5,34.55682506608306
24,6,21.794947023401566
24,7,25.571848181037026
24,8,35.430165927245135
24,9,34.65798154825951
24,10,37.319810383843226
24,11,38.505418895797916
24,12,38.8424606454659
24,13,34.3759011884177
24,14,36.764256452653875
24,15,34.09945753035865
24,16,37.64856934840638
24,17,39.28701614088386
24,18,39.42871868556034
24,19,36.98847964063542
24,20,41.77103761468218
24,21,29.436863919983168
24,22,30.56207264821901
24,23,5.312219646793988
24,24,0.0
24,25,19.945830299780674
24,26,19.482666731982842
24,27,19.7511760735062
24,28,5.601367548298173
24,29,22.107610556589055
24,30,28.639944868089778
25,0,12.938096758300642
25,1,9.47288862163149
25,2,14.715138528221733
25,3,16.111992667795157
25,4,11.609877544360785
25,5,14.624963526443569
25,6,7.320621744988065
25,7,8.833394386964544
25,8,15.503169839516648
25,9,14.789132073356335
25,10,19.52814502146768
25,11,20.9233551032069
25,12,21.348574880435777
25,13,17.240795787269775
25,14,18.362500608507528
25,15,14.973710708380182
25,16,17.901269641683932
25,17,21.97401409082337
25,18,22.102038705180583
25,19,19.05888114580273
25,20,24.978783858148905
25,21,11.712198240606146
25,22,13.189267334244025
25,23,23.556047770477747
25,24,19.945830299780674
25,25,0.0
25,26,0.48596789909259774
25,27,2.9402545126289064
25,28,23.864718454475085
25,29,3.6336910833204548
25,30,9.938810385508324
26,0,13.277385034780497
26,1,9.584616093115997
26,2,15.140509672390587
26,3,16.498654597568308
26,4,12.095733553579878
26,5,15.09662758771186
26,6,7.519138874456208
26,7,9.200938793705618
26,8,15.957396102082123
26,9,15.230793971848918
26,10,19.985341169951845
26,11,21.377334922547004
26,12,21.800978803959236
26,13,17.67524616473851
26,14,18.832768408865757
26,15,15.455726935767641
26,16,18.32776904322546
26,17,22.42283548982979
26,18,22.55138792258964
26,19,19.51884545976554
26,20,25.419141801905237
26,21,12.147196809345369
26,22,13.617816629819371
26,23,23.127757623458333
26,24,19.482666731982842
26,25,0.48596789909259774
26,26,0.0
26,27,2.7676171516248997
26,28,23.4372942409723
26,29,3.7897692623758457
26,30,10.403060027772915
27,0,15.757372885020546
27,1,12.351518647968035
27,2,17.19660438225923
27,3,18.78017104072635
27,4,13.18644464093012
27,5,15.459967186469965
27,6,10.258167267459989
27,7,11.599288458994025
27,8,15.982877849339058
27,9,15.086743681111813
27,10,21.715314794814084
27,11,23.139519953959756
27,12,23.579544692109746
27,13,19.646920457169728
27,14,20.377105463287542
27,15,16.743743179079562
27,16,17.946606599200223
27,17,24.23841567173976
27,18,24.360812970554914
27,19,21.21581715981306
27,20,27.309774580640973
27,21,14.151951342320313
27,22,15.66030948648457
27,23,23.863942025376403
27,24,19.7511760735062
27,25,2.9402545126289064
27,26,2.7676171516248997
27,27,0.0
27,28,24.181181188502453
27,29,2.3630581396068657
27,30,12.131556934402282
28,0,29.88801726825495
28,1,22.99330723207332
28,2,33.99900606883048
28,3,33.649807463862935
28,4,34.43126685000454
28,5,38.2119026525244
28,6,24.19892902269385
28,7,28.07742598091122
28,8,39.295271408968205
28,9,38.640001663810665
28,10,39.52141891199955
28,11,40.57857368364146
28,12,40.86764014305391
28,13,36.438250911464294
28,14,39.25289115640253
28,15,37.03210736593073
28,16,41.76480803571543
28,17,41.223034177652075
28,18,41.36543276696387
28,19,39.25995325629326
28,20,43.41488925754684
28,21,31.96543164930104
28,22,32.903812875530086
28,23,0.320930671169962
28,24,5.601367548298173
28,25,23.864718454475085
28,26,23.4372942409723
28,27,24.181181188502453
28,28,0.0
28,29,26.482589287730224
28,30,31.57396440988497
29,0,15.144463074446293
29,1,12.81590432528645
29,2,15.993335810929517
29,3,17.822627926717818
29,4,11.296030758061224
29,5,13.224832282248618
29,6,10.438364332897606
29,7,10.956182271831604
29,8,13.664415882901638
29,9,12.74498554801033
29,10,20.15607650126382
29,11,21.59579966937469
29,12,22.04639570274807
29,13,18.325349987738598
29,14,18.68655931788635
29,15,14.918524307555884
29,16,15.584188920493375
29,17,22.732340160289944
29,18,22.848593685931807
29,19,19.63406938562519
29,20,25.851775699587133
29,21,12.950528953727478
29,22,14.467832993545029
29,23,26.166482825545096
29,24,22.107610556589055
29,25,3.6336910833204548
29,26,3.7897692623758457
29,27,2.3630581396068657
29,28,26.482589287730224
29,29,0.0
29,30,10.722434246936997
30,0,6.37600766649911
30,1,9.762800788847912
30,2,5.374514857024354
30,3,7.585686101669819
30,4,3.468959844279243
30,5,8.062922507601687
30,6,7.6546298074086225
30,7,4.079066491173666
30,8,9.898457368008186
30,9,10.021482535836126
30,10,9.607484144238356
30,11,11.01983963427035
30,12,11.455245451157714
30,13,7.604589901735032
30,14,8.449345877250046
30,15,5.474779926800623
30,16,13.167888460029255
30,17,12.107766468482932
30,18,12.230905382394841
30,19,9.126665080003319
30,20,15.183037915131692
30,21,2.4977280193169316
30,22,3.9177993815889067
30,23,31.294504656695935
30,24,28.639944868089778
30,25,9.938810385508324
30,26,10.403060027772915
30,27,12.131556934402282
30,28,31.57396440988497
30,29,10.722434246936997
30,30,0.0
