source_id,target_id,rtt
0,0,0.0
0,4,82.22219942615331
0,5,125.04484801807911
0,8,129.7834015348375
0,9,54.46785614232126
0,10,57.37885051666329
0,11,125.97151471419514
0,12,93.765082509419
0,13,128.09205336430713
0,14,86.82811696301498
0,15,89.0557294640363
0,16,45.17880724654704
0,18,51.44670395515913
4,0,82.22219942615331
4,4,0.0
4,5,43.08560677501738
4,8,50.45770392419845
4,9,70.25029749949181
4,10,72.07697276715385
4,11,140.2389342175344
4,12,159.5051785050761
4,13,135.68626892057196
4,14,125.65335428599506
4,15,128.76347185909012
4,16,75.47093061944793
4,18,64.86970894209064
5,0,125.04484801807911
5,4,43.08560677501738
5,5,0.0
5,8,12.314049317799977
5,9,96.46509089931212
5,10,96.42667618913359
5,11,116.74076102298133
5,12,159.465048764912
5,13,111.61818207821722
5,14,129.82611832344563
5,15,131.36681783852308
5,16,105.58305519466943
5,18,93.69057547917814
8,0,129.7834015348375
8,4,50.45770392419845
8,5,12.314049317799977
8,8,0.0
8,9,92.79756427437799
8,10,92.13197855338821
8,11,104.54910662653407
8,12,147.1703561449005
8,13,99.410866589105
8,14,118.80980382667707
8,15,120.08723568960993
8,16,102.73813792965557
8,18,91.14937532588347
9,0,54.46785614232126
9,4,70.25029749949181
9,5,96.46509089931212
9,8,92.79756427437799
9,9,0.0
9,10,3.4439424426047984
9,11,91.02046444273603
9,12,89.33855844378688
9,13,89.87356822036028
9,14,58.476271123404025
9,15,61.7668729450608
9,16,10.543555926591111
9,18,6.407022006907455
10,0,57.37885051666329
10,4,72.07697276715385
10,5,96.42667618913359
10,8,92.13197855338821
10,9,3.4439424426047984
10,10,0.0
10,11,87.71497478211332
10,12,87.43431488957897
10,13,86.50134057997673
10,14,55.80314062973163
10,15,59.09251171802509
10,16,12.658716268534631
10,18,9.610820789309734
11,0,125.97151471419514
11,4,140.2389342175344
11,5,116.74076102298133
11,8,104.54910662653407
11,9,91.02046444273603
11,10,87.71497478211332
11,11,0.0
11,12,43.97440411290538
11,13,5.164812901832182
11,14,39.42871868556034
11,15,36.98847964063542
11,16,93.79721462550653
11,18,97.32432046444909
12,0,93.765082509419
12,4,159.5051785050761
12,5,159.465048764912
12,8,147.1703561449005
12,9,89.33855844378688
12,10,87.43431488957897
12,11,43.97440411290538
12,12,0.0
12,13,48.893990771689296
12,14,35.69941304605376
12,15,33.01769890040451
12,16,84.97479963673469
12,18,94.91989811827735
13,0,128.09205336430713
13,4,135.68626892057196
13,5,111.61818207821722
13,8,99.410866589105
13,9,89.87356822036028
13,10,86.50134057997673
13,11,5.164812901832182
13,12,48.893990771689296
13,13,0.0
13,14,41.26512571639987
13,15,39.130954344651485
13,16,93.46093868363685
13,18,96.06712181337933
14,0,86.82811696301498
14,4,125.65335428599506
14,5,129.82611832344563
14,8,118.80980382667707
14,9,58.476271123404025
14,10,55.80314062973163
14,11,39.42871868556034
14,12,35.69941304605376
14,13,41.26512571639987
14,14,0.0
14,15,3.2908637278483686
14,16,57.78503014493322
14,18,64.758487688698
15,0,89.0557294640363
15,4,128.76347185909012
15,5,131.36681783852308
15,8,120.08723568960993
15,9,61.7668729450608
15,10,59.09251171802509
15,11,36.98847964063542
15,12,33.01769890040451
15,13,39.130954344651485
15,14,3.2908637278483686
15,15,0.0
15,16,60.99840776527027
15,18,68.04718357953274
16,0,45.17880724654704
16,4,75.47093061944793
16,5,105.58305519466943
16,8,102.73813792965557
16,9,10.543555926591111
16,10,12.658716268534631
16,11,93.79721462550653
16,12,84.97479963673469
16,13,93.46093868363685
16,14,57.78503014493322
16,15,60.99840776527027
16,16,0.0
16,18,11.902766782767973
18,0,51.44670395515913
18,4,64.86970894209064
18,5,93.69057547917814
18,8,91.14937532588347
18,9,6.407022006907455
18,10,9.610820789309734
18,11,97.32432046444909
18,12,94.91989811827735
18,13,96.06712181337933
18,14,64.758487688698
18,15,68.04718357953274
18,16,11.902766782767973
18,18,0.0
