source_id,target_id,rtt
0,0,0.0
0,1,0.9822872751196574
0,2,0.44012179549386155
0,3,0.27098439866821294
0,4,0.9425203384223069
0,5,0.8114816450309087
0,6,0.8071223798471968
0,7,0.9608518249093176
0,8,1.4019052700873291
0,9,1.3659131485488059
0,10,2.212335733361836
0,11,0.8086747994232969
0,12,2.172815295173488
0,13,55.1614594131002
0,14,3.001068684218451
0,15,55.1614594131002
0,16,1.8012399099039258
0,17,1.8513343532017308
0,18,1.8707195455378895
0,19,3.6300018327057093
0,20,3.2585901853705193
0,21,1.4954827037646976
0,22,1.0720105953531147
0,23,2.431207143426353
0,24,2.6246171123119124
0,25,3.6948744789311747
0,26,3.4293955721262046
0,27,55.1614594131002
0,28,1.008109437416696
0,29,55.1614594131002
0,30,3.362274108527534
0,31,2.638485472664297
0,32,2.9997731063064226
0,33,2.7276154457274053
0,34,1.8753245035498225
0,35,1.797934186127417
0,36,55.1614594131002
1,0,0.9822872751196574
1,1,0.0
1,2,0.8863248830681475
1,3,1.1001214546294358
1,4,1.9226933197770042
1,5,1.765266151983722
1,6,0.7633193804986107
1,7,1.8015546505802142
1,8,2.292276408604817
1,9,2.086226081103834
1,10,3.1550105724289508
1,11,1.1311333448808976
1,12,2.9972398235056636
1,13,56.08362747206058
1,14,3.5602629311580527
1,15,56.08362747206058
1,16,2.783527183900921
1,17,2.790542333781671
1,18,2.5920008244786383
1,19,4.238621914699614
1,20,3.8217317647281037
1,21,2.1203143769445756
1,22,1.753707184825452
1,23,3.199666834839514
1,24,3.517135653514541
1,25,4.485703744934398
1,26,4.118703015394937
1,27,56.08362747206058
1,28,1.0783157561494445
1,29,56.08362747206058
1,30,3.5203778765379474
1,31,2.857716462933651
1,32,3.344387282257034
1,33,3.1509116965807458
1,34,2.269835410862817
1,35,2.3296578629878315
1,36,56.08362747206058
2,0,0.44012179549386155
2,1,0.8863248830681475
2,2,0.0
2,3,0.3109916927796735
2,4,1.169742648374426
2,5,0.9563199556448638
2,6,1.0636726303126922
2,7,1.3818599345274258
2,8,1.4181312704792255
2,9,1.2083729342804108
2,10,2.300134247793457
2,11,1.187195950174704
2,12,2.111037240420788
2,13,55.20323179462754
2,14,2.757752584267072
2,15,55.20323179462754
2,16,2.030323563138518
2,17,1.9364166184241807
2,18,1.7191973646749035
2,19,3.4171352298681583
2,20,3.019155136918107
2,21,1.2705412737795956
2,22,0.8782545533115075
2,23,2.320159521008026
2,24,2.636288276679238
2,25,3.6051579710803083
2,26,3.264466067570099
2,27,55.20323179462754
2,28,0.5681451126035606
2,29,55.20323179462754
2,30,2.9753957822915154
2,31,2.260260009296639
2,32,2.6642279055294504
2,33,2.4189897875705815
2,34,1.5413693165197218
2,35,1.5249951925969474
2,36,55.20323179462754
3,0,0.27098439866821294
3,1,1.1001214546294358
3,2,0.3109916927796735
3,3,0.0
3,4,0.8673194922975163
3,5,0.6729198198772518
3,6,1.0634470945084797
3,7,1.1037018078922676
3,8,1.202467762072918
3,9,1.107477510391607
3,10,2.054892621700885
3,11,1.0783491648322467
3,12,1.9475688722445437
3,13,54.99077153833835
3,14,2.7333255175289675
3,15,54.99077153833835
3,16,1.7328081698796511
3,17,1.6904447725066776
3,18,1.6168854268299744
3,19,3.367206791287648
3,20,2.991516322029734
3,21,1.227177141580725
3,22,0.8048331497847581
3,23,2.1906482834662624
3,24,2.4311012830718206
3,25,3.464058463052623
3,26,3.1763533906514465
3,27,54.99077153833835
3,28,0.8317200931582875
3,29,54.99077153833835
3,30,3.1053141366224537
3,31,2.3794375985387344
3,32,2.730930223217434
3,33,2.4568778080775737
3,34,1.6076983888937995
3,35,1.527064455266763
3,36,54.99077153833835
4,0,0.9425203384223069
4,1,1.9226933197770042
4,2,1.169742648374426
4,3,0.8673194922975163
4,4,0.0
4,5,0.26555041173533006
4,6,1.623342286634564
4,7,0.7953301237462288
4,8,0.7074401784965917
4,9,1.0495788282103409
4,10,1.3191194446878487
4,11,1.4162817035779474
4,12,1.4885097500099491
4,13,54.25105411286771
4,14,2.6153031032338387
4,15,54.25105411286771
4,16,0.8673706562560843
4,17,0.9774565058053089
4,18,1.4048572196325373
4,19,3.1416614427611456
4,20,2.8480502883130185
4,21,1.2849499837498972
4,22,0.9750205435449716
4,23,1.8116393370695818
4,24,1.7995800809930742
4,25,2.975921144662087
4,26,2.8511421096564034
4,27,54.25105411286771
4,28,1.5888039341953457
4,29,54.25105411286771
4,30,3.3882844212133056
4,31,2.6747767959812943
4,32,2.863737962140435
4,33,2.5318657803081996
4,34,1.8543953741683161
4,35,1.6273187565209033
4,36,54.25105411286771
5,0,0.8114816450309087
5,1,1.765266151983722
5,2,0.9563199556448638
5,3,0.6729198198772518
5,4,0.26555041173533006
5,5,0.0
5,6,1.5678633459395535
5,7,0.9549555664418922
5,8,0.6304180106382392
5,9,0.8402880192678662
5,10,1.4010350266085863
5,11,1.4230149758049069
5,12,1.429249098880145
5,13,54.349986939256574
5,14,2.4603530979797616
5,15,54.349986939256574
5,16,1.0796601321490016
5,17,1.0399035580101306
5,18,1.2540467646114555
5,19,3.0217734006810715
5,20,2.7022034091796887
5,21,1.062430461504272
5,22,0.7215241143528396
5,23,1.7275857940302788
5,24,1.825359750402222
5,25,2.9462077194600935
5,26,2.7607488686741464
5,27,54.349986939256574
5,28,1.3359591806721904
5,29,54.349986939256574
5,30,3.1546391342905493
5,31,2.435615524815604
5,32,2.653245741081178
5,33,2.330140052734991
5,34,1.6142867575173423
5,35,1.4068851413766612
5,36,54.349986939256574
6,0,0.8071223798471968
6,1,0.7633193804986107
6,2,1.0636726303126922
6,3,1.0634470945084797
6,4,1.623342286634564
6,5,1.5678633459395535
6,6,0.0
6,7,1.2183869797372253
6,8,2.186856065440497
6,9,2.170129104802482
6,10,2.94057199494813
6,11,0.3956814429288617
6,12,2.9711660964295303
6,13,55.86813218256699
6,14,3.7908927600013533
6,15,55.86813218256699
6,16,2.4064712213154853
6,17,2.590458741878699
6,18,2.677143775908103
6,19,4.430286692286003
6,20,4.050333664509135
6,21,2.2857525404200927
6,22,1.8663286952794527
6,23,3.236804803090697
6,24,3.3924920586999754
6,25,4.494473414119375
6,26,4.236231220671854
6,27,55.86813218256699
6,28,1.533992763598015
6,29,55.86813218256699
6,30,4.017177033901895
6,31,3.311817090118781
6,32,3.7278450698069054
6,33,3.479745231210598
6,34,2.604755763107989
6,35,2.570210321084526
6,36,55.86813218256699
7,0,0.9608518249093176
7,1,1.8015546505802142
7,2,1.3818599345274258
7,3,1.1037018078922676
7,4,0.7953301237462288
7,5,0.9549555664418922
7,6,1.2183869797372253
7,7,0.0
7,8,1.5025129113961777
7,9,1.7945808331265065
7,10,1.9817038067305937
7,11,0.872322750758497
7,12,2.273036581312664
7,13,54.749737700241646
7,14,3.4039917107443722
7,15,54.749737700241646
7,16,1.2954331747975643
7,17,1.6880377531956492
7,18,2.1931278601351925
7,19,3.9369546317360684
7,20,3.640042505595333
7,21,2.0103623368753256
7,22,1.633892769405875
7,23,2.602666672238472
7,24,2.5148216709006643
7,25,3.7306394963241494
7,26,3.6415547675086244
7,27,54.749737700241646
7,28,1.934173071858075
7,29,54.749737700241646
7,30,4.077891211032877
7,31,3.3518195016046293
7,32,3.60281351980398
7,33,3.2836584346505164
7,34,2.5358211434676052
7,35,2.35389295306116
7,36,54.749737700241646
8,0,1.4019052700873291
8,1,2.292276408604817
8,2,1.4181312704792255
8,3,1.202467762072918
8,4,0.7074401784965917
8,5,0.6304180106382392
8,6,2.186856065440497
8,7,1.5025129113961777
8,8,0.0
8,9,0.5531214436519674
8,10,0.9012352081797874
8,11,2.0533314950861405
8,12,0.7996451299069635
8,13,53.79162247703402
8,14,1.9242859408391666
8,15,53.79162247703402
8,16,0.9734520034650959
8,17,0.5518819704261346
8,18,0.7263282254291133
8,19,2.4345367509682436
8,20,2.1498918061634975
8,21,0.789517987492011
8,22,0.7224391551136551
8,23,1.1086528172978607
8,24,1.2286474259600595
8,25,2.31614660247215
8,26,2.1473977555369896
8,27,53.79162247703402
8,28,1.6082203464028586
8,29,53.79162247703402
8,30,2.8395897461727166
8,31,2.161544266529164
8,32,2.2533441437286243
8,33,1.9068410656021184
8,34,1.3786253600019205
8,35,1.0868447780872847
8,36,53.79162247703402
9,0,1.3659131485488059
9,1,2.086226081103834
9,2,1.2083729342804108
9,3,1.107477510391607
9,4,1.0495788282103409
9,5,0.8402880192678662
9,6,2.170129104802482
9,7,1.7945808331265065
9,8,0.5531214436519674
9,9,0.0
9,10,1.364558936460244
9,11,2.136541519505576
9,12,0.9390635459356319
9,13,54.04916092765611
9,14,1.65503192548755
9,15,54.04916092765611
9,16,1.5229821268982198
9,17,1.0587671953538966
9,18,0.5130416516056807
9,19,2.265579275934129
9,20,1.9071426623498113
9,21,0.24632583250164167
9,22,0.33268311816604
9,23,1.1134415149589827
9,24,1.5309472020453987
9,25,2.3994918929818727
9,26,2.0702697406027144
9,27,54.04916092765611
9,28,1.2089889197418977
9,29,54.04916092765611
9,30,2.3469727147946435
9,31,1.6453035906399585
9,32,1.8159184217236817
9,33,1.4899270357013168
9,34,0.8393663883131586
9,35,0.5796932238397559
9,36,54.04916092765611
10,0,2.212335733361836
10,1,3.1550105724289508
10,2,2.300134247793457
10,3,2.054892621700885
10,4,1.3191194446878487
10,5,1.4010350266085863
10,6,2.94057199494813
10,7,1.9817038067305937
10,8,0.9012352081797874
10,9,1.364558936460244
10,10,0.0
10,11,2.727638776866681
10,12,0.7560786894114461
10,13,52.94929002076603
10,14,2.0505274072380364
10,15,52.94929002076603
10,16,0.7938251259484006
10,17,0.36458369446992844
10,18,1.1911999476966775
10,19,2.3257387101076774
10,20,2.1990736170301
10,21,1.5467254716466179
10,22,1.6089074771648606
10,23,1.0530187992030142
10,24,0.5665155299770446
10,25,1.8145234110090542
10,26,1.925107204621471
10,27,52.94929002076603
10,28,2.50700981928127
10,29,52.94929002076603
10,30,3.3084212420616894
10,31,2.726500669235609
10,32,2.635263270064771
10,33,2.2847084012086762
10,34,2.0620318222662863
10,35,1.7367430601985099
10,36,52.94929002076603
11,0,0.8086747994232969
11,1,1.1311333448808976
11,2,1.187195950174704
11,3,1.0783491648322467
11,4,1.4162817035779474
11,5,1.4230149758049069
11,6,0.3956814429288617
11,7,0.872322750758497
11,8,2.0533314950861405
11,9,2.136541519505576
11,10,2.727638776866681
11,11,0.0
11,12,2.8521675651873117
11,13,55.60035565802317
11,14,3.788046547419863
11,15,55.60035565802317
11,16,2.1261053370886565
11,17,2.3933055665587255
11,18,2.6238137086742346
11,19,4.398195262418536
11,20,4.0425668064277565
11,21,2.2889329074632547
11,22,1.8652657618268424
11,23,3.143894646821255
11,24,3.215082050741697
11,25,4.367955230330883
11,26,4.1679413156492044
11,27,55.60035565802317
11,28,1.7253488125001826
11,29,55.60035565802317
11,30,4.158388858728688
11,31,3.438348518811968
11,32,3.8084350024364113
11,33,3.5346220985666545
11,34,2.683706659196874
11,35,2.601109764669928
11,36,55.60035565802317
12,0,2.172815295173488
12,1,2.9972398235056636
12,2,2.111037240420788
12,3,1.9475688722445437
12,4,1.4885097500099491
12,5,1.429249098880145
12,6,2.9711660964295303
12,7,2.273036581312664
12,8,0.7996451299069635
12,9,0.9390635459356319
12,10,0.7560786894114461
12,11,2.8521675651873117
12,12,0.0
12,13,53.11231789570808
12,14,1.321600057104377
12,15,53.11231789570808
12,16,1.3851132166465652
12,17,0.7170058161270321
12,18,0.5399821080199386
12,19,1.705096866767291
12,20,1.4989854303360937
12,21,1.0201994748023246
12,22,1.263085021176664
12,23,0.34846472926358885
12,24,0.6309196769257479
12,25,1.5233287374420676
12,26,1.372181612661989
12,27,53.11231789570808
12,28,2.1452598174113953
12,29,53.11231789570808
12,30,2.5563236856225076
12,31,1.9992763792284654
12,32,1.879426074998463
12,33,1.5296761279820925
12,34,1.4152304413130665
12,35,1.0957361565834312
12,36,53.11231789570808
13,0,55.1614594131002
13,1,56.08362747206058
13,2,55.20323179462754
13,3,54.99077153833835
13,4,54.25105411286771
13,5,54.349986939256574
13,6,55.86813218256699
13,7,54.749737700241646
13,8,53.79162247703402
13,9,54.04916092765611
13,10,52.94929002076603
13,11,55.60035565802317
13,12,53.11231789570808
13,13,0.0
13,14,52.97446196149995
13,15,0.0
13,16,53.47458935227573
13,17,53.31028846388932
13,18,53.57983522190483
13,19,52.307637723571126
13,20,52.755342217172846
13,21,54.08535147079348
13,22,54.37540291639045
13,23,52.96493347183722
13,24,52.567144581140745
13,25,51.710204445544804
13,26,52.23556858899576
13,27,0.0
13,28,55.240775408691576
13,29,0.0
13,30,54.004210284452675
13,31,54.17339789924612
13,32,53.605305556160864
13,33,53.56043369587916
13,34,54.21983180873817
13,35,54.00274967913181
13,36,0.0
14,0,3.001068684218451
14,1,3.5602629311580527
14,2,2.757752584267072
14,3,2.7333255175289675
14,4,2.6153031032338387
14,5,2.4603530979797616
14,6,3.7908927600013533
14,7,3.4039917107443722
14,8,1.9242859408391666
14,9,1.65503192548755
14,10,2.0505274072380364
14,11,3.788046547419863
14,12,1.321600057104377
14,13,52.97446196149995
14,14,0.0
14,15,52.97446196149995
14,16,2.699970314678538
14,17,2.0325892089511846
14,18,1.2110028079196595
14,19,0.694756628619868
14,20,0.26187221739290334
14,21,1.5062004040810866
14,22,1.9290633197483331
14,23,0.9976110834624078
14,24,1.6767059376542628
14,25,1.4481128987214404
14,26,0.7805535910921162
14,27,52.97446196149995
14,28,2.5046191812769676
14,29,52.97446196149995
14,30,1.485547550012779
14,31,1.2543113093299088
14,32,0.8005524747978231
14,33,0.6030637582095816
14,34,1.3223114926002806
14,35,1.2354181077484894
14,36,52.97446196149995
15,0,55.1614594131002
15,1,56.08362747206058
15,2,55.20323179462754
15,3,54.99077153833835
15,4,54.25105411286771
15,5,54.349986939256574
15,6,55.86813218256699
15,7,54.749737700241646
15,8,53.79162247703402
15,9,54.04916092765611
15,10,52.94929002076603
15,11,55.60035565802317
15,12,53.11231789570808
15,13,0.0
15,14,52.97446196149995
15,15,0.0
15,16,53.47458935227573
15,17,53.31028846388932
15,18,53.57983522190483
15,19,52.307637723571126
15,20,52.755342217172846
15,21,54.08535147079348
15,22,54.37540291639045
15,23,52.96493347183722
15,24,52.567144581140745
15,25,51.710204445544804
15,26,52.23556858899576
15,27,0.0
15,28,55.240775408691576
15,29,0.0
15,30,54.004210284452675
15,31,54.17339789924612
15,32,53.605305556160864
15,33,53.56043369587916
15,34,54.21983180873817
15,35,54.00274967913181
15,36,0.0
16,0,1.8012399099039258
16,1,2.783527183900921
16,2,2.030323563138518
16,3,1.7328081698796511
16,4,0.8673706562560843
16,5,1.0796601321490016
16,6,2.4064712213154853
16,7,1.2954331747975643
16,8,0.9734520034650959
16,9,1.5229821268982198
16,10,0.7938251259484006
16,11,2.1261053370886565
16,12,1.3851132166465652
16,13,53.47458935227573
16,14,2.699970314678538
16,15,53.47458935227573
16,16,0.0
16,17,0.6683962157272975
16,18,1.6156403520745273
16,19,3.066892231970087
16,20,2.884092166665189
16,21,1.762656515467764
16,22,1.6219049409980204
16,23,1.7288797652398797
16,24,1.360241511487813
16,25,2.6078516051998952
16,26,2.6891329488745424
16,27,53.47458935227573
16,28,2.4002774714080943
16,29,53.47458935227573
16,30,3.7840936594631107
16,31,3.1246761760314237
16,32,3.162355793824815
16,33,2.8086451226097418
16,34,2.3517949917738292
16,35,2.054513829578572
16,36,53.47458935227573
17,0,1.8513343532017308
17,1,2.790542333781671
17,2,1.9364166184241807
17,3,1.6904447725066776
17,4,0.9774565058053089
17,5,1.0399035580101306
17,6,2.590458741878699
17,7,1.6880377531956492
17,8,0.5518819704261346
17,9,1.0587671953538966
17,10,0.36458369446992844
17,11,2.3933055665587255
17,12,0.7170058161270321
17,13,53.31028846388932
17,14,2.0325892089511846
17,15,53.31028846388932
17,16,0.6683962157272975
17,17,0.0
17,18,0.999044457498483
17,19,2.40906673371923
17,20,2.2158520353683695
17,21,1.2659144028746852
17,22,1.271931954665386
17,23,1.0623146069941354
17,24,0.8294614013195243
17,25,2.0481162079703585
17,26,2.0466854586760173
17,27,53.31028846388932
17,28,2.1594589137156834
17,29,53.31028846388932
17,30,3.169298554755684
17,31,2.5420750148999693
17,32,2.5249253869263333
17,33,2.1703570115115465
17,34,1.8203206888871817
17,35,1.5020569537962427
17,36,53.31028846388932
18,0,1.8707195455378895
18,1,2.5920008244786383
18,2,1.7191973646749035
18,3,1.6168854268299744
18,4,1.4048572196325373
18,5,1.2540467646114555
18,6,2.677143775908103
18,7,2.1931278601351925
18,8,0.7263282254291133
18,9,0.5130416516056807
18,10,1.1911999476966775
18,11,2.6238137086742346
18,12,0.5399821080199386
18,13,53.57983522190483
18,14,1.2110028079196595
18,15,53.57983522190483
18,16,1.6156403520745273
18,17,0.999044457498483
18,18,0.0
18,19,1.7763036601775997
18,20,1.4487080475200573
18,21,0.5067663570206786
18,22,0.8409863611633868
18,23,0.6166873374607287
18,24,1.17090169373112
18,25,1.898533500903801
18,26,1.5595099549375877
18,27,53.57983522190483
18,28,1.6609488424148162
18,29,53.57983522190483
18,30,2.1735667489953037
18,31,1.546313485819472
18,32,1.5487069390558834
18,33,1.196521850046383
18,34,0.885292969159692
18,35,0.5611204436854262
18,36,53.57983522190483
19,0,3.6300018327057093
19,1,4.238621914699614
19,2,3.4171352298681583
19,3,3.367206791287648
19,4,3.1416614427611456
19,5,3.0217734006810715
19,6,4.430286692286003
19,7,3.9369546317360684
19,8,2.4345367509682436
19,9,2.265579275934129
19,10,2.3257387101076774
19,11,4.398195262418536
19,12,1.705096866767291
19,13,52.307637723571126
19,14,0.694756628619868
19,15,52.307637723571126
19,16,3.066892231970087
19,17,2.40906673371923
19,18,1.7763036601775997
19,19,0.0
19,20,0.45071430286177255
19,21,2.1497762876788467
19,22,2.564415507137582
19,23,1.357509572081181
19,24,1.8315495445841388
19,25,1.0768947617531728
19,26,0.45016224137470084
19,27,52.307637723571126
19,28,3.1920575416104313
19,29,52.307637723571126
19,30,1.906257394449396
19,31,1.8735013890545313
19,32,1.3306906838150703
19,33,1.253957514357104
19,34,2.01616878695641
19,35,1.9089657450630606
19,36,52.307637723571126
20,0,3.2585901853705193
20,1,3.8217317647281037
20,2,3.019155136918107
20,3,2.991516322029734
20,4,2.8480502883130185
20,5,2.7022034091796887
20,6,4.050333664509135
20,7,3.640042505595333
20,8,2.1498918061634975
20,9,1.9071426623498113
20,10,2.1990736170301
20,11,4.0425668064277565
20,12,1.4989854303360937
20,13,52.755342217172846
20,14,0.26187221739290334
20,15,52.755342217172846
20,16,2.884092166665189
20,17,2.2158520353683695
20,18,1.4487080475200573
20,19,0.45071430286177255
20,20,0.0
20,21,1.7648490653810385
20,22,2.1868300985352165
20,23,1.1584992470114304
20,24,1.776878088336641
20,25,1.3453463206205025
20,26,0.6521264801725908
20,27,52.755342217172846
20,28,2.7644524366684213
20,29,52.755342217172846
20,30,1.55389209293964
20,31,1.4355422420703488
20,32,0.9184651656639112
20,33,0.8050931989889029
20,34,1.5782913718983203
20,35,1.4972695077155675
20,36,52.755342217172846
21,0,1.4954827037646976
21,1,2.1203143769445756
21,2,1.2705412737795956
21,3,1.227177141580725
21,4,1.2849499837498972
21,5,1.062430461504272
21,6,2.2857525404200927
21,7,2.0103623368753256
21,8,0.789517987492011
21,9,0.24632583250164167
21,10,1.5467254716466179
21,11,2.2889329074632547
21,12,1.0201994748023246
21,13,54.08535147079348
21,14,1.5062004040810866
21,15,54.08535147079348
21,16,1.762656515467764
21,17,1.2659144028746852
21,18,0.5067663570206786
21,19,2.1497762876788467
21,20,1.7648490653810385
21,21,0.0
21,22,0.4240716581037892
21,23,1.1204784817112965
21,24,1.6418878780605424
21,25,2.3935322453354804
21,26,1.9991278769400147
21,27,54.08535147079348
21,28,1.156164042981121
21,29,54.08535147079348
21,30,2.1051467442174263
21,31,1.3999398530352902
21,32,1.5924729857521793
21,33,1.2778229254582196
21,34,0.5935356249437732
21,35,0.3444546829832268
21,36,54.08535147079348
22,0,1.0720105953531147
22,1,1.753707184825452
22,2,0.8782545533115075
22,3,0.8048331497847581
22,4,0.9750205435449716
22,5,0.7215241143528396
22,6,1.8663286952794527
22,7,1.633892769405875
22,8,0.7224391551136551
22,9,0.33268311816604
22,10,1.6089074771648606
22,11,1.8652657618268424
22,12,1.263085021176664
22,13,54.37540291639045
22,14,1.9290633197483331
22,15,54.37540291639045
22,16,1.6219049409980204
22,17,1.271931954665386
22,18,0.8409863611633868
22,19,2.564415507137582
22,20,2.1868300985352165
22,21,0.4240716581037892
22,22,0.0
22,23,1.4460073824037403
22,24,1.8364180560084997
22,25,2.732092534745053
22,26,2.3902290985862384
22,27,54.37540291639045
22,28,0.9066233124074539
22,29,54.37540291639045
22,30,2.4452864278603728
22,31,1.7213924926450648
22,32,1.9852111086734519
22,33,1.6856899167001704
22,34,0.9024154085880833
22,35,0.744272898751761
22,36,54.37540291639045
23,0,2.431207143426353
23,1,3.199666834839514
23,2,2.320159521008026
23,3,2.1906482834662624
23,4,1.8116393370695818
23,5,1.7275857940302788
23,6,3.236804803090697
23,7,2.602666672238472
23,8,1.1086528172978607
23,9,1.1134415149589827
23,10,1.0530187992030142
23,11,3.143894646821255
23,12,0.34846472926358885
23,13,52.96493347183722
23,14,0.9976110834624078
23,15,52.96493347183722
23,16,1.7288797652398797
23,17,1.0623146069941354
23,18,0.6166873374607287
23,19,1.357509572081181
23,20,1.1584992470114304
23,21,1.1204784817112965
23,22,1.4460073824037403
23,23,0.0
23,24,0.7465561212928181
23,25,1.2860942107312388
23,26,1.0395051807238964
23,27,52.96493347183722
23,28,2.276453757066934
23,29,52.96493347183722
23,30,2.321128043294359
23,31,1.83026177035942
23,32,1.6262536237557996
23,33,1.28995684090315
23,34,1.3749641894202314
23,35,1.0860742066683342
23,36,52.96493347183722
24,0,2.6246171123119124
24,1,3.517135653514541
24,2,2.636288276679238
24,3,2.4311012830718206
24,4,1.7995800809930742
24,5,1.825359750402222
24,6,3.3924920586999754
24,7,2.5148216709006643
24,8,1.2286474259600595
24,9,1.5309472020453987
24,10,0.5665155299770446
24,11,3.215082050741697
24,12,0.6309196769257479
24,13,52.567144581140745
24,14,1.6767059376542628
24,15,52.567144581140745
24,16,1.360241511487813
24,17,0.8294614013195243
24,18,1.17090169373112
24,19,1.8315495445841388
24,20,1.776878088336641
24,21,1.6418878780605424
24,22,1.8364180560084997
24,23,0.7465561212928181
24,24,0.0
24,25,1.248140276311757
24,26,1.4065880553386252
24,27,52.567144581140745
24,28,2.737792055285556
24,29,52.567144581140745
24,30,3.0638207613013235
24,31,2.5712507399149827
24,32,2.3652111350549823
24,33,2.0343885276841234
24,34,2.0410414829519503
24,35,1.724594498336912
24,36,52.567144581140745
25,0,3.6948744789311747
25,1,4.485703744934398
25,2,3.6051579710803083
25,3,3.464058463052623
25,4,2.975921144662087
25,5,2.9462077194600935
25,6,4.494473414119375
25,7,3.7306394963241494
25,8,2.31614660247215
25,9,2.3994918929818727
25,10,1.8145234110090542
25,11,4.367955230330883
25,12,1.5233287374420676
25,13,51.710204445544804
25,14,1.4481128987214404
25,15,51.710204445544804
25,16,2.6078516051998952
25,17,2.0481162079703585
25,18,1.898533500903801
25,19,1.0768947617531728
25,20,1.3453463206205025
25,21,2.3935322453354804
25,22,2.732092534745053
25,23,1.2860942107312388
25,24,1.248140276311757
25,25,0.0
25,26,0.6937670465288718
25,27,51.710204445544804
25,28,3.546822423566177
25,29,51.710204445544804
25,30,2.8988902465561917
25,31,2.6885284744144964
25,32,2.241866149395166
25,33,2.036302637476909
25,34,2.5243263841146
25,35,2.292780679839083
25,36,51.710204445544804
26,0,3.4293955721262046
26,1,4.118703015394937
26,2,3.264466067570099
26,3,3.1763533906514465
26,4,2.8511421096564034
26,5,2.7607488686741464
26,6,4.236231220671854
26,7,3.6415547675086244
26,8,2.1473977555369896
26,9,2.0702697406027144
26,10,1.925107204621471
26,11,4.1679413156492044
26,12,1.372181612661989
26,13,52.23556858899576
26,14,0.7805535910921162
26,15,52.23556858899576
26,16,2.6891329488745424
26,17,2.0466854586760173
26,18,1.5595099549375877
26,19,0.45016224137470084
26,20,0.6521264801725908
26,21,1.9991278769400147
26,22,2.3902290985862384
26,23,1.0395051807238964
26,24,1.4065880553386252
26,25,0.6937670465288718
26,26,0.0
26,27,52.23556858899576
26,28,3.111170293863068
26,29,52.23556858899576
26,30,2.2060179408273553
26,31,2.0347083050217334
26,32,1.5582681986846196
26,33,1.3823385717787269
26,34,1.9931779412983264
26,35,1.8181973958610276
26,36,52.23556858899576
27,0,55.1614594131002
27,1,56.08362747206058
27,2,55.20323179462754
27,3,54.99077153833835
27,4,54.25105411286771
27,5,54.349986939256574
27,6,55.86813218256699
27,7,54.749737700241646
27,8,53.79162247703402
27,9,54.04916092765611
27,10,52.94929002076603
27,11,55.60035565802317
27,12,53.11231789570808
27,13,0.0
27,14,52.97446196149995
27,15,0.0
27,16,53.47458935227573
27,17,53.31028846388932
27,18,53.57983522190483
27,19,52.307637723571126
27,20,52.755342217172846
27,21,54.08535147079348
27,22,54.37540291639045
27,23,52.96493347183722
27,24,52.567144581140745
27,25,51.710204445544804
27,26,52.23556858899576
27,27,0.0
27,28,55.240775408691576
27,29,0.0
27,30,54.004210284452675
27,31,54.17339789924612
27,32,53.605305556160864
27,33,53.56043369587916
27,34,54.21983180873817
27,35,54.00274967913181
27,36,0.0
28,0,1.008109437416696
28,1,1.0783157561494445
28,2,0.5681451126035606
28,3,0.8317200931582875
28,4,1.5888039341953457
28,5,1.3359591806721904
28,6,1.533992763598015
28,7,1.934173071858075
28,8,1.6082203464028586
28,9,1.2089889197418977
28,10,2.50700981928127
28,11,1.7253488125001826
28,12,2.1452598174113953
28,13,55.240775408691576
28,14,2.5046191812769676
28,15,55.240775408691576
28,16,2.4002774714080943
28,17,2.1594589137156834
28,18,1.6609488424148162
28,19,3.1920575416104313
28,20,2.7644524366684213
28,21,1.156164042981121
28,22,0.9066233124074539
28,23,2.276453757066934
28,24,2.737792055285556
28,25,3.546822423566177
28,26,3.111170293863068
28,27,55.240775408691576
28,28,0.0
28,29,55.240775408691576
28,30,2.4902686345836575
28,31,1.8001732308699823
28,32,2.26823247846815
28,33,2.0738717263434574
28,34,1.1965726248391626
28,35,1.294559825654011
28,36,55.240775408691576
29,0,55.1614594131002
29,1,56.08362747206058
29,2,55.20323179462754
29,3,54.99077153833835
29,4,54.25105411286771
29,5,54.349986939256574
29,6,55.86813218256699
29,7,54.749737700241646
29,8,53.79162247703402
29,9,54.04916092765611
29,10,52.94929002076603
29,11,55.60035565802317
29,12,53.11231789570808
29,13,0.0
29,14,52.97446196149995
29,15,0.0
29,16,53.47458935227573
29,17,53.31028846388932
29,18,53.57983522190483
29,19,52.307637723571126
29,20,52.755342217172846
29,21,54.08535147079348
29,22,54.37540291639045
29,23,52.96493347183722
29,24,52.567144581140745
29,25,51.710204445544804
29,26,52.23556858899576
29,27,0.0
29,28,55.240775408691576
29,29,0.0
29,30,54.004210284452675
29,31,54.17339789924612
29,32,53.605305556160864
29,33,53.56043369587916
29,34,54.21983180873817
29,35,54.00274967913181
29,36,0.0
30,0,3.362274108527534
30,1,3.5203778765379474
30,2,2.9753957822915154
30,3,3.1053141366224537
30,4,3.3882844212133056
30,5,3.1546391342905493
30,6,4.017177033901895
30,7,4.077891211032877
30,8,2.8395897461727166
30,9,2.3469727147946435
30,10,3.3084212420616894
30,11,4.158388858728688
30,12,2.5563236856225076
30,13,54.004210284452675
30,14,1.485547550012779
30,15,54.004210284452675
30,16,3.7840936594631107
30,17,3.169298554755684
30,18,2.1735667489953037
30,19,1.906257394449396
30,20,1.55389209293964
30,21,2.1051467442174263
30,22,2.4452864278603728
30,23,2.321128043294359
30,24,3.0638207613013235
30,25,2.8988902465561917
30,26,2.2060179408273553
30,27,54.004210284452675
30,28,2.4902686345836575
30,29,54.004210284452675
30,30,0.0
30,31,0.728449276506996
30,32,0.7031654054117957
30,33,1.031885065028935
30,34,1.5429475324285853
30,35,1.7681932335356412
30,36,54.004210284452675
31,0,2.638485472664297
31,1,2.857716462933651
31,2,2.260260009296639
31,3,2.3794375985387344
31,4,2.6747767959812943
31,5,2.435615524815604
31,6,3.311817090118781
31,7,3.3518195016046293
31,8,2.161544266529164
31,9,1.6453035906399585
31,10,2.726500669235609
31,11,3.438348518811968
31,12,1.9992763792284654
31,13,54.17339789924612
31,14,1.2543113093299088
31,15,54.17339789924612
31,16,3.1246761760314237
31,17,2.5420750148999693
31,18,1.546313485819472
31,19,1.8735013890545313
31,20,1.4355422420703488
31,21,1.3999398530352902
31,22,1.7213924926450648
31,23,1.83026177035942
31,24,2.5712507399149827
31,25,2.6885284744144964
31,26,2.0347083050217334
31,27,54.17339789924612
31,28,1.8001732308699823
31,29,54.17339789924612
31,30,0.728449276506996
31,31,0.0
31,32,0.5820756971471707
31,33,0.6534180571521515
31,34,0.821343783624187
31,35,1.0753999041896252
31,36,54.17339789924612
32,0,2.9997731063064226
32,1,3.344387282257034
32,2,2.6642279055294504
32,3,2.730930223217434
32,4,2.863737962140435
32,5,2.653245741081178
32,6,3.7278450698069054
32,7,3.60281351980398
32,8,2.2533441437286243
32,9,1.8159184217236817
32,10,2.635263270064771
32,11,3.8084350024364113
32,12,1.879426074998463
32,13,53.605305556160864
32,14,0.8005524747978231
32,15,53.605305556160864
32,16,3.162355793824815
32,17,2.5249253869263333
32,18,1.5487069390558834
32,19,1.3306906838150703
32,20,0.9184651656639112
32,21,1.5924729857521793
32,22,1.9852111086734519
32,23,1.6262536237557996
32,24,2.3652111350549823
32,25,2.241866149395166
32,26,1.5582681986846196
32,27,53.605305556160864
32,28,2.26823247846815
32,29,53.605305556160864
32,30,0.7031654054117957
32,31,0.5820756971471707
32,32,0.0
32,33,0.35457441386362354
32,34,1.126114013812826
32,35,1.2491654302500885
32,36,53.605305556160864
33,0,2.7276154457274053
33,1,3.1509116965807458
33,2,2.4189897875705815
33,3,2.4568778080775737
33,4,2.5318657803081996
33,5,2.330140052734991
33,6,3.479745231210598
33,7,3.2836584346505164
33,8,1.9068410656021184
33,9,1.4899270357013168
33,10,2.2847084012086762
33,11,3.5346220985666545
33,12,1.5296761279820925
33,13,53.56043369587916
33,14,0.6030637582095816
33,15,53.56043369587916
33,16,2.8086451226097418
33,17,2.1703570115115465
33,18,1.196521850046383
33,19,1.253957514357104
33,20,0.8050931989889029
33,21,1.2778229254582196
33,22,1.6856899167001704
33,23,1.28995684090315
33,24,2.0343885276841234
33,25,2.036302637476909
33,26,1.3823385717787269
33,27,53.56043369587916
33,28,2.0738717263434574
33,29,53.56043369587916
33,30,1.031885065028935
33,31,0.6534180571521515
33,32,0.35457441386362354
33,33,0.0
33,34,0.8849081664588736
33,35,0.9415481967277038
33,36,53.56043369587916
34,0,1.8753245035498225
34,1,2.269835410862817
34,2,1.5413693165197218
34,3,1.6076983888937995
34,4,1.8543953741683161
34,5,1.6142867575173423
34,6,2.604755763107989
34,7,2.5358211434676052
34,8,1.3786253600019205
34,9,0.8393663883131586
34,10,2.0620318222662863
34,11,2.683706659196874
34,12,1.4152304413130665
34,13,54.21983180873817
34,14,1.3223114926002806
34,15,54.21983180873817
34,16,2.3517949917738292
34,17,1.8203206888871817
34,18,0.885292969159692
34,19,2.01616878695641
34,20,1.5782913718983203
34,21,0.5935356249437732
34,22,0.9024154085880833
34,23,1.3749641894202314
34,24,2.0410414829519503
34,25,2.5243263841146
34,26,1.9931779412983264
34,27,54.21983180873817
34,28,1.1965726248391626
34,29,54.21983180873817
34,30,1.5429475324285853
34,31,0.821343783624187
34,32,1.126114013812826
34,33,0.8849081664588736
34,34,0.0
34,35,0.32588472214659053
34,36,54.21983180873817
35,0,1.797934186127417
35,1,2.3296578629878315
35,2,1.5249951925969474
35,3,1.527064455266763
35,4,1.6273187565209033
35,5,1.4068851413766612
35,6,2.570210321084526
35,7,2.35389295306116
35,8,1.0868447780872847
35,9,0.5796932238397559
35,10,1.7367430601985099
35,11,2.601109764669928
35,12,1.0957361565834312
35,13,54.00274967913181
35,14,1.2354181077484894
35,15,54.00274967913181
35,16,2.054513829578572
35,17,1.5020569537962427
35,18,0.5611204436854262
35,19,1.9089657450630606
35,20,1.4972695077155675
35,21,0.3444546829832268
35,22,0.744272898751761
35,23,1.0860742066683342
35,24,1.724594498336912
35,25,2.292780679839083
35,26,1.8181973958610276
35,27,54.00274967913181
35,28,1.294559825654011
35,29,54.00274967913181
35,30,1.7681932335356412
35,31,1.0753999041896252
35,32,1.2491654302500885
35,33,0.9415481967277038
35,34,0.32588472214659053
35,35,0.0
35,36,54.00274967913181
36,0,55.1614594131002
36,1,56.08362747206058
36,2,55.20323179462754
36,3,54.99077153833835
36,4,54.25105411286771
36,5,54.349986939256574
36,6,55.86813218256699
36,7,54.749737700241646
36,8,53.79162247703402
36,9,54.04916092765611
36,10,52.94929002076603
36,11,55.60035565802317
36,12,53.11231789570808
36,13,0.0
36,14,52.97446196149995
36,15,0.0
36,16,53.47458935227573
36,17,53.31028846388932
36,18,53.57983522190483
36,19,52.307637723571126
36,20,52.755342217172846
36,21,54.08535147079348
36,22,54.37540291639045
36,23,52.96493347183722
36,24,52.567144581140745
36,25,51.710204445544804
36,26,52.23556858899576
36,27,0.0
36,28,55.240775408691576
36,29,0.0
36,30,54.004210284452675
36,31,54.17339789924612
36,32,53.605305556160864
36,33,53.56043369587916
36,34,54.21983180873817
36,35,54.00274967913181
36,36,0.0
