source_id,target_id,rtt
0,0,0.0
0,1,0.9061421575601158
0,2,1.3879433998816322
0,3,0.585458193705213
0,4,0.9137521274160254
0,5,1.2840824110229843
0,6,1.607542154072731
0,7,1.082009121054991
0,8,1.5262717392481913
0,9,15.961990493335279
0,10,1.4722292963474428
0,11,2.5744673392403725
0,12,11.29897093007111
0,13,1.5665742151299245
0,14,1.1038844821748528
0,15,2.964067635035421
0,16,2.6896802135913194
0,17,2.6530745201044867
0,18,2.2511956427159383
0,19,2.868903566298108
0,20,2.3004329071995064
0,21,1.8191584858545684
0,22,1.3158319888246648
1,0,0.9061421575601158
1,1,0.0
1,2,2.2573011791308946
1,3,1.434637766681772
1,4,1.2347454256103445
1,5,1.5273411364227827
1,6,1.086019871832031
1,7,1.0063116879727991
1,8,0.8622488988963218
1,9,15.567315406804187
1,10,0.6133736622435637
1,11,1.7268958413806115
1,12,10.485331968466664
1,13,2.320801945199805
1,14,1.9430222785030982
1,15,3.680382814218012
1,16,3.360747652574135
1,17,3.3542705995211
1,18,3.0475284941624357
1,19,3.750203477146767
1,20,2.942237160862333
1,21,2.390467837177874
1,22,1.8730558691786479
2,0,1.3879433998816322
2,1,2.2573011791308946
2,2,0.0
2,3,0.8226654778935549
2,4,1.4290054202584934
2,5,1.579431664213956
2,6,2.58065780715747
2,7,1.8876880868410324
2,8,2.6360063954806816
2,9,16.170638433898148
2,10,2.850795389005388
2,11,3.9599513132369526
2,12,12.301410707440805
2,13,0.5649897883794468
2,14,0.34165461722016716
2,15,1.753144323959913
2,16,1.5898574485258616
2,17,1.4977851327017881
2,18,0.9460003716777388
2,19,1.493786878397352
2,20,1.3289779682311118
2,21,1.1755923601917586
2,22,1.044292725954898
3,0,0.585458193705213
3,1,1.434637766681772
3,2,0.8226654778935549
3,3,0.0
3,4,0.8218070588211399
3,5,1.1218953305925394
3,6,1.866969520854027
3,7,1.206676598949573
3,8,1.8733380705529243
3,9,15.918487219037896
3,10,2.030160982007164
3,11,3.1419372522834332
3,12,11.622692468343363
3,13,0.9936279994200357
3,14,0.5198431667044094
3,15,2.390314535571905
3,16,2.1323014516018652
3,17,2.085597812285554
3,18,1.6658672908355148
3,19,2.3158875209733343
3,20,1.7609899376159057
3,21,1.3357550349510374
3,22,0.891109963641499
4,0,0.9137521274160254
4,1,1.2347454256103445
4,2,1.4290054202584934
4,3,0.8218070588211399
4,4,0.0
4,5,0.3709942811629787
4,6,1.1625102163420729
4,7,0.4685091659097623
4,8,1.2656879702234856
4,9,15.123129589520223
4,10,1.8272379092838518
4,11,2.9085744074554167
4,12,10.875732892443697
4,13,1.2447813677712174
4,14,1.091946847522536
4,15,2.5027249432342793
4,16,2.1603007944902237
4,17,2.172278558873772
4,18,1.9762482877195136
4,19,2.842057859890168
4,20,1.7349670607200134
4,21,1.1681283962357059
4,22,0.6683793340387238
5,0,1.2840824110229843
5,1,1.5273411364227827
5,2,1.579431664213956
5,3,1.1218953305925394
5,4,0.3709942811629787
5,5,0.0
5,6,1.1781199825134359
5,7,0.5783105418143812
5,8,1.3599777372783775
5,9,14.796839448758943
5,10,2.0894286501113495
5,11,3.132028303276148
5,12,10.74564680718352
5,13,1.2622893652800906
5,14,1.266872485466109
5,15,2.365468667652909
5,16,2.0001583018734053
5,17,2.0368796226399533
5,18,1.9511379024826356
5,19,2.888334463995649
5,20,1.5749486745865005
5,21,1.0000761055621175
5,22,0.6078873286700649
6,0,1.607542154072731
6,1,1.086019871832031
6,2,2.58065780715747
6,3,1.866969520854027
6,4,1.1625102163420729
6,5,1.1781199825134359
6,6,0.0
6,7,0.6950665962671931
6,8,0.3023083109911151
6,9,14.490248882070734
6,10,1.3534831521052928
6,11,2.167868463722036
6,12,9.755725081693999
6,13,2.392874370203276
6,14,2.2397301028226666
6,15,3.539125033039837
6,16,3.1683550726701695
6,17,3.2120081645053262
6,18,3.1102693649593873
6,19,4.003232421373202
6,20,2.7463199170058368
6,21,2.174926404098427
6,22,1.7635808133983433
7,0,1.082009121054991
7,1,1.0063116879727991
7,2,1.8876880868410324
7,3,1.206676598949573
7,4,0.4685091659097623
7,5,0.5783105418143812
7,6,0.6950665962671931
7,7,0.0
7,8,0.8094602943519812
7,9,14.881259616673832
7,10,1.5303455608884873
7,11,2.5552231108365926
7,12,10.430347360293649
7,13,1.7085495611475017
7,14,1.5475467344242138
7,15,2.919761448257475
7,16,2.5627448101133092
7,17,2.589388785597884
7,18,2.435011563713242
7,19,3.310562469661886
7,20,2.135857515806689
7,21,1.5598115776303412
7,22,1.100810711545101
8,0,1.5262717392481913
8,1,0.8622488988963218
8,2,2.6360063954806816
8,3,1.8733380705529243
8,4,1.2656879702234856
8,5,1.3599777372783775
8,6,0.3023083109911151
8,7,0.8094602943519812
8,8,0.0
8,9,14.708468668111562
8,10,1.05737108656863
8,11,1.8782364419415805
8,12,9.777938835903335
8,13,2.5103919960838335
8,14,2.294908359522382
8,15,3.72236049213503
8,16,3.3598312633280893
8,17,3.3926520551676695
8,18,3.2411741909321514
8,19,4.093895429948136
8,20,2.9340304252809553
8,21,2.3581575341683
8,22,1.9102199031796478
9,0,15.961990493335279
9,1,15.567315406804187
9,2,16.170638433898148
9,3,15.918487219037896
9,4,15.123129589520223
9,5,14.796839448758943
9,6,14.490248882070734
9,7,14.881259616673832
9,8,14.708468668111562
9,9,0.0
9,10,15.631020594741171
9,11,15.695178361417701
9,12,9.789659898949704
9,13,15.63642655175141
9,14,15.950166045109913
9,15,15.426847291864965
9,16,15.19851017842449
9,17,15.352201776324103
9,18,15.869130850594686
9,19,16.782864689120075
9,20,15.12597277754587
9,21,15.01851179631577
9,22,15.16574732021015
10,0,1.4722292963474428
10,1,0.6133736622435637
10,2,2.850795389005388
10,3,2.030160982007164
10,4,1.8272379092838518
10,5,2.0894286501113495
10,6,1.3534831521052928
10,7,1.5303455608884873
10,8,1.05737108656863
10,9,15.631020594741171
10,10,0.0
10,11,1.1155214435319762
10,12,10.158591395516607
10,13,2.9337550826507575
10,14,2.5447643919318237
10,15,4.292481063423093
10,16,3.969663861424125
10,17,3.965758282482528
10,18,3.6588837191791073
10,19,4.339133026565433
10,20,3.5492719789901463
10,21,2.9919665846158603
10,22,2.478166681110208
11,0,2.5744673392403725
11,1,1.7268958413806115
11,2,3.9599513132369526
11,3,3.1419372522834332
11,4,2.9085744074554167
11,5,3.132028303276148
11,6,2.167868463722036
11,7,2.5552231108365926
11,8,1.8782364419415805
11,9,15.695178361417701
11,10,1.1155214435319762
11,11,0.0
11,12,9.536822091445078
11,13,4.047430269239817
11,14,3.658406883511793
11,15,5.3966417491076175
11,16,5.065739883314928
11,17,5.068313613972475
11,18,4.774105451314516
11,19,5.442976787505371
11,20,4.642097340963176
11,21,4.0765140049641
11,22,3.5709741599041456
12,0,11.29897093007111
12,1,10.485331968466664
12,2,12.301410707440805
12,3,11.622692468343363
12,4,10.875732892443697
12,5,10.74564680718352
12,6,9.755725081693999
12,7,10.430347360293649
12,8,9.777938835903335
12,9,9.789659898949704
12,10,10.158591395516607
12,11,9.536822091445078
12,12,0.0
12,13,11.995690880601028
12,14,11.967294941613769
12,15,12.709583399668862
12,16,12.334909104330254
12,17,12.446434658144996
12,18,12.61494667867185
12,19,13.607207942957887
12,20,12.006876448733575
12,21,11.555904197484528
12,22,11.341130211951926
13,0,1.5665742151299245
13,1,2.320801945199805
13,2,0.5649897883794468
13,3,0.9936279994200357
13,4,1.2447813677712174
13,5,1.2622893652800906
13,6,2.392874370203276
13,7,1.7085495611475017
13,8,2.5103919960838335
13,9,15.63642655175141
13,10,2.9337550826507575
13,11,4.047430269239817
13,12,11.995690880601028
13,13,0.0
13,14,0.5399365999542457
13,15,1.397881207156914
13,16,1.1461256132185351
13,17,1.0923520875937083
13,18,0.7375208540464977
13,19,1.6260853306783574
13,20,0.8109308279176658
13,21,0.6201415808534032
13,22,0.656554618295078
14,0,1.1038844821748528
14,1,1.9430222785030982
14,2,0.34165461722016716
14,3,0.5198431667044094
14,4,1.091946847522536
14,5,1.266872485466109
14,6,2.2397301028226666
14,7,1.5475467344242138
14,8,2.294908359522382
14,9,15.950166045109913
14,10,2.5447643919318237
14,11,3.658406883511793
14,12,11.967294941613769
14,13,0.5399365999542457
14,14,0.0
14,15,1.9048859713156785
14,16,1.6800656526301332
14,17,1.6149835618790678
14,18,1.1519927722244796
14,19,1.8205664654442688
14,20,1.3494221399065647
14,21,1.0498046902358211
14,22,0.7849665494942285
15,0,2.964067635035421
15,1,3.680382814218012
15,2,1.753144323959913
15,3,2.390314535571905
15,4,2.5027249432342793
15,5,2.365468667652909
15,6,3.539125033039837
15,7,2.919761448257475
15,8,3.72236049213503
15,9,15.426847291864965
15,10,4.292481063423093
15,11,5.3966417491076175
15,12,12.709583399668862
15,13,1.397881207156914
15,14,1.9048859713156785
15,15,0.0
15,16,0.38583429700143984
15,17,0.3307046595410987
15,18,0.825667633748157
15,19,1.385732989679746
15,20,0.7933982915657067
15,21,1.3654026520554239
15,22,1.8343458932444192
16,0,2.6896802135913194
16,1,3.360747652574135
16,2,1.5898574485258616
16,3,2.1323014516018652
16,4,2.1603007944902237
16,5,2.0001583018734053
16,6,3.1683550726701695
16,7,2.5627448101133092
16,8,3.3598312633280893
16,9,15.19851017842449
16,10,3.969663861424125
16,11,5.065739883314928
16,12,12.334909104330254
16,13,1.1461256132185351
16,14,1.6800656526301332
16,15,0.38583429700143984
16,16,0.0
16,17,0.15398786624596075
16,18,0.7692406552543084
16,19,1.5848788510920255
16,20,0.4270164168616709
16,21,1.0029594965202784
16,22,1.4948077711773393
17,0,2.6530745201044867
17,1,3.3542705995211
17,2,1.4977851327017881
17,3,2.085597812285554
17,4,2.172278558873772
17,5,2.0368796226399533
17,6,3.2120081645053262
17,7,2.589388785597884
17,8,3.3926520551676695
17,9,15.352201776324103
17,10,3.965758282482528
17,11,5.068313613972475
17,12,12.446434658144996
17,13,1.0923520875937083
17,14,1.6149835618790678
17,15,0.3307046595410987
17,16,0.15398786624596075
17,17,0.0
17,18,0.6350840546353064
17,19,1.4315712418758813
17,20,0.47122462908302776
17,21,1.0372134214986797
17,22,1.5039189631942438
18,0,2.2511956427159383
18,1,3.0475284941624357
18,2,0.9460003716777388
18,3,1.6658672908355148
18,4,1.9762482877195136
18,5,1.9511379024826356
18,6,3.1102693649593873
18,7,2.435011563713242
18,8,3.2411741909321514
18,9,15.869130850594686
18,10,3.6588837191791073
18,11,4.774105451314516
18,12,12.61494667867185
18,13,0.7375208540464977
18,14,1.1519927722244796
18,15,0.825667633748157
18,16,0.7692406552543084
18,17,0.6350840546353064
18,18,0.0
18,19,1.01294505186614
18,20,0.7451082802928217
18,21,1.0604692069620585
18,22,1.3483331588819227
19,0,2.868903566298108
19,1,3.750203477146767
19,2,1.493786878397352
19,3,2.3158875209733343
19,4,2.842057859890168
19,5,2.888334463995649
19,6,4.003232421373202
19,7,3.310562469661886
19,8,4.093895429948136
19,9,16.782864689120075
19,10,4.339133026565433
19,11,5.442976787505371
19,12,13.607207942957887
19,13,1.6260853306783574
19,14,1.8205664654442688
19,15,1.385732989679746
19,16,1.5848788510920255
19,17,1.4315712418758813
19,18,1.01294505186614
19,19,0.0
19,20,1.7256968771244785
19,21,2.066739026651238
19,22,2.281596687534378
20,0,2.3004329071995064
20,1,2.942237160862333
20,2,1.3289779682311118
20,3,1.7609899376159057
20,4,1.7349670607200134
20,5,1.5749486745865005
20,6,2.7463199170058368
20,7,2.135857515806689
20,8,2.9340304252809553
20,9,15.12597277754587
20,10,3.5492719789901463
20,11,4.642097340963176
20,12,12.006876448733575
20,13,0.8109308279176658
20,14,1.3494221399065647
20,15,0.7933982915657067
20,16,0.4270164168616709
20,17,0.47122462908302776
20,18,0.7451082802928217
20,19,1.7256968771244785
20,20,0.0
20,21,0.5762365214744772
20,22,1.0716709112913914
21,0,1.8191584858545684
21,1,2.390467837177874
21,2,1.1755923601917586
21,3,1.3357550349510374
21,4,1.1681283962357059
21,5,1.0000761055621175
21,6,2.174926404098427
21,7,1.5598115776303412
21,8,2.3581575341683
21,9,15.01851179631577
21,10,2.9919665846158603
21,11,4.0765140049641
21,12,11.555904197484528
21,13,0.6201415808534032
21,14,1.0498046902358211
21,15,1.3654026520554239
21,16,1.0029594965202784
21,17,1.0372134214986797
21,18,1.0604692069620585
21,19,2.066739026651238
21,20,0.5762365214744772
21,21,0.0
21,22,0.521702791140194
22,0,1.3158319888246648
22,1,1.8730558691786479
22,2,1.044292725954898
22,3,0.891109963641499
22,4,0.6683793340387238
22,5,0.6078873286700649
22,6,1.7635808133983433
22,7,1.100810711545101
22,8,1.9102199031796478
22,9,15.16574732021015
22,10,2.478166681110208
22,11,3.5709741599041456
22,12,11.341130211951926
22,13,0.656554618295078
22,14,0.7849665494942285
22,15,1.8343458932444192
22,16,1.4948077711773393
22,17,1.5039189631942438
22,18,1.3483331588819227
22,19,2.281596687534378
22,20,1.0716709112913914
22,21,0.521702791140194
22,22,0.0
