source_id,target_id,rtt
0,0,0.0
0,1,4.618221652901791
0,2,3.871271482872995
0,3,3.408399206102179
0,4,53.972660766286026
0,5,7.3347050691861435
0,6,7.807448425865143
0,7,5.172132977793376
0,8,7.82675755850544
0,9,9.218725681465337
0,10,8.050095324436079
0,11,9.521315569178263
0,12,7.441499490665029
0,13,7.235088271959569
0,14,9.093531490398437
0,15,8.86599667665987
0,16,6.690168540030831
0,17,5.5547384286164085
0,18,9.001385545677678
0,19,8.788501236506121
0,20,8.935197067976398
0,21,9.138247138095888
0,22,9.286055870686132
0,23,5.84004911422654
0,24,7.307070556947043
0,25,8.756089462018348
0,26,9.29969373263703
0,27,7.334427772231248
0,28,8.043603516189098
0,29,9.15241965608966
0,30,8.824038503085482
0,31,8.026317587724883
0,32,53.009816229967726
0,33,6.933981464193691
0,34,6.505033764799849
0,35,5.721068199075516
0,36,7.859076785383556
0,37,7.877466379980701
0,38,8.307022193572408
0,39,7.9021402985209726
0,40,9.089987678738026
0,41,8.289550364122713
0,42,8.597428207756453
0,43,8.389391793569953
0,44,6.802876515658852
0,45,6.3961262171111235
0,46,6.712670620825775
0,47,7.509253838342028
0,48,9.433637569579332
0,49,6.948289414645589
0,50,7.0349925512113805
0,51,6.461048745766038
0,52,2.6471729525584373
0,53,3.7337391283163033
0,54,2.8459833620212747
0,55,2.134269525989101
0,56,2.530819359280131
0,57,2.9120730995104154
0,58,3.4392014675008262
0,59,2.7739743976387445
0,60,3.1854150100008605
0,61,2.6895470186868087
1,0,4.618221652901791
1,1,0.0
1,2,4.220954083796585
1,3,3.7580818070257687
1,4,54.32234336720961
1,5,7.684387670109733
1,6,8.157131026788733
1,7,5.521815578716966
1,8,8.17644015942903
1,9,9.568408282388926
1,10,8.399777925359668
1,11,9.870998170101853
1,12,7.7911820915886185
1,13,7.584770872883158
1,14,9.443214091322027
1,15,9.21567927758346
1,16,7.03985114095442
1,17,5.904421029539998
1,18,9.351068146601268
1,19,9.138183837429711
1,20,9.284879668899988
1,21,9.487929739019478
1,22,9.635738471609722
1,23,6.189731715150129
1,24,7.656753157870632
1,25,9.105772062941938
1,26,9.64937633356062
1,27,7.684110373154837
1,28,8.393286117112687
1,29,9.502102257013249
1,30,9.173721104009072
1,31,8.376000188648472
1,32,53.35949883089132
1,33,7.28366406511728
1,34,6.854716365723439
1,35,6.0707507999991055
1,36,8.208759386307147
1,37,8.22714898090429
1,38,8.656704794495997
1,39,8.251822899444562
1,40,9.439670279661616
1,41,8.639232965046302
1,42,8.947110808680042
1,43,8.739074394493542
1,44,7.152559116582442
1,45,6.745808818034713
1,46,7.0623532217493645
1,47,7.858936439265618
1,48,9.783320170502922
1,49,7.2979720155691785
1,50,7.38467515213497
1,51,6.810731346689628
1,52,2.996855553482027
1,53,4.083421729239893
1,54,3.1956659629448643
1,55,2.4839521269126905
1,56,2.8805019602037207
1,57,3.261755700434005
1,58,3.788884068424416
1,59,3.123656998562334
1,60,3.53509761092445
1,61,3.0392296196103983
2,0,3.871271482872995
2,1,4.220954083796585
2,2,0.0
2,3,0.4628722767708159
2,4,53.575393197180816
2,5,6.937437500080937
2,6,7.410180856759936
2,7,4.77486540868817
2,8,7.429489989400233
2,9,8.82145811236013
2,10,7.652827755330872
2,11,9.124048000073056
2,12,7.044231921559822
2,13,6.837820702854362
2,14,8.69626392129323
2,15,8.468729107554664
2,16,6.292900970925624
2,17,5.157470859511202
2,18,8.604117976572471
2,19,8.391233667400915
2,20,8.537929498871192
2,21,8.740979568990682
2,22,8.888788301580925
2,23,5.442781545121333
2,24,6.909802987841836
2,25,8.358821892913141
2,26,8.902426163531823
2,27,6.937160203126041
2,28,7.646335947083891
2,29,8.755152086984452
2,30,8.426770933980276
2,31,7.629050018619676
2,32,52.61254866086252
2,33,6.536713895088484
2,34,6.1077661956946425
2,35,5.323800629970309
2,36,7.46180921627835
2,37,7.480198810875494
2,38,7.909754624467202
2,39,7.504872729415766
2,40,8.69272010963282
2,41,7.892282795017506
2,42,8.200160638651246
2,43,7.992124224464747
2,44,6.405608946553645
2,45,5.998858648005917
2,46,6.315403051720568
2,47,7.111986269236821
2,48,9.036370000474125
2,49,6.551021845540382
2,50,6.637724982106174
2,51,6.063781176660831
2,52,2.2499053834532305
2,53,0.7882121989849402
2,54,2.448715792916068
2,55,1.7370019568838941
2,56,2.1335517901749244
2,57,2.5148055304052086
2,58,3.0419338983956195
2,59,2.3767068285335378
2,60,2.7881474408956537
2,61,2.292279449581602
3,0,3.408399206102179
3,1,3.7580818070257687
3,2,0.4628722767708159
3,3,0.0
3,4,53.11252092041
3,5,6.474565223310121
3,6,6.94730857998912
3,7,4.311993131917355
3,8,6.966617712629417
3,9,8.358585835589313
3,10,7.189955478560056
3,11,8.66117572330224
3,12,6.581359644789006
3,13,6.374948426083546
3,14,8.233391644522413
3,15,8.005856830783848
3,16,5.830028694154808
3,17,4.694598582740387
3,18,8.141245699801654
3,19,7.9283613906301
3,20,8.075057222100376
3,21,8.278107292219865
3,22,8.42591602481011
3,23,4.979909268350517
3,24,6.44693071107102
3,25,7.895949616142325
3,26,8.439553886761008
3,27,6.474287926355225
3,28,7.183463670313075
3,29,8.292279810213635
3,30,7.963898657209459
3,31,7.16617774184886
3,32,52.149676384091705
3,33,6.073841618317668
3,34,5.6448939189238265
3,35,4.860928353199493
3,36,6.998936939507534
3,37,7.017326534104678
3,38,7.446882347696386
3,39,7.04200045264495
3,40,8.229847832862005
3,41,7.42941051824669
3,42,7.73728836188043
3,43,7.529251947693931
3,44,5.942736669782829
3,45,5.535986371235101
3,46,5.852530774949752
3,47,6.649113992466005
3,48,8.573497723703309
3,49,6.088149568769566
3,50,6.174852705335358
3,51,5.600908899890015
3,52,1.7870331066824146
3,53,0.3253399222141244
3,54,1.9858435161452521
3,55,1.2741296801130781
3,56,1.6706795134041084
3,57,2.0519332536343926
3,58,2.5790616216248035
3,59,1.9138345517627218
3,60,2.3252751641248377
3,61,1.829407172810786
4,0,53.972660766286026
4,1,54.32234336720961
4,2,53.575393197180816
4,3,53.11252092041
4,4,0.0
4,5,50.96309987988541
4,6,51.43584323656441
4,7,48.800527788492644
4,8,51.455152369204704
4,9,52.8471204921646
4,10,51.67849013513535
4,11,53.14971037987753
4,12,51.06989430136429
4,13,50.86348308265883
4,14,52.7219263010977
4,15,52.49439148735914
4,16,50.318563350730095
4,17,49.18313323931568
4,18,52.62978035637694
4,19,52.416896047205384
4,20,52.563591878675666
4,21,52.766641948795154
4,22,52.9144506813854
4,23,49.46844392492581
4,24,50.93546536764631
4,25,52.384484272717614
4,26,52.928088543336294
4,27,50.962822582930514
4,28,51.671998326888364
4,29,52.780814466788925
4,30,52.45243331378475
4,31,51.654712398424145
4,32,97.60105557698529
4,33,50.562376274892955
4,34,50.13342857549911
4,35,49.34946300977478
4,36,51.48747159608282
4,37,51.505861190679965
4,38,51.93541700427168
4,39,51.53053510922024
4,40,52.718382489437296
4,41,51.91794517482198
4,42,52.22582301845572
4,43,52.01778660426922
4,44,50.43127132635812
4,45,50.024521027810394
4,46,50.341065431525045
4,47,51.137648649041296
4,48,53.062032380278595
4,49,50.576684225344856
4,50,50.663387361910644
4,51,50.089443556465305
4,52,52.35129466686626
4,53,53.437860842624126
4,54,52.550105076329096
4,55,51.83839124029692
4,56,52.234941073587954
4,57,52.61619481381823
4,58,53.14332318180865
4,59,52.47809611194656
4,60,52.889536724308684
4,61,52.39366873299463
5,0,7.3347050691861435
5,1,7.684387670109733
5,2,6.937437500080937
5,3,6.474565223310121
5,4,50.96309987988541
5,5,0.0
5,6,4.797887539464533
5,7,2.1625720913927666
5,8,4.81719667210483
5,9,6.209164795064726
5,10,5.040534438035468
5,11,6.511754682777653
5,12,4.431938604264419
5,13,4.225527385558959
5,14,6.083970603997826
5,15,5.85643579025926
5,16,3.68060765363022
5,17,2.5451775422157987
5,18,5.991824659277068
5,19,5.778940350105512
5,20,5.925636181575788
5,21,6.128686251695277
5,22,6.276494984285522
5,23,2.8304882278259296
5,24,4.297509670546432
5,25,5.746528575617737
5,26,6.290132846236419
5,27,4.324866885830637
5,28,5.0340426297884875
5,29,6.142858769689048
5,30,5.814477616684871
5,31,5.016756701324272
5,32,50.96309987988541
5,33,3.9244205777930805
5,34,3.495472878399239
5,35,2.7115073126749056
5,36,4.849515898982946
5,37,4.867905493580091
5,38,5.297461307171798
5,39,4.892579412120362
5,40,6.080426792337417
5,41,5.279989477722102
5,42,5.5878673213558425
5,43,5.379830907169343
5,44,3.7933156292582417
5,45,3.3865653307105132
5,46,3.7031097344251647
5,47,4.499692951941418
5,48,6.424076683178722
5,49,3.938728528244978
5,50,4.02543166481077
5,51,3.451487859365428
5,52,5.7133389697663794
5,53,6.799905145524245
5,54,5.912149379229216
5,55,5.200435543197043
5,56,5.596985376488073
5,57,5.978239116718357
5,58,6.505367484708768
5,59,5.840140414846686
5,60,6.251581027208802
5,61,5.75571303589475
6,0,7.807448425865143
6,1,8.157131026788733
6,2,7.410180856759936
6,3,6.94730857998912
6,4,51.43584323656441
6,5,4.797887539464533
6,6,0.0
6,7,2.6353154480717658
6,8,5.289940028783828
6,9,6.681908151743725
6,10,5.513277794714467
6,11,6.984498039456652
6,12,4.904681960943417
6,13,4.698270742237957
6,14,6.5567139606768245
6,15,6.329179146938259
6,16,4.153351010309219
6,17,3.017920898894798
6,18,6.4645680159560674
6,19,6.251683706784512
6,20,6.398379538254788
6,21,6.601429608374277
6,22,6.749238340964522
6,23,3.3032315845049283
6,24,4.770253027225431
6,25,6.219271932296737
6,26,6.762876202915418
6,27,4.797610242509637
6,28,5.506785986467486
6,29,6.615602126368047
6,30,6.28722097336387
6,31,5.489500058003271
6,32,51.43584323656441
6,33,4.397163934472079
6,34,3.968216235078238
6,35,3.1842506693539048
6,36,5.322259255661946
6,37,5.3406488502590905
6,38,5.770204663850798
6,39,5.365322768799362
6,40,6.553170149016416
6,41,5.752732834401101
6,42,6.060610678034842
6,43,5.852574263848343
6,44,4.26605898593724
6,45,3.859308687389512
6,46,4.175853091104163
6,47,4.972436308620416
6,48,6.896820039857722
6,49,4.411471884923977
6,50,4.498175021489769
6,51,3.924231216044427
6,52,6.186082326445378
6,53,7.2726485022032445
6,54,6.384892735908216
6,55,5.673178899876042
6,56,6.069728733167072
6,57,6.450982473397357
6,58,6.9781108413877675
6,59,6.312883771525685
6,60,6.724324383887802
6,61,6.22845639257375
7,0,5.172132977793376
7,1,5.521815578716966
7,2,4.77486540868817
7,3,4.311993131917355
7,4,48.800527788492644
7,5,2.1625720913927666
7,6,2.6353154480717658
7,7,0.0
7,8,2.6546245807120625
7,9,4.04659270367196
7,10,2.877962346642702
7,11,4.349182591384886
7,12,2.2693665128716516
7,13,2.062955294166192
7,14,3.921398512605059
7,15,3.693863698866494
7,16,1.5180355622374533
7,17,0.3826054508230321
7,18,3.8292525678843017
7,19,3.6163682587127455
7,20,3.7630640901830215
7,21,3.966114160302511
7,22,4.113922892892756
7,23,0.6679161364331627
7,24,2.1349375791536658
7,25,3.5839564842249705
7,26,4.127560754843652
7,27,2.162294794437871
7,28,2.871470538395721
7,29,3.9802866782962814
7,30,3.651905525292104
7,31,2.8541846099315062
7,32,48.800527788492644
7,33,1.7618484864003139
7,34,1.3329007870064724
7,35,0.5489352212821389
7,36,2.68694380759018
7,37,2.7053334021873248
7,38,3.1348892157790322
7,39,2.730007320727596
7,40,3.9178547009446505
7,41,3.1174173863293357
7,42,3.425295229963076
7,43,3.2172588157765767
7,44,1.630743537865475
7,45,1.2239932393177464
7,46,1.5405376430323978
7,47,2.3371208605486506
7,48,4.261504591785956
7,49,1.7761564368522118
7,50,1.8628595734180033
7,51,1.2889157679726613
7,52,3.5507668783736124
7,53,4.637333054131479
7,54,3.74957728783645
7,55,3.037863451804276
7,56,3.434413285095306
7,57,3.81566702532559
7,58,4.342795393316001
7,59,3.6775683234539196
7,60,4.089008935816036
7,61,3.5931409445019837
8,0,7.82675755850544
8,1,8.17644015942903
8,2,7.429489989400233
8,3,6.966617712629417
8,4,51.455152369204704
8,5,4.81719667210483
8,6,5.289940028783828
8,7,2.6546245807120625
8,8,0.0
8,9,3.1775203115833945
8,10,5.532586927354764
8,11,7.003807172096948
8,12,1.4002941207830866
8,13,1.1938829020776267
8,14,6.576023093317121
8,15,6.3484882795785555
8,16,4.172660142949516
8,17,3.0372300315350946
8,18,6.483877148596364
8,19,6.2709928394248085
8,20,6.417688670895084
8,21,6.6207387410145735
8,22,6.768547473604818
8,23,3.3225407171452255
8,24,4.789562159865728
8,25,6.2385810649370335
8,26,6.782185335555715
8,27,4.816919375149934
8,28,2.0023981463071556
8,29,6.634911259008343
8,30,6.306530106004167
8,31,1.9851122178429408
8,32,51.455152369204704
8,33,0.8927760943117486
8,34,3.987525367718535
8,35,3.2035598019942015
8,36,5.3415683883022425
8,37,5.359957982899388
8,38,5.789513796491095
8,39,5.3846319014396595
8,40,6.572479281656713
8,41,5.772041967041398
8,42,6.079919810675139
8,43,5.87188339648864
8,44,4.285368118577537
8,45,3.878617820029809
8,46,4.195162223744461
8,47,4.991745441260713
8,48,6.916129172498019
8,49,4.430781017564274
8,50,4.517484154130066
8,51,3.943540348684724
8,52,6.205391459085675
8,53,7.291957634843541
8,54,6.404201868548513
8,55,5.692488032516339
8,56,6.089037865807369
8,57,6.470291606037653
8,58,6.997419974028064
8,59,6.332192904165982
8,60,6.7436335165280985
8,61,6.247765525214047
9,0,9.218725681465337
9,1,9.568408282388926
9,2,8.82145811236013
9,3,8.358585835589313
9,4,52.8471204921646
9,5,6.209164795064726
9,6,6.681908151743725
9,7,4.04659270367196
9,8,3.1775203115833945
9,9,0.0
9,10,6.924555050314662
9,11,8.395775295056845
9,12,2.792262243742984
9,13,2.585851025037524
9,14,7.967991216277019
9,15,7.740456402538454
9,16,5.564628265909413
9,17,4.429198154494992
9,18,7.875845271556261
9,19,7.662960962384705
9,20,7.809656793854981
9,21,8.01270686397447
9,22,8.160515596564716
9,23,4.714508840105123
9,24,6.1815302828256256
9,25,7.63054918789693
9,26,8.174153458515612
9,27,6.208887498109831
9,28,3.394366269267053
9,29,8.026879381968241
9,30,7.698498228964064
9,31,3.377080340802838
9,32,52.8471204921646
9,33,2.284744217271646
9,34,5.379493490678432
9,35,4.595527924954099
9,36,6.73353651126214
9,37,6.751926105859285
9,38,7.181481919450992
9,39,6.776600024399556
9,40,7.96444740461661
9,41,7.1640100900012955
9,42,7.471887933635036
9,43,7.2638515194485365
9,44,5.677336241537435
9,45,5.270585942989706
9,46,5.587130346704358
9,47,6.38371356422061
9,48,8.308097295457916
9,49,5.822749140524172
9,50,5.909452277089963
9,51,5.335508471644621
9,52,7.597359582045572
9,53,8.683925757803438
9,54,7.7961699915084095
9,55,7.084456155476236
9,56,7.481005988767266
9,57,7.86225972899755
9,58,8.389388096987961
9,59,7.724161027125879
9,60,8.135601639487996
9,61,7.6397336481739435
10,0,8.050095324436079
10,1,8.399777925359668
10,2,7.652827755330872
10,3,7.189955478560056
10,4,51.67849013513535
10,5,5.040534438035468
10,6,5.513277794714467
10,7,2.877962346642702
10,8,5.532586927354764
10,9,6.924555050314662
10,10,0.0
10,11,7.227144938027587
10,12,5.147328859514354
10,13,4.940917640808894
10,14,6.799360859247761
10,15,6.571826045509196
10,16,4.395997908880155
10,17,3.260567797465734
10,18,6.707214914527003
10,19,6.494330605355447
10,20,6.641026436825723
10,21,6.844076506945212
10,22,6.991885239535457
10,23,3.5458784830758647
10,24,5.012899925796368
10,25,6.461918830867672
10,26,7.005523101486355
10,27,5.040257141080573
10,28,5.749432885038423
10,29,6.858249024938983
10,30,6.5298678719348064
10,31,5.732146956574208
10,32,51.67849013513535
10,33,4.639810833043016
10,34,4.210863133649174
10,35,3.426897567924841
10,36,5.564906154232882
10,37,5.583295748830027
10,38,6.0128515624217345
10,39,5.607969667370298
10,40,6.795817047587352
10,41,5.9953797329720375
10,42,6.303257576605778
10,43,6.0952211624192785
10,44,4.508705884508177
10,45,4.101955585960448
10,46,4.4184999896751
10,47,5.215083207191352
10,48,7.139466938428658
10,49,4.654118783494914
10,50,4.740821920060705
10,51,4.166878114615363
10,52,6.428729225016314
10,53,7.51529540077418
10,54,6.6275396344791515
10,55,5.915825798446978
10,56,6.312375631738008
10,57,6.693629371968292
10,58,7.220757739958703
10,59,6.555530670096621
10,60,6.966971282458737
10,61,6.4711032911446855
11,0,9.521315569178263
11,1,9.870998170101853
11,2,9.124048000073056
11,3,8.66117572330224
11,4,53.14971037987753
11,5,6.511754682777653
11,6,6.984498039456652
11,7,4.349182591384886
11,8,7.003807172096948
11,9,8.395775295056845
11,10,7.227144938027587
11,11,0.0
11,12,6.618549104256537
11,13,6.412137885551077
11,14,8.270581103989944
11,15,8.043046290251379
11,16,5.867218153622339
11,17,4.731788042207918
11,18,8.178435159269188
11,19,7.965550850097632
11,20,8.112246681567909
11,21,8.315296751687397
11,22,8.463105484277643
11,23,5.017098727818048
11,24,6.484120170538551
11,25,7.933139075609857
11,26,8.476743346228538
11,27,6.511477385822757
11,28,7.220653129780606
11,29,8.329469269681166
11,30,8.00108811667699
11,31,7.203367201316391
11,32,53.14971037987753
11,33,6.111031077785199
11,34,5.682083378391358
11,35,4.898117812667024
11,36,7.036126398975066
11,37,7.054515993572211
11,38,7.484071807163918
11,39,7.079189912112482
11,40,8.267037292329537
11,41,7.466599977714221
11,42,7.774477821347962
11,43,7.566441407161463
11,44,5.979926129250361
11,45,5.573175830702632
11,46,5.889720234417283
11,47,6.6863034519335365
11,48,8.610687183170842
11,49,6.125339028237098
11,50,6.21204216480289
11,51,5.6380983593575476
11,52,7.899949469758498
11,53,8.986515645516365
11,54,8.098759879221337
11,55,7.387046043189162
11,56,7.7835958764801925
11,57,8.164849616710477
11,58,8.691977984700888
11,59,8.026750914838805
11,60,8.438191527200923
11,61,7.94232353588687
12,0,7.441499490665029
12,1,7.7911820915886185
12,2,7.044231921559822
12,3,6.581359644789006
12,4,51.06989430136429
12,5,4.431938604264419
12,6,4.904681960943417
12,7,2.2693665128716516
12,8,1.4002941207830866
12,9,2.792262243742984
12,10,5.147328859514354
12,11,6.618549104256537
12,12,0.0
12,13,0.8086248342372159
12,14,6.190765025476711
12,15,5.963230211738146
12,16,3.787402075109105
12,17,2.6519719636946837
12,18,6.098619080755953
12,19,5.8857347715843975
12,20,6.0324306030546735
12,21,6.2354806731741625
12,22,6.383289405764407
12,23,2.937282649304815
12,24,4.404304092025318
12,25,5.8533229970966225
12,26,6.396927267715305
12,27,4.431661307309523
12,28,1.617140078466745
12,29,6.249653191167933
12,30,5.921272038163757
12,31,1.59985415000253
12,32,51.06989430136429
12,33,0.5075180264713379
12,34,3.6022672998781244
12,35,2.818301734153791
12,36,4.956310320461832
12,37,4.974699915058977
12,38,5.404255728650684
12,39,4.999373833599249
12,40,6.1872212138163025
12,41,5.386783899200988
12,42,5.694661742834728
12,43,5.486625328648229
12,44,3.900110050737127
12,45,3.4933597521893986
12,46,3.80990415590405
12,47,4.606487373420302
12,48,6.530871104657608
12,49,4.045522949723864
12,50,4.132226086289656
12,51,3.5582822808443133
12,52,5.820133391245264
12,53,6.90669956700313
12,54,6.018943800708102
12,55,5.307229964675928
12,56,5.703779797966958
12,57,6.0850335381972425
12,58,6.612161906187653
12,59,5.946934836325571
12,60,6.358375448687688
12,61,5.862507457373636
13,0,7.235088271959569
13,1,7.584770872883158
13,2,6.837820702854362
13,3,6.374948426083546
13,4,50.86348308265883
13,5,4.225527385558959
13,6,4.698270742237957
13,7,2.062955294166192
13,8,1.1938829020776267
13,9,2.585851025037524
13,10,4.940917640808894
13,11,6.412137885551077
13,12,0.8086248342372159
13,13,0.0
13,14,5.984353806771251
13,15,5.756818993032686
13,16,3.5809908564036452
13,17,2.445560744989224
13,18,5.892207862050493
13,19,5.679323552878937
13,20,5.826019384349213
13,21,6.0290694544687025
13,22,6.176878187058947
13,23,2.730871430599355
13,24,4.197892873319858
13,25,5.646911778391162
13,26,6.190516049009845
13,27,4.225250088604063
13,28,1.410728859761285
13,29,6.043241972462473
13,30,5.714860819458297
13,31,1.39344293129707
13,32,50.86348308265883
13,33,0.30110680776587795
13,34,3.3958560811726644
13,35,2.611890515448331
13,36,4.749899101756372
13,37,4.768288696353517
13,38,5.197844509945224
13,39,4.7929626148937885
13,40,5.980809995110842
13,41,5.180372680495528
13,42,5.488250524129268
13,43,5.280214109942769
13,44,3.693698832031667
13,45,3.2869485334839386
13,46,3.60349293719859
13,47,4.400076154714842
13,48,6.324459885952148
13,49,3.8391117310184035
13,50,3.9258148675841955
13,51,3.351871062138853
13,52,5.613722172539804
13,53,6.70028834829767
13,54,5.812532582002642
13,55,5.100818745970468
13,56,5.497368579261498
13,57,5.878622319491782
13,58,6.405750687482193
13,59,5.740523617620111
13,60,6.1519642299822275
13,61,5.656096238668176
14,0,9.093531490398437
14,1,9.443214091322027
14,2,8.69626392129323
14,3,8.233391644522413
14,4,52.7219263010977
14,5,6.083970603997826
14,6,6.5567139606768245
14,7,3.921398512605059
14,8,6.576023093317121
14,9,7.967991216277019
14,10,6.799360859247761
14,11,8.270581103989944
14,12,6.190765025476711
14,13,5.984353806771251
14,14,0.0
14,15,1.3804274388128814
14,16,5.439434074842512
14,17,4.304003963428091
14,18,7.7506510804893605
14,19,7.537766771317805
14,20,7.684462602788081
14,21,7.88751267290757
14,22,8.035321405497815
14,23,4.589314649038222
14,24,6.056336091758725
14,25,7.50535499683003
14,26,1.8141244947900401
14,27,6.083693307042931
14,28,6.79286905100078
14,29,1.6668504182426687
14,30,1.338469265238492
14,31,6.775583122536565
14,32,52.7219263010977
14,33,5.683246999005373
14,34,5.254299299611532
14,35,4.470333733887198
14,36,6.60834232019524
14,37,6.626731914792384
14,38,7.056287728384092
14,39,6.651405833332656
14,40,1.604418440891038
14,41,0.8039811262757233
14,42,7.346693742568135
14,43,7.138657328381636
14,44,5.552142050470534
14,45,5.145391751922806
14,46,5.461936155637457
14,47,6.258519373153709
14,48,8.182903104391015
14,49,5.697554949457271
14,50,5.784258086023063
14,51,5.2103142805777205
14,52,7.472165390978672
14,53,8.558731566736538
14,54,7.670975800441509
14,55,6.959261964409335
14,56,7.355811797700365
14,57,7.73706553793065
14,58,8.264193905921061
14,59,7.598966836058978
14,60,8.010407448421095
14,61,7.514539457107043
15,0,8.86599667665987
15,1,9.21567927758346
15,2,8.468729107554664
15,3,8.005856830783848
15,4,52.49439148735914
15,5,5.85643579025926
15,6,6.329179146938259
15,7,3.693863698866494
15,8,6.3484882795785555
15,9,7.740456402538454
15,10,6.571826045509196
15,11,8.043046290251379
15,12,5.963230211738146
15,13,5.756818993032686
15,14,1.3804274388128814
15,15,0.0
15,16,5.211899261103946
15,17,4.076469149689526
15,18,7.523116266750795
15,19,7.310231957579239
15,20,7.456927789049515
15,21,7.659977859169004
15,22,7.807786591759249
15,23,4.361779835299657
15,24,5.82880127802016
15,25,7.277820183091464
15,26,1.586589681051475
15,27,5.856158493304365
15,28,6.565334237262215
15,29,1.4393156045041038
15,30,1.1109344514999266
15,31,6.548048308798
15,32,52.49439148735914
15,33,5.455712185266808
15,34,5.026764485872967
15,35,4.242798920148633
15,36,6.380807506456675
15,37,6.399197101053819
15,38,6.828752914645527
15,39,6.42387101959409
15,40,1.376883627152473
15,41,0.5764463125371582
15,42,7.119158928829569
15,43,6.91112251464307
15,44,5.324607236731969
15,45,4.91785693818424
15,46,5.2344013418988915
15,47,6.030984559415144
15,48,7.95536829065245
15,49,5.4700201357187055
15,50,5.556723272284497
15,51,4.982779466839155
15,52,7.244630577240105
15,53,8.331196752997972
15,54,7.443440986702943
15,55,6.731727150670769
15,56,7.1282769839618
15,57,7.509530724192084
15,58,8.036659092182495
15,59,7.371432022320413
15,60,7.782872634682529
15,61,7.287004643368477
16,0,6.690168540030831
16,1,7.03985114095442
16,2,6.292900970925624
16,3,5.830028694154808
16,4,50.318563350730095
16,5,3.68060765363022
16,6,4.153351010309219
16,7,1.5180355622374533
16,8,4.172660142949516
16,9,5.564628265909413
16,10,4.395997908880155
16,11,5.867218153622339
16,12,3.787402075109105
16,13,3.5809908564036452
16,14,5.439434074842512
16,15,5.211899261103946
16,16,0.0
16,17,1.9006410130604854
16,18,5.347288130121755
16,19,5.134403820950199
16,20,5.281099652420475
16,21,5.484149722539964
16,22,5.631958455130209
16,23,2.185951698670616
16,24,3.652973141391119
16,25,5.101992046462424
16,26,5.645596317081106
16,27,3.6803303566753245
16,28,4.389506100633174
16,29,5.498322240533734
16,30,5.1699410875295575
16,31,4.3722201721689595
16,32,50.318563350730095
16,33,3.279884048637767
16,34,2.8509363492439257
16,35,2.0669707835195923
16,36,4.204979369827633
16,37,4.223368964424778
16,38,4.6529247780164855
16,39,4.248042882965049
16,40,5.435890263182103
16,41,4.635452948566789
16,42,4.94333079220053
16,43,4.73529437801403
16,44,3.1487791001029284
16,45,2.7420288015551995
16,46,3.058573205269851
16,47,3.855156422786104
16,48,5.77954015402341
16,49,3.294191999089665
16,50,3.3808951356554564
16,51,2.8069513302101146
16,52,5.068802440611066
16,53,6.155368616368932
16,54,5.2676128500739035
16,55,4.55589901404173
16,56,4.95244884733276
16,57,5.333702587563044
16,58,5.860830955553455
16,59,5.195603885691373
16,60,5.607044498053489
16,61,5.1111765067394375
17,0,5.5547384286164085
17,1,5.904421029539998
17,2,5.157470859511202
17,3,4.694598582740387
17,4,49.18313323931568
17,5,2.5451775422157987
17,6,3.017920898894798
17,7,0.3826054508230321
17,8,3.0372300315350946
17,9,4.429198154494992
17,10,3.260567797465734
17,11,4.731788042207918
17,12,2.6519719636946837
17,13,2.445560744989224
17,14,4.304003963428091
17,15,4.076469149689526
17,16,1.9006410130604854
17,17,0.0
17,18,4.211858018707334
17,19,3.9989737095357776
17,20,4.145669541006054
17,21,4.348719611125543
17,22,4.496528343715788
17,23,1.0505215872561948
17,24,2.517543029976698
17,25,3.9665619350480026
17,26,4.5101662056666845
17,27,2.5449002452609033
17,28,3.254075989218753
17,29,4.362892129119313
17,30,4.034510976115136
17,31,3.2367900607545383
17,32,49.18313323931568
17,33,2.144453937223346
17,34,1.7155062378295045
17,35,0.931540672105171
17,36,3.069549258413212
17,37,3.087938853010357
17,38,3.5174946666020643
17,39,3.112612771550628
17,40,4.300460151767682
17,41,3.500022837152368
17,42,3.807900680786108
17,43,3.599864266599609
17,44,2.013348988688507
17,45,1.6065986901407785
17,46,1.92314309385543
17,47,2.7197263113716827
17,48,4.644110042608988
17,49,2.1587618876752437
17,50,2.2454650242410352
17,51,1.6715212187956934
17,52,3.9333723291966445
17,53,5.019938504954511
17,54,4.132182738659482
17,55,3.420468902627308
17,56,3.8170187359183383
17,57,4.198272476148622
17,58,4.725400844139033
17,59,4.060173774276952
17,60,4.471614386639068
17,61,3.975746395325016
18,0,9.001385545677678
18,1,9.351068146601268
18,2,8.604117976572471
18,3,8.141245699801654
18,4,52.62978035637694
18,5,5.991824659277068
18,6,6.4645680159560674
18,7,3.8292525678843017
18,8,6.483877148596364
18,9,7.875845271556261
18,10,6.707214914527003
18,11,8.178435159269188
18,12,6.098619080755953
18,13,5.892207862050493
18,14,7.7506510804893605
18,15,7.523116266750795
18,16,5.347288130121755
18,17,4.211858018707334
18,18,0.0
18,19,1.0111031950438933
18,20,1.1577990265141698
18,21,1.3608490966336588
18,22,1.5086578292239037
18,23,4.497168704317464
18,24,5.964190147037967
18,25,7.413209052109272
18,26,7.956813322727954
18,27,5.991547362322172
18,28,6.700723106280022
18,29,7.809539246180583
18,30,7.481158093176406
18,31,6.683437177815807
18,32,52.62978035637694
18,33,5.591101054284615
18,34,5.162153354890774
18,35,4.37818778916644
18,36,6.516196375474481
18,37,6.534585970071626
18,38,6.964141783663333
18,39,6.559259888611897
18,40,7.747107268828952
18,41,6.946669954213637
18,42,0.820030166294224
18,43,0.6119937521077248
18,44,5.459996105749776
18,45,5.053245807202048
18,46,5.369790210916699
18,47,6.166373428432952
18,48,1.6562395281171038
18,49,5.605409004736513
18,50,5.692112141302305
18,51,5.1181683358569625
18,52,7.380019446257913
18,53,8.46658562201578
18,54,7.578829855720751
18,55,6.867116019688577
18,56,7.263665852979607
18,57,7.644919593209892
18,58,8.172047961200303
18,59,7.50682089133822
18,60,7.918261503700337
18,61,7.422393512386285
19,0,8.788501236506121
19,1,9.138183837429711
19,2,8.391233667400915
19,3,7.9283613906301
19,4,52.416896047205384
19,5,5.778940350105512
19,6,6.251683706784512
19,7,3.6163682587127455
19,8,6.2709928394248085
19,9,7.662960962384705
19,10,6.494330605355447
19,11,7.965550850097632
19,12,5.8857347715843975
19,13,5.679323552878937
19,14,7.537766771317805
19,15,7.310231957579239
19,16,5.134403820950199
19,17,3.9989737095357776
19,18,1.0111031950438933
19,19,0.0
19,20,0.9449147173426136
19,21,1.1479647874621026
19,22,1.2957735200523475
19,23,4.284284395145908
19,24,5.751305837866411
19,25,7.200324742937716
19,26,7.743929013556398
19,27,5.778663053150616
19,28,6.487838797108466
19,29,7.596654937009027
19,30,7.26827378400485
19,31,6.470552868644251
19,32,52.416896047205384
19,33,5.378216745113059
19,34,4.949269045719218
19,35,4.1653034799948845
19,36,6.303312066302925
19,37,6.32170166090007
19,38,6.751257474491777
19,39,6.346375579440341
19,40,7.534222959657396
19,41,6.733785645042081
19,42,0.6071458571226678
19,43,0.3991094429361686
19,44,5.247111796578221
19,45,4.840361498030492
19,46,5.1569059017451435
19,47,5.953489119261397
19,48,1.4433552189455476
19,49,5.3925246955649575
19,50,5.479227832130749
19,51,4.905284026685407
19,52,7.167135137086358
19,53,8.253701312844225
19,54,7.365945546549195
19,55,6.6542317105170214
19,56,7.050781543808052
19,57,7.432035284038336
19,58,7.959163652028747
19,59,7.293936582166665
19,60,7.705377194528781
19,61,7.209509203214729
20,0,8.935197067976398
20,1,9.284879668899988
20,2,8.537929498871192
20,3,8.075057222100376
20,4,52.563591878675666
20,5,5.925636181575788
20,6,6.398379538254788
20,7,3.7630640901830215
20,8,6.417688670895084
20,9,7.809656793854981
20,10,6.641026436825723
20,11,8.112246681567909
20,12,6.0324306030546735
20,13,5.826019384349213
20,14,7.684462602788081
20,15,7.456927789049515
20,16,5.281099652420475
20,17,4.145669541006054
20,18,1.1577990265141698
20,19,0.9449147173426136
20,20,0.0
20,21,0.2030500701194892
20,22,0.35085880270973396
20,23,4.430980226616184
20,24,5.898001669336687
20,25,7.347020574407992
20,26,7.890624845026674
20,27,5.925358884620892
20,28,6.634534628578742
20,29,7.743350768479303
20,30,7.414969615475126
20,31,6.617248700114527
20,32,52.563591878675666
20,33,5.524912576583335
20,34,5.095964877189494
20,35,4.3119993114651605
20,36,6.450007897773201
20,37,6.468397492370346
20,38,6.897953305962053
20,39,6.493071410910617
20,40,7.680918791127672
20,41,6.880481476512357
20,42,0.33776886021994573
20,43,0.5458052744064449
20,44,5.393807628048497
20,45,4.987057329500768
20,46,5.3036017332154195
20,47,6.1001849507316726
20,48,1.5900510504158238
20,49,5.5392205270352335
20,50,5.625923663601025
20,51,5.051979858155683
20,52,7.313830968556633
20,53,8.4003971443145
20,54,7.512641378019471
20,55,6.800927541987297
20,56,7.197477375278328
20,57,7.578731115508612
20,58,8.105859483499023
20,59,7.440632413636941
20,60,7.852073025999057
20,61,7.356205034685005
21,0,9.138247138095888
21,1,9.487929739019478
21,2,8.740979568990682
21,3,8.278107292219865
21,4,52.766641948795154
21,5,6.128686251695277
21,6,6.601429608374277
21,7,3.966114160302511
21,8,6.6207387410145735
21,9,8.01270686397447
21,10,6.844076506945212
21,11,8.315296751687397
21,12,6.2354806731741625
21,13,6.0290694544687025
21,14,7.88751267290757
21,15,7.659977859169004
21,16,5.484149722539964
21,17,4.348719611125543
21,18,1.3608490966336588
21,19,1.1479647874621026
21,20,0.2030500701194892
21,21,0.0
21,22,0.5539088728292232
21,23,4.6340302967356735
21,24,6.101051739456176
21,25,7.550070644527481
21,26,8.093674915146163
21,27,6.128408954740381
21,28,6.837584698698231
21,29,7.946400838598792
21,30,7.618019685594615
21,31,6.820298770234016
21,32,52.766641948795154
21,33,5.727962646702824
21,34,5.299014947308983
21,35,4.5150493815846495
21,36,6.65305796789269
21,37,6.671447562489835
21,38,7.101003376081542
21,39,6.696121481030106
21,40,7.883968861247161
21,41,7.083531546631846
21,42,0.540818930339435
21,43,0.748855344525934
21,44,5.596857698167986
21,45,5.190107399620257
21,46,5.506651803334909
21,47,6.303235020851162
21,48,1.7931011205353131
21,49,5.7422705971547225
21,50,5.828973733720514
21,51,5.255029928275172
21,52,7.516881038676123
21,53,8.60344721443399
21,54,7.71569144813896
21,55,7.0039776121067865
21,56,7.400527445397817
21,57,7.781781185628101
21,58,8.308909553618513
21,59,7.64368248375643
21,60,8.055123096118546
21,61,7.559255104804494
22,0,9.286055870686132
22,1,9.635738471609722
22,2,8.888788301580925
22,3,8.42591602481011
22,4,52.9144506813854
22,5,6.276494984285522
22,6,6.749238340964522
22,7,4.113922892892756
22,8,6.768547473604818
22,9,8.160515596564716
22,10,6.991885239535457
22,11,8.463105484277643
22,12,6.383289405764407
22,13,6.176878187058947
22,14,8.035321405497815
22,15,7.807786591759249
22,16,5.631958455130209
22,17,4.496528343715788
22,18,1.5086578292239037
22,19,1.2957735200523475
22,20,0.35085880270973396
22,21,0.5539088728292232
22,22,0.0
22,23,4.781839029325918
22,24,6.248860472046421
22,25,7.697879377117726
22,26,8.241483647736409
22,27,6.276217687330626
22,28,6.985393431288476
22,29,8.094209571189037
22,30,7.76582841818486
22,31,6.968107502824261
22,32,52.9144506813854
22,33,5.875771379293069
22,34,5.446823679899228
22,35,4.662858114174894
22,36,6.800866700482935
22,37,6.81925629508008
22,38,7.248812108671787
22,39,6.843930213620351
22,40,8.031777593837406
22,41,7.231340279222091
22,42,0.6886276629296797
22,43,0.8966640771161789
22,44,5.7446664307582305
22,45,5.337916132210502
22,46,5.654460535925153
22,47,6.4510437534414065
22,48,1.940909853125558
22,49,5.890079329744967
22,50,5.976782466310759
22,51,5.402838660865417
22,52,7.664689771266367
22,53,8.751255947024234
22,54,7.863500180729205
22,55,7.151786344697031
22,56,7.548336177988062
22,57,7.929589918218346
22,58,8.456718286208757
22,59,7.7914912163466745
22,60,8.202931828708792
22,61,7.707063837394739
23,0,5.84004911422654
23,1,6.189731715150129
23,2,5.442781545121333
23,3,4.979909268350517
23,4,49.46844392492581
23,5,2.8304882278259296
23,6,3.3032315845049283
23,7,0.6679161364331627
23,8,3.3225407171452255
23,9,4.714508840105123
23,10,3.5458784830758647
23,11,5.017098727818048
23,12,2.937282649304815
23,13,2.730871430599355
23,14,4.589314649038222
23,15,4.361779835299657
23,16,2.185951698670616
23,17,1.0505215872561948
23,18,4.497168704317464
23,19,4.284284395145908
23,20,4.430980226616184
23,21,4.6340302967356735
23,22,4.781839029325918
23,23,0.0
23,24,2.8028537155868287
23,25,4.251872620658133
23,26,4.795476891276816
23,27,2.8302109308710337
23,28,3.539386674828884
23,29,4.648202814729444
23,30,4.319821661725268
23,31,3.5221007463646687
23,32,49.46844392492581
23,33,2.429764622833477
23,34,2.000816923439635
23,35,1.2168513577153015
23,36,3.3548599440233424
23,37,3.3732495386204873
23,38,3.8028053522121947
23,39,3.3979234571607586
23,40,4.585770837377813
23,41,3.7853335227624987
23,42,4.093211366396239
23,43,3.8851749522097396
23,44,2.2986596742986376
23,45,1.8919093757509091
23,46,2.2084537794655605
23,47,3.005036996981813
23,48,4.929420728219119
23,49,2.4440725732853745
23,50,2.530775709851166
23,51,1.956831904405824
23,52,4.218683014806775
23,53,5.305249190564641
23,54,4.417493424269613
23,55,3.705779588237439
23,56,4.102329421528469
23,57,4.483583161758753
23,58,5.010711529749164
23,59,4.345484459887082
23,60,4.7569250722491985
23,61,4.261057080935147
24,0,7.307070556947043
24,1,7.656753157870632
24,2,6.909802987841836
24,3,6.44693071107102
24,4,50.93546536764631
24,5,4.297509670546432
24,6,4.770253027225431
24,7,2.1349375791536658
24,8,4.789562159865728
24,9,6.1815302828256256
24,10,5.012899925796368
24,11,6.484120170538551
24,12,4.404304092025318
24,13,4.197892873319858
24,14,6.056336091758725
24,15,5.82880127802016
24,16,3.652973141391119
24,17,2.517543029976698
24,18,5.964190147037967
24,19,5.751305837866411
24,20,5.898001669336687
24,21,6.101051739456176
24,22,6.248860472046421
24,23,2.8028537155868287
24,24,0.0
24,25,5.718894063378636
24,26,6.262498333997319
24,27,4.297232373591537
24,28,5.006408117549387
24,29,6.115224257449947
24,30,5.78684310444577
24,31,4.989122189085172
24,32,50.93546536764631
24,33,3.8967860655539797
24,34,3.467838366160138
24,35,2.683872800435805
24,36,4.821881386743846
24,37,4.840270981340991
24,38,5.2698267949326985
24,39,4.864944899881262
24,40,6.052792280098316
24,41,5.2523549654830015
24,42,5.560232809116742
24,43,5.3521963949302425
24,44,3.765681117019141
24,45,3.3589308184714124
24,46,3.675475222186064
24,47,4.472058439702316
24,48,6.396442170939622
24,49,3.9110940160058774
24,50,3.9977971525716693
24,51,3.423853347126327
24,52,5.685704457527278
24,53,6.772270633285144
24,54,5.8845148669901155
24,55,5.172801030957942
24,56,5.569350864248972
24,57,5.950604604479256
24,58,6.477732972469667
24,59,5.812505902607585
24,60,6.223946514969701
24,61,5.7280785236556495
25,0,8.756089462018348
25,1,9.105772062941938
25,2,8.358821892913141
25,3,7.895949616142325
25,4,52.384484272717614
25,5,5.746528575617737
25,6,6.219271932296737
25,7,3.5839564842249705
25,8,6.2385810649370335
25,9,7.63054918789693
25,10,6.461918830867672
25,11,7.933139075609857
25,12,5.8533229970966225
25,13,5.646911778391162
25,14,7.50535499683003
25,15,7.277820183091464
25,16,5.101992046462424
25,17,3.9665619350480026
25,18,7.413209052109272
25,19,7.200324742937716
25,20,7.347020574407992
25,21,7.550070644527481
25,22,7.697879377117726
25,23,4.251872620658133
25,24,5.718894063378636
25,25,0.0
25,26,7.711517239068623
25,27,5.746251278662841
25,28,6.455427022620691
25,29,7.564243162521252
25,30,7.235862009517075
25,31,6.438141094156476
25,32,52.384484272717614
25,33,5.345804970625284
25,34,4.916857271231443
25,35,4.1328917055071095
25,36,6.27090029181515
25,37,6.289289886412295
25,38,6.718845700004002
25,39,6.313963804952566
25,40,7.501811185169621
25,41,6.701373870554306
25,42,7.009251714188046
25,43,6.801215300001547
25,44,5.214700022090446
25,45,4.807949723542717
25,46,5.1244941272573685
25,47,5.921077344773622
25,48,7.845461076010926
25,49,5.3601129210771825
25,50,5.446816057642974
25,51,4.872872252197632
25,52,7.134723362598583
25,53,8.22128953835645
25,54,7.33353377206142
25,55,6.6218199360292465
25,56,7.018369769320277
25,57,7.399623509550561
25,58,7.926751877540972
25,59,7.26152480767889
25,60,7.672965420041006
25,61,7.177097428726954
26,0,9.29969373263703
26,1,9.64937633356062
26,2,8.902426163531823
26,3,8.439553886761008
26,4,52.928088543336294
26,5,6.290132846236419
26,6,6.762876202915418
26,7,4.127560754843652
26,8,6.782185335555715
26,9,8.174153458515612
26,10,7.005523101486355
26,11,8.476743346228538
26,12,6.396927267715305
26,13,6.190516049009845
26,14,1.8141244947900401
26,15,1.586589681051475
26,16,5.645596317081106
26,17,4.5101662056666845
26,18,7.956813322727954
26,19,7.743929013556398
26,20,7.890624845026674
26,21,8.093674915146163
26,22,8.241483647736409
26,23,4.795476891276816
26,24,6.262498333997319
26,25,7.711517239068623
26,26,0.0
26,27,6.2898555492815245
