source_id,target_id,rtt
0,0,0.0
0,1,0.5056044956469075
0,2,0.4307381137389274
0,3,0.8601738963623491
0,4,52.48661729510364
0,5,3.133607544966116
0,6,2.1366586829512166
0,7,3.7870781448160957
0,8,5.3613014960629135
0,9,4.042779462529103
0,10,3.9878765631830086
0,11,5.763175421571241
0,12,4.402848779518922
0,13,4.575747250899801
0,14,4.642547972036452
0,15,4.345243613817871
0,16,3.5382568712571594
0,17,3.4715890584935107
0,18,6.465008484205142
0,19,6.780750211215814
0,20,6.61317900806208
0,21,6.815892121592082
0,22,6.626307026820547
0,23,4.117392311048078
0,24,3.3062492956302107
0,25,2.615747396767286
0,26,3.545919655946263
0,27,3.0190748151416806
0,28,4.752561937000717
0,29,3.323436297538108
0,30,4.715612313752992
0,31,5.33266209866829
0,32,52.48661729510364
0,33,4.4864898164259035
0,34,2.7206058594936056
0,35,3.3375138945547977
0,36,3.543671823204721
0,37,2.8578330174437956
0,38,3.9414581660777945
0,39,3.5411932556075705
0,40,4.939164644869178
0,41,4.1825935538537236
0,42,6.476354927921206
0,43,6.459115993958441
0,44,4.51250238756469
0,45,4.110764418063675
0,46,4.097012256749309
0,47,5.276543644984385
0,48,6.365158659678535
0,49,5.188228133620236
0,50,5.361032460698905
0,51,4.791647281290409
0,52,1.8507466109739525
0,53,1.0550986161772868
0,54,1.5506023419661938
0,55,2.134269525989101
0,56,2.1263666413016122
0,57,2.839942868906264
0,58,3.3751335855361084
0,59,2.772848012262758
0,60,3.1823984906624365
0,61,2.62126280000459
1,0,0.5056044956469075
1,1,0.0
1,2,0.8950932044169158
1,3,1.2441902880884166
1,4,52.47651384930967
1,5,2.771412590016156
1,6,1.7370280369784183
1,7,3.695288680901473
1,8,5.475839321294935
1,9,4.378166327769267
1,10,3.571145141514042
1,11,5.3164298498124705
1,12,4.558734219298165
1,13,4.707190516989682
1,14,4.8617302703336
1,15,4.574699206106711
1,16,3.6547962626738166
1,17,3.4129664891524256
1,18,6.229952217707603
1,19,6.51846030319128
1,20,6.302294236986432
1,21,6.503920638936713
1,22,6.29418822456243
1,23,4.097194599761039
1,24,3.511124929856961
1,25,3.024896107124255
1,26,3.909417852490684
1,27,3.2314361617147687
1,28,4.962586022061606
1,29,3.604852266898557
1,30,5.002027539171008
1,31,5.497656556796199
1,32,52.47651384930967
1,33,4.587628573643924
1,34,2.767594954594043
1,35,3.2950043383750147
1,36,3.7501444402543687
1,37,2.990906494272404
1,38,4.104957223087599
1,39,3.7786725250781603
1,40,5.244158180409688
1,41,4.467616456732945
1,42,6.185395928783234
1,43,6.181920324482529
1,44,4.489720510146463
1,45,3.8709623570440566
1,46,3.8191305746290056
1,47,4.984850178385775
1,48,6.161739235550252
1,49,5.154475817705162
1,50,5.34800880224333
1,51,4.788671386848127
1,52,2.1263777458858253
1,53,1.4981389672115755
1,54,1.9732704711624363
1,55,2.4839521269126905
1,56,2.5332582702305695
1,57,3.226364519954351
1,58,3.7643369095759662
1,59,3.1215443471867683
1,60,3.511805542588168
1,61,2.9246428585495763
2,0,0.4307381137389274
2,1,0.8950932044169158
2,2,0.0
2,3,0.4628722767708159
2,4,52.253624988334764
2,5,3.2704181562777985
2,6,2.33462146617103
2,7,3.6620899773785602
2,8,5.067365849911951
2,9,3.6325974956474103
2,10,4.17745580923823
2,11,5.9839844391039145
2,12,4.086937202209925
2,13,4.274745032756206
2,14,4.286968422961516
2,15,3.9851311981621813
2,16,3.255999392849983
2,17,3.3238482046109787
2,18,6.4450825713892055
2,19,6.785614860075271
2,20,6.667710182192821
2,21,6.8707567295071
2,22,6.703275579233944
2,23,3.930477431528602
2,24,2.967536303584306
2,25,2.1868631403546703
2,26,3.1268695021297557
2,27,2.6785840983288716
2,28,4.401779563739094
2,29,2.9404057030308843
2,30,4.324767048254997
2,31,5.006474485732157
2,32,52.253624988334764
2,33,4.206583551428227
2,34,2.503256780301838
2,35,3.17885734273054
2,36,3.2019130028380043
2,37,2.573261495053622
2,38,3.623763532063327
2,39,3.180946021955042
2,40,4.53949626667523
2,41,3.7939606258779244
2,42,6.511005677560166
2,43,6.480039845068478
2,44,4.32379955972489
2,45,4.112304471081958
2,46,4.1351528886616284
2,47,5.318346040260324
2,48,6.316312728998208
2,49,5.002942312894253
2,50,5.15859598190611
2,51,4.585359573101069
2,52,1.4889823286410233
2,53,0.6244001909720877
2,54,1.1212108933576457
2,55,1.7261624597992207
2,56,1.698611799022975
2,57,2.4155693247445282
2,58,2.949287420617674
2,59,2.3613306932989255
2,60,2.777167328086687
2,61,2.2317270316733304
3,0,0.8601738963623491
3,1,1.2441902880884166
3,2,0.4628722767708159
3,3,0.0
3,4,51.837685797064715
3,5,3.227808092130712
3,6,2.3855527496683364
3,7,3.3499261094256663
3,8,4.62735372507928
3,9,3.182647610420712
3,10,4.1814638827726744
3,11,6.011100786545648
3,12,3.6381851907998084
3,13,3.8324975269635786
3,14,3.825682815994161
3,15,3.5232185127328997
3,16,2.8267408241987493
3,17,2.995437827989086
3,18,6.210655288248603
3,19,6.57358588942437
3,20,6.505665979633221
3,21,6.708206670334467
3,22,6.564295926080338
3,23,3.564345485335966
3,24,2.5116856131707936
3,25,1.7809060807831723
3,26,2.6881963988848128
3,27,2.2226493440348194
3,28,3.9413755412753777
3,29,2.4780092692030338
3,30,3.8642298273691402
3,31,4.552775417161238
3,32,51.837685797064715
3,33,3.7755464880919796
3,34,2.1269293099159103
3,35,2.8427200101104986
3,36,2.7447168989372477
3,37,2.1464721867624412
3,38,3.175002350456465
3,39,2.7192925270801553
3,40,4.082388935234959
3,41,3.332753022709341
3,42,6.329503556388818
3,43,6.2849999483277275
3,44,3.9539832322312662
3,45,3.9143789658515047
3,46,3.973982658055125
3,47,5.150578583561757
3,48,6.055475165763141
3,49,4.6326743312561085
3,50,4.7750910338067465
3,51,4.201156957871319
3,52,1.029383186200899
3,53,0.3253399222141244
3,54,0.7345294368855338
3,55,1.2741296801130781
3,56,1.289199090460972
3,57,1.9895437812113712
3,58,2.52684114480778
3,59,1.912721587792661
3,60,2.323049435431471
3,61,1.7702325418552747
4,0,52.48661729510364
4,1,52.47651384930967
4,2,52.253624988334764
4,3,51.837685797064715
4,4,0.0
4,5,50.41940187788494
4,6,51.291337824797225
4,7,48.800527788492644
4,8,47.24914992843509
4,9,49.45564051170554
4,10,50.355648976444115
4,11,49.97240269330333
4,12,48.27091812534028
4,13,48.04428482231736
4,14,48.283354365565806
4,15,48.58939469317105
4,16,49.01364134235675
4,17,49.06482371540763
4,18,46.873945395944766
4,19,46.82391143442578
4,20,47.435224088019176
4,21,47.29318998012297
4,22,47.66856531889305
4,23,48.382448942192816
4,24,49.41774215430272
4,25,50.91704846609051
4,26,50.00727155407777
4,27,49.6954053108315
4,28,48.14496923714495
4,29,49.680303385470786
4,30,48.601600331679485
4,31,47.432577145715925
4,32,0.0
4,33,48.06957890384401
4,34,49.766864627445294
4,35,49.18163002454351
4,36,49.20940610655521
4,37,49.691589793342935
4,38,48.72324164859256
4,39,49.31742043466093
4,40,48.56583955872344
4,41,49.0135220846962
4,42,47.33762047539741
4,43,47.223019359098934
4,44,47.98859258052407
4,45,48.96359635046516
4,46,49.17303625727796
4,47,48.30283691504081
4,48,46.74995107103276
4,49,47.3220464066319
4,50,47.132631226045596
4,51,47.69811555814476
4,52,50.858914240425875
4,53,51.91003632404183
4,54,51.57030758660108
4,55,50.87554670397863
4,56,51.17108139161512
4,57,50.620571418768876
4,58,50.322944826818336
4,59,50.428525609953965
4,60,50.03129139153078
4,61,50.32791761203608
5,0,3.133607544966116
5,1,2.771412590016156
5,2,3.2704181562777985
5,3,3.227808092130712
5,4,50.41940187788494
5,5,0.0
5,6,1.053031203821019
5,7,2.1625720913927666
5,8,4.639228967372919
5,9,5.026925784345465
5,10,1.0033908378179168
5,11,2.8312924293227524
5,12,4.131424464892075
5,13,4.109961659785672
5,14,4.728937992827027
5,15,4.5593775431121655
5,16,3.2756729491011685
5,17,2.1871203455455634
5,18,3.6592426602200505
5,19,3.8656546764218747
5,20,3.5583988059991847
5,21,3.757512592227803
5,22,3.528953942579192
5,23,2.8244594206539357
5,24,3.6510729569808116
5,25,4.415079544183877
5,26,4.823485084509873
5,27,3.513235766950961
5,28,4.75774318606496
5,29,4.124058972436831
5,30,5.240567776459859
5,31,4.941854090183422
5,32,50.41940187788494
5,33,3.8495190169892455
5,34,2.461802139201538
5,35,2.21630855917655
5,36,3.8199425693313516
5,37,2.981947201238502
5,38,3.835650784918414
5,39,4.007818973722358
5,40,5.558356316057759
5,41,4.796937890667672
5,42,3.4748368478231626
5,43,3.499935200158477
5,44,3.0965632016937925
5,45,1.4704332726021896
5,46,1.2486861689788495
5,47,2.2942868056774763
5,48,3.698695803329842
5,49,3.569461339056218
5,50,3.8407656699914967
5,51,3.435788185065624
5,52,3.2234907130458823
5,53,3.5435892085621714
5,54,3.7512411386531457
5,55,3.732494225022235
5,56,4.046687847768611
5,57,4.433703231905397
5,58,4.867038944085429
5,59,4.147545797805491
5,60,4.321498929485432
5,61,3.7814618137705405
6,0,2.1366586829512166
6,1,1.7370280369784183
6,2,2.33462146617103
6,3,2.3855527496683364
6,4,51.291337824797225
6,5,1.053031203821019
6,6,0.0
6,7,2.6353154480717658
6,8,4.937150505393929
6,9,4.750405356049188
6,10,1.8519573962430187
6,11,3.649485595549313
6,12,4.237824068430606
6,13,4.2861660961656565
6,14,4.7432506586128085
6,15,4.519318962270252
6,16,3.305074350176731
6,17,2.5035086141866834
6,18,4.660415685441401
6,19,4.895862512301072
6,20,4.610805465519015
6,21,4.810213965056958
6,22,4.5805468970460765
6,23,3.2235030742713575
6,24,3.4939009038804403
6,25,3.84221293757188
6,26,4.439768442764448
6,27,3.287453085666657
6,28,4.802103898757403
6,29,3.851044364892795
6,30,5.128824684692157
6,31,5.134909050051287
6,32,51.291337824797225
6,33,4.072156351492035
6,34,2.3606394101515424
6,35,2.460523718158328
6,36,3.7036421074763055
6,37,2.821622409779277
6,38,3.859569320320191
6,39,3.8403767056690925
6,40,5.42821511693127
6,41,4.632444506601594
6,42,4.5207925612754085
6,43,4.538123370632388
6,44,3.5688766900179467
6,45,2.357818421264173
6,46,2.219119236384698
6,47,3.331332312737977
6,48,4.659052499525755
6,49,4.149732663215533
6,50,4.3963276412856525
6,51,3.9070059774720005
6,52,2.6579184850548434
6,53,2.7107921365962926
6,54,3.01166793118674
6,55,3.1644764697620036
6,56,3.4113851209487627
6,57,3.925546541330487
6,58,4.416645553252096
6,59,3.687548059044402
6,60,3.950958344496483
6,61,3.357172395694336
7,0,3.7870781448160957
7,1,3.695288680901473
7,2,3.6620899773785602
7,3,3.3499261094256663
7,4,48.800527788492644
7,5,2.1625720913927666
7,6,2.6353154480717658
7,7,0.0
7,8,2.4888673635830525
7,9,3.509912666706875
7,10,2.877962346642702
7,11,4.349182591384886
7,12,2.140932721465384
7,13,2.0492087823290266
7,14,2.8038420779894198
7,15,2.7179840564406503
7,16,1.5180355622374533
7,17,0.3826054508230321
7,18,2.9898117515257505
7,19,3.4219054594162723
7,20,3.5826472111422576
7,21,3.7695153984311682
7,22,3.7582689929140565
7,23,0.6679161364331627
7,24,2.1349375791536658
7,25,3.5839564842249705
7,26,3.528648348512833
7,27,2.162294794437871
7,28,2.7956293261804928
7,29,2.726152157001384
7,30,3.445307165939184
7,31,2.8385330276886487
7,32,48.800527788492644
7,33,1.7618484864003139
7,34,1.3321539223301317
7,35,0.5489352212821389
7,36,2.1953677319478624
7,37,1.6842932073773584
7,38,1.983264345751166
7,39,2.4383692464166242
7,40,3.7682173998248483
7,41,3.1174173863293357
7,42,3.322038267624568
7,43,3.2172588157765767
7,44,0.9470978325069457
7,45,1.2239932393177464
7,46,1.5405376430323978
7,47,2.3371208605486506
7,48,2.761361547234226
7,49,1.520048852483038
7,50,1.7611710494408088
7,51,1.2889157679726613
7,52,2.6787021374231403
7,53,3.5554386086124716
7,54,3.4630531423776643
7,55,3.037863451804276
7,56,3.433562142188072
7,57,3.455337474633461
7,58,3.6996687146222755
7,59,3.119627199736344
7,60,3.076937468452042
7,61,2.760675178136457
8,0,5.3613014960629135
8,1,5.475839321294935
8,2,5.067365849911951
8,3,4.62735372507928
8,4,47.24914992843509
8,5,4.639228967372919
8,6,4.937150505393929
8,7,2.4888673635830525
8,8,0.0
8,9,2.6390501837549705
8,10,5.354163207558273
8,11,6.678353240705696
8,12,1.0276728656638179
8,13,0.7969674190350717
8,14,1.2968728080543157
8,15,1.5272261260824023
8,16,1.8249755830639016
8,17,2.471879900657299
8,18,4.187625603184892
8,19,4.689400441337648
8,20,5.195632449740483
8,21,5.330905065725911
8,22,5.480026830419018
8,23,1.8209842027943073
8,24,2.1694658679798176
8,25,3.7710891715928163
8,26,3.0527626538504524
8,27,2.446315708221805
8,28,1.1664967944683318
8,29,2.501059298380255
8,30,1.9847609161724968
8,31,0.5618474733611316
8,32,47.24914992843509
8,33,0.8927760943117486
8,34,2.730349228480765
8,35,2.4850120373475226
8,36,1.968194263203021
8,37,2.503471563624182
8,38,1.4741351937556444
8,39,2.1062213572550967
8,40,2.2064496547488655
8,41,2.0902787715198743
8,42,4.866227242813239
8,43,4.687370641822937
8,44,1.629293739758844
8,45,3.582874781281857
8,46,3.9304901675201376
8,47,4.32204166718693
8,48,3.7708247154649537
8,49,1.5754467889884574
8,50,1.3658870892795656
8,51,1.346290919859953
8,52,3.62109312515193
8,53,4.67005731146032
8,54,4.321615115050504
8,55,3.6325728809886355
8,56,3.949880462964326
8,57,3.4960172392589532
8,58,3.3607908646833424
8,59,3.246230571917757
8,60,2.9000405286028585
8,61,3.0933521482361805
9,0,4.042779462529103
9,1,4.378166327769267
9,2,3.6325974956474103
9,3,3.182647610420712
9,4,49.45564051170554
9,5,5.026925784345465
9,6,4.750405356049188
9,7,3.509912666706875
9,8,2.6390501837549705
9,9,0.0
9,10,5.992091544874415
9,11,7.705056513477317
9,12,1.7947405823591553
9,13,2.068682701338808
9,14,1.3469919200840872
9,15,1.1253260735433543
9,16,1.9931731051516333
9,17,3.2015597731085395
9,18,6.248509156091672
9,19,6.733542226234164
9,20,7.033286245859229
9,21,7.208090344727809
9,22,7.2401290266507825
9,23,3.1043662246088606
9,24,1.4116867589247153
9,25,1.579496480562277
9,26,0.571237284466972
9,27,1.513737536618202
9,28,1.4848285881678582
9,29,0.9072888392141546
9,30,0.8541762025670047
9,31,2.2179467439539
9,32,49.45564051170554
9,33,2.284744217271646
9,34,2.5724617778271033
9,35,3.0740875214717107
9,36,1.3148403993291704
9,37,2.0501425624788667
9,38,1.628120241024154
9,39,1.0762789234045176
9,40,0.9523504574507039
9,41,0.5502982361485121
9,42,6.744152562422802
9,43,6.608783531922813
9,44,3.281430800246969
9,45,4.69753421894044
9,46,4.9686241180786155
9,47,5.84323287440255
9,48,5.904196521406602
9,49,3.7232956928425573
9,50,3.663091218367504
9,51,3.260095439560243
9,52,2.2682392190686738
9,53,3.0439494436923424
9,54,2.5554608291182226
9,55,1.9085180782746065
9,56,1.9940830417034692
9,57,1.2865579174047845
9,58,0.8731322613719297
9,59,1.271281202515649
9,60,0.866487520635164
9,61,1.4666210220377063
10,0,3.9878765631830086
10,1,3.571145141514042
10,2,4.17745580923823
10,3,4.1814638827726744
10,4,50.355648976444115
10,5,1.0033908378179168
10,6,1.8519573962430187
10,7,2.877962346642702
10,8,5.354163207558273
10,9,5.992091544874415
10,10,0.0
10,11,1.8370964964783232
10,12,4.969324305880893
10,13,4.912286227794063
10,14,5.5983037531688815
10,15,5.454038922629469
10,16,4.169043128132568
10,17,2.998877053617213
10,18,3.482365746700348
10,19,3.5598640925179073
10,20,3.074114970322876
10,21,3.2565028125041344
10,22,2.9552513806055782
10,23,3.5413525105559067
10,24,4.598903876886266
10,25,5.418446282117203
10,26,5.811206499074738
10,27,4.480261300300304
10,28,5.613069907880411
10,29,5.095173415301507
10,30,6.154076207697447
10,31,5.715937369991822
10,32,50.355648976444115
10,33,4.633154190641954
10,34,3.4196474686438516
10,35,3.062945150969483
10,36,4.753047382381797
10,37,3.941982259264152
10,38,4.71744723516646
10,39,4.953574592614333
10,40,6.475505154526393
10,41,5.732815431476798
10,42,3.08264512265214
10,43,3.16468097337632
10,44,3.7427617804127546
10,45,1.8357104955721493
10,46,1.4955698438994915
10,47,2.0552289619436475
10,48,3.641291658645747
10,49,4.094290285178777
10,50,4.376641116804751
10,51,4.064882771585041
10,52,4.226247131257249
10,53,4.502457795005124
10,54,4.736695663083369
10,55,4.735684701905341
10,56,5.047187170157444
10,57,5.435605739930075
10,58,5.863509415309122
10,59,5.146786069853475
10,60,5.30945429764761
10,61,4.778665887413322
11,0,5.763175421571241
11,1,5.3164298498124705
11,2,5.9839844391039145
11,3,6.011100786545648
11,4,49.97240269330333
11,5,2.8312924293227524
11,6,3.649485595549313
11,7,4.349182591384886
11,8,6.678353240705696
11,9,7.705056513477317
11,10,1.8370964964783232
11,11,0.0
11,12,6.489550984464157
11,13,6.381726443618659
11,14,7.152213949698541
11,15,7.050995180973037
11,16,5.791531401353015
11,17,4.567473307351916
11,18,3.5904185217958604
11,19,3.406455686567861
11,20,2.6596480522139196
11,21,2.7566155507806496
11,22,2.3644182658632262
11,23,4.961217024546577
11,24,6.295035611016945
11,25,7.237513475915708
11,26,7.572785234374675
11,27,6.210058857943909
11,28,7.144468673329943
11,29,6.826538063364219
11,30,7.77196280155238
11,31,7.118288048793642
11,32,49.97240269330333
11,33,6.085458801739404
11,34,5.149992836958333
11,35,4.667297173765556
11,36,6.4231488687634375
11,37,5.667033840977678
11,38,6.309451064012194
11,39,6.6415469594101415
11,40,8.095909793532858
11,41,7.394461481816744
11,42,2.865817659341869
11,43,3.0428008367667396
11,44,5.057723508238931
11,45,3.1364593135336984
11,46,2.808701686735695
11,47,2.504409387753051
11,48,3.930653351247657
11,49,5.21691889395822
11,50,5.4923918809006915
11,51,5.333394587503015
11,52,6.051268791951659
11,53,6.333555204814442
11,54,6.5737921538341455
11,55,6.557762945027896
11,56,6.877493167231598
11,57,7.240227404049118
11,58,7.647653638448199
11,59,6.9416147730699205
11,60,7.073937252124093
11,61,6.568474220041318
12,0,4.402848779518922
12,1,4.558734219298165
12,2,4.086937202209925
12,3,3.6381851907998084
12,4,48.27091812534028
12,5,4.131424464892075
12,6,4.237824068430606
12,7,2.140932721465384
12,8,1.0276728656638179
12,9,1.7947405823591553
12,10,4.969324305880893
12,11,6.489550984464157
12,12,0.0
12,13,0.2804693299989063
12,14,0.6784034687498783
12,15,0.7035146662296492
12,16,0.9433376782904738
12,17,1.9704693698671991
12,18,4.537068016615318
12,19,5.0327447050206535
12,20,5.412335139802638
12,21,5.57337789939224
12,22,5.653774046272603
12,23,1.552714502467535
12,24,1.1479095909486516
12,25,2.7559648233879015
12,26,2.1147500374496273
12,27,1.4303686331802536
12,28,0.6549862185804526
12,29,1.4888774280666317
12,30,1.3937107466465812
12,31,0.940137501731557
12,32,48.27091812534028
12,33,0.5075180264713379
12,34,1.9039244252347638
12,35,1.9175830792957407
12,36,0.9408266882892994
12,37,1.569192099532213
12,38,0.46323538001348724
12,39,1.085817064026609
12,40,1.7003507827882816
12,41,1.2607549924232015
12,42,5.103713811651087
12,43,4.950090314889073
12,44,1.6001816973498406
12,45,3.35693667339727
12,46,3.6809234868626213
12,47,4.338879500983297
12,48,4.167133055334679
12,49,1.9446843938538947
12,50,1.8691846818006204
12,51,1.5039857365526537
12,52,2.6190222889229786
12,53,3.6620534702184337
12,54,3.2997758255217073
12,55,2.6065568133704082
12,56,2.922358270643293
12,57,2.4885759742586644
12,58,2.4068123311825005
12,59,2.2261422774679316
12,60,1.899265316408706
12,61,2.065735344589167
13,0,4.575747250899801
13,1,4.707190516989682
13,2,4.274745032756206
13,3,3.8324975269635786
13,4,48.04428482231736
13,5,4.109961659785672
13,6,4.2861660961656565
13,7,2.0492087823290266
13,8,0.7969674190350717
13,9,2.068682701338808
13,10,4.912286227794063
13,11,6.381726443618659
13,12,0.2804693299989063
13,13,0.0
13,14,0.8755247629929863
13,15,0.9612812083905526
13,16,1.0541640331160054
13,17,1.9263242847982163
13,18,4.307314717972206
13,19,4.80553746520238
13,20,5.209115752605643
13,21,5.365671446929161
13,22,5.4596809584114805
13,23,1.4212325981976328
13,24,1.3784292066055663
13,25,3.0219047391347815
13,26,2.395203832479324
13,27,1.65155366278513
13,28,0.8128616206814182
13,29,1.7590244855165262
13,30,1.616164946770326
13,31,0.8490085395435577
13,32,48.04428482231736
13,33,0.30110680776587795
13,34,1.995976760358496
13,35,1.8967262491180323
13,36,1.1881273724573258
13,37,1.7209276825136384
13,38,0.6821651738919963
13,39,1.3522155128051714
13,40,1.9096428422427283
13,41,1.529476401462159
13,42,4.895621107402575
13,43,4.736823911673266
13,44,1.4083792950079475
13,45,3.2453342608714255
13,46,3.578269602358623
13,47,4.173426364576075
13,48,3.9285910240484165
13,49,1.6922316129619535
13,50,1.6010659955294202
13,51,1.2716049877274425
13,52,2.8242148696009024
13,53,3.873094811535585
13,54,3.5280379447483137
13,55,2.843991120435616
13,56,3.171050921215607
13,57,2.7587720908707873
13,58,2.686693127131549
13,59,2.489209359589793
13,60,2.1728374518637974
13,61,2.3114349222531185
14,0,4.642547972036452
14,1,4.8617302703336
14,2,4.286968422961516
14,3,3.825682815994161
14,4,48.283354365565806
14,5,4.728937992827027
14,6,4.7432506586128085
14,7,2.8038420779894198
14,8,1.2968728080543157
14,9,1.3469919200840872
14,10,5.5983037531688815
14,11,7.152213949698541
14,12,0.6784034687498783
14,13,0.8755247629929863
14,14,0.0
14,15,0.31054698562540717
14,16,1.4598676088689702
14,17,2.606191260791525
14,18,5.182237140038659
14,19,5.680801032600983
14,20,6.080204506712621
14,21,6.238520193284502
14,22,6.326159374603909
14,23,2.229902976317644
14,24,1.3514688196199922
14,25,2.634834746657365
14,26,1.8004585969860343
14,27,1.630771741838327
14,28,0.14268167558179304
14,29,1.4120694231605542
14,30,0.7452905261803773
14,31,0.8861857960762447
14,32,48.283354365565806
14,33,1.1628798176642745
14,34,2.3826117090388226
14,35,2.5354377170894504
14,36,1.1128983415177998
14,37,1.9526099317959549
14,38,0.8961749504441257
14,39,1.1067850861440534
14,40,1.0341724739411808
14,41,0.8039811262757233
14,42,5.7685328278109
14,43,5.611191931864754
14,44,2.2710635282059326
14,45,4.02480042098926
14,46,4.344095041907223
14,47,5.017208033767594
14,48,4.800706460404489
14,49,2.5579661348153095
14,50,2.44255228002825
14,51,2.147059733343293
14,52,2.798470241832711
14,53,3.7919773326164234
14,54,3.370728967065631
14,55,2.6590151368658783
14,56,2.907056835274047
14,57,2.3407568259105362
14,58,2.117273503764979
14,59,2.1498679062014237
14,60,1.7481154220060389
14,61,2.1047815668850434
15,0,4.345243613817871
15,1,4.574699206106711
15,2,3.9851311981621813
15,3,3.5232185127328997
15,4,48.58939469317105
15,5,4.5593775431121655
15,6,4.519318962270252
15,7,2.7179840564406503
15,8,1.5272261260824023
15,9,1.1253260735433543
15,10,5.454038922629469
15,11,7.050995180973037
15,12,0.7035146662296492
15,13,0.9612812083905526
15,14,0.31054698562540717
15,15,0.0
15,16,1.2862218704716213
15,17,2.4853984844297585
15,18,5.23653764546937
15,19,5.730855911968204
15,20,6.094107281499919
15,21,6.25862268963305
15,22,6.327220011045405
15,23,2.190390684601723
15,24,1.0737697331020803
15,25,2.3313682926389423
15,26,1.5297112030413778
15,27,1.3445315833686289
15,28,0.44478235098958324
15,29,1.101626310274722
15,30,0.7285852662465206
15,31,1.1733528019645691
15,32,48.58939469317105
15,33,1.2106220403537757
15,34,2.1641161407297482
15,35,2.3981448517061534
15,36,0.8392837121626657
15,37,1.7064148046690755
15,38,0.7420281061826343
15,39,0.8045229769625024
15,40,1.050459986340313
15,41,0.5764463125371582
15,42,5.7896757149140035
15,43,5.6399630044416575
15,44,2.2853774474325217
15,45,3.9417383158687813
15,46,4.249940894216212
15,47,4.985450180714489
15,48,4.8696252997957545
15,49,2.6472892870235203
15,50,2.5622206076037064
15,51,2.2065714745796243
15,52,2.497889856265734
15,53,3.48447179519788
15,54,3.060765586765403
15,55,2.3490686676450743
15,56,2.596996459126902
15,57,2.0393784696749395
15,58,1.8421898804055215
15,59,1.841271165830353
15,60,1.4440320727405411
15,61,1.7952004751156723
16,0,3.5382568712571594
16,1,3.6547962626738166
16,2,3.255999392849983
16,3,2.8267408241987493
16,4,49.01364134235675
16,5,3.2756729491011685
16,6,3.305074350176731
16,7,1.5180355622374533
16,8,1.8249755830639016
16,9,1.9931731051516333
16,10,4.169043128132568
16,11,5.791531401353015
16,12,0.9433376782904738
16,13,1.0541640331160054
16,14,1.4598676088689702
16,15,1.2862218704716213
16,16,0.0
16,17,1.2301881734706395
16,18,4.333869322794999
16,19,4.803963087744307
16,20,5.05601503201053
16,21,5.235220002585421
16,22,5.253176300283726
16,23,1.1623911120529458
16,24,0.6719317352772498
16,25,2.344559930483358
16,26,2.0597784426936205
16,27,0.8213147992320496
16,28,1.5039177083059885
16,29,1.2616954236374458
16,30,1.988477781764823
16,31,1.873779178341759
16,32,49.01364134235675
16,33,0.9506701811598781
16,34,0.9606389306959394
16,35,1.1245304182668598
16,36,0.6814907474201329
16,37,0.6829003780323163
16,38,0.5637470182663142
16,39,0.9289491996035601
16,40,2.311544470125366
16,41,1.6101705038082905
16,42,4.775700138303858
16,43,4.650204743465495
16,44,1.4352122079441743
16,45,2.720482444048409
16,46,3.008970977469305
16,47,3.8501093305592047
16,48,4.026309204676206
16,49,2.034849931336587
16,50,2.092067752577023
16,51,1.5503663686843725
16,52,1.8549663266510041
16,53,2.9024165720086867
16,54,2.6143601893793704
16,55,1.9872768000172083
16,56,2.360101980760258
16,57,2.1427471428217775
16,58,2.2718473617402255
16,59,1.819014892242114
16,60,1.6566074386025307
16,61,1.529446963981618
17,0,3.4715890584935107
17,1,3.4129664891524256
17,2,3.3238482046109787
17,3,2.995437827989086
17,4,49.06482371540763
17,5,2.1871203455455634
17,6,2.5035086141866834
17,7,0.3826054508230321
17,8,2.471879900657299
17,9,3.2015597731085395
17,10,2.998877053617213
17,11,4.567473307351916
17,12,1.9704693698671991
17,13,1.9263242847982163
17,14,2.606191260791525
17,15,2.4853984844297585
17,16,1.2301881734706395
17,17,0.0
17,18,3.372130864175419
17,19,3.8019833884670127
17,20,3.945186491519758
17,21,4.134413905304964
17,22,4.109893672916764
17,23,0.7254677716650485
17,24,1.8049967687304254
17,25,3.206268840268082
17,26,3.1863051311008808
17,27,1.8075843585286835
17,28,2.6155414988420045
17,29,2.3879397897416745
17,30,3.2045331488337494
17,31,2.7547355726320624
17,32,49.06482371540763
17,33,1.6623996383900563
17,34,0.9500647801697862
17,35,0.1663391747561958
17,36,1.8895995126011766
17,37,1.3129752785535111
17,38,1.7433747566348343
17,39,2.1253713541848187
17,40,3.5284756456873705
17,41,2.8402391536789926
17,42,3.691293291896156
17,43,3.591263982033157
17,44,1.0972724866840236
17,45,1.4961202621546397
17,46,1.7787921632308785
17,47,2.6747451866904783
17,48,3.1425448604718382
17,49,1.7446375466264703
17,50,1.9544243328522393
17,51,1.4226823919079046
17,52,2.2984299942849353
17,53,3.19075200899834
17,54,3.085279900745289
17,55,2.6554078204941427
17,56,3.0510273837005935
17,57,3.0839580757989458
17,58,3.344810108523672
17,59,2.7487499453897613
17,60,2.7239850415337523
17,61,2.3862639306020577
18,0,6.465008484205142
18,1,6.229952217707603
18,2,6.4450825713892055
18,3,6.210655288248603
18,4,46.873945395944766
18,5,3.6592426602200505
18,6,4.660415685441401
18,7,2.9898117515257505
18,8,4.187625603184892
18,9,6.248509156091672
18,10,3.482365746700348
18,11,3.5904185217958604
18,12,4.537068016615318
18,13,4.307314717972206
18,14,5.182237140038659
18,15,5.23653764546937
18,16,4.333869322794999
18,17,3.372130864175419
18,18,0.0
18,19,0.5023461576367839
18,20,1.1457923306149975
18,21,1.2166077421751855
18,22,1.4910240497355667
18,23,3.172419247301726
18,24,5.003266194039444
18,25,6.563782347368119
18,26,6.391243310527666
18,27,5.092497630196306
18,28,5.1074891554354975
18,29,5.595564619578628
18,30,5.922977852615775
18,31,4.73934826823172
18,32,46.873945395944766
18,33,4.030665216942155
18,34,4.3186393297114725
18,35,3.5382784435705927
18,36,4.995299053098593
18,37,4.65792680415465
18,38,4.620424670998724
18,39,5.24408798213604
18,40,6.215375493610312
18,41,5.761387392232527
18,42,0.8199631254864073
18,43,0.6119937521077248
18,44,2.967823710272567
18,45,2.359549113597671
18,46,2.4417839484602517
18,47,1.4292073639621157
18,48,0.44514131356622016
18,49,2.643600991766444
18,50,2.822563015893624
18,51,3.0362400075383906
18,52,5.653981333105981
18,53,6.456065309863253
18,54,6.423536151519265
18,55,6.027507283577036
18,56,6.4229520216717715
18,57,6.416798974295569
18,58,6.6037172424179715
18,59,6.081411626880855
18,60,5.984063853811618
18,61,5.734018490804507
19,0,6.780750211215814
19,1,6.51846030319128
19,2,6.785614860075271
19,3,6.57358588942437
19,4,46.82391143442578
19,5,3.8656546764218747
19,6,4.895862512301072
19,7,3.4219054594162723
19,8,4.689400441337648
19,9,6.733542226234164
19,10,3.5598640925179073
19,11,3.406455686567861
19,12,5.0327447050206535
19,13,4.80553746520238
19,14,5.680801032600983
19,15,5.730855911968204
19,16,4.803963087744307
19,17,3.8019833884670127
19,18,0.5023461576367839
19,19,0.0
19,20,0.7873537091745504
19,21,0.7935715636525977
19,22,1.1347956609458287
19,23,3.6456833273617506
19,24,5.4707464561527805
19,25,7.005046993608065
19,26,6.863458106391223
19,27,5.549683934287175
19,28,5.607318829242701
19,29,6.064884240832643
19,30,6.420565616151832
19,31,5.241533504343276
19,32,46.82391143442578
19,33,4.5270125612893874
19,34,4.740994929085634
19,35,3.9671411808813857
19,36,5.47070128224223
19,37,5.101298211136342
19,38,5.106141091817585
19,39,5.719942598977061
19,40,6.714354209765279
19,41,6.251466485652757
19,42,0.542419104423146
19,43,0.3991094429361686
19,44,3.45599812254235
19,45,2.6741876679160743
19,46,2.7003530178380393
19,47,1.573059456822874
19,48,0.9295867232728882
19,49,3.145544025099535
19,50,3.3246225496204684
19,51,3.534021004734209
19,52,6.063069553423363
19,53,6.829870983261793
19,54,6.821628759991566
19,55,6.452489920478492
19,56,6.84634748544592
19,57,6.867225018266329
19,58,7.069472299502207
19,59,6.531389857333014
19,60,6.448102267419829
19,61,6.178693100474796
20,0,6.61317900806208
20,1,6.302294236986432
20,2,6.667710182192821
20,3,6.505665979633221
20,4,47.435224088019176
20,5,3.5583988059991847
20,6,4.610805465519015
20,7,3.5826472111422576
20,8,5.195632449740483
20,9,7.033286245859229
20,10,3.074114970322876
20,11,2.6596480522139196
20,12,5.412335139802638
20,13,5.209115752605643
20,14,6.080204506712621
20,15,6.094107281499919
20,16,5.05601503201053
20,17,3.945186491519758
20,18,1.1457923306149975
20,19,0.7873537091745504
20,20,0.0
20,21,0.2030500701194892
20,22,0.35085880270973396
20,23,3.9314440364534504
20,24,5.704155724903786
20,25,7.134189218115227
20,26,7.103073008201639
20,27,5.7449026718248515
20,28,6.02131838061428
20,29,6.29931132630764
20,30,6.8055944608001555
20,31,5.73178038355384
20,32,47.435224088019176
20,33,4.917336317319401
20,34,4.842867814796451
20,35,4.103304299258841
20,36,5.735993075299486
20,37,5.257625231832737
20,38,5.423531793093695
20,39,5.984586626636417
20,40,7.111683522186286
20,41,6.582881374204211
20,42,0.33776886021994573
20,43,0.5402337676662641
20,44,3.81225233775243
20,45,2.6115642310970295
20,46,2.5343800103770433
20,47,1.3553688532538373
20,48,1.5833754798077386
20,49,3.6221273424548244
20,50,3.8369744546421307
20,51,3.9506582095285814
20,52,6.110640335779408
20,53,6.783759720987061
20,54,6.8334037700385375
20,55,6.53865256134775
20,56,6.924398128081167
20,57,7.026790464594264
20,58,7.281897012296881
20,59,6.692319277878937
20,60,6.658856849797802
20,61,6.325920147198652
21,0,6.815892121592082
21,1,6.503920638936713
21,2,6.8707567295071
21,3,6.708206670334467
21,4,47.29318998012297
21,5,3.757512592227803
21,6,4.810213965056958
21,7,3.7695153984311682
21,8,5.330905065725911
21,9,7.208090344727809
21,10,3.2565028125041344
21,11,2.7566155507806496
21,12,5.57337789939224
21,13,5.365671446929161
21,14,6.238520193284502
21,15,6.25862268963305
21,16,5.235220002585421
21,17,4.134413905304964
21,18,1.2166077421751855
21,19,0.7935715636525977
21,20,0.2030500701194892
21,21,0.0
21,22,0.3929810624372351
21,23,4.104389084250615
21,24,5.88627754363209
21,25,7.327357229081493
21,26,7.285515037257615
21,27,5.931221481575208
21,28,6.176911550776706
21,29,6.481813718694594
21,30,6.967068648032887
21,31,5.871404967261715
21,32,47.29318998012297
21,33,5.075838452846627
21,34,5.0366743559880875
21,35,4.293416976670794
21,36,5.9142931365072435
21,37,5.447280693883845
21,38,5.594415620485434
21,39,6.163198709001636
21,40,7.271231465142821
21,41,6.752809028069127
21,42,0.4700556922857163
21,43,0.6448784319686266
21,44,3.9743357403077524
21,45,2.811942106925862
21,46,2.7373091804636744
21,47,1.5577027539000852
21,48,1.6612391056517317
21,49,3.7609699144923647
21,50,3.968277610798608
21,51,4.102505179552587
21,52,6.308817928644578
21,53,6.9858751498958425
21,54,7.033585290358803
21,55,6.734674425231922
21,56,7.1211059429285335
21,57,7.21735688779782
21,58,7.467450341094754
21,59,6.882587186538419
21,60,6.844224406693058
21,61,6.517179712429356
22,0,6.626307026820547
22,1,6.29418822456243
22,2,6.703275579233944
22,3,6.564295926080338
22,4,47.66856531889305
22,5,3.528953942579192
22,6,4.5805468970460765
22,7,3.7582689929140565
22,8,5.480026830419018
22,9,7.2401290266507825
22,10,2.9552513806055782
22,11,2.3644182658632262
22,12,5.653774046272603
22,13,5.4596809584114805
22,14,6.326159374603909
22,15,6.327220011045405
22,16,5.253176300283726
22,17,4.109893672916764
22,18,1.4910240497355667
22,19,1.1347956609458287
22,20,0.35085880270973396
22,21,0.3929810624372351
22,22,0.0
22,23,4.1490159323914275
22,24,5.890848469577634
22,25,7.273875420197051
22,26,7.286756349435641
22,27,5.91667968231979
22,28,6.272539761479582
22,29,6.483808416761379
22,30,7.044371035890172
22,31,6.009486225747473
22,32,47.66856531889305
22,33,5.164684810705765
22,34,4.983204266434389
22,35,4.263643938782503
22,36,5.9346027825197725
22,37,5.416848422481085
22,38,5.642796262627565
22,39,6.181871450383357
22,40,7.354095173868571
22,41,6.802853356065034
22,42,0.6728199675389168
22,43,0.8804018693870969
22,44,4.055097816994094
22,45,2.7157913718419553
22,46,2.594837593249072
22,47,1.4530150633176406
22,48,1.924143235168948
22,49,3.904589392245343
22,50,4.128753532579031
22,51,4.212269585840568
22,52,6.220894656037909
22,53,6.850761778370934
22,54,6.925251706766038
22,55,6.662998673736524
22,56,7.043827526774585
22,57,7.17915139898431
22,58,7.454419400233106
22,59,6.846445174872643
22,60,6.832809808084373
22,61,6.476043284518502
23,0,4.117392311048078
23,1,4.097194599761039
23,2,3.930477431528602
23,3,3.564345485335966
23,4,48.382448942192816
23,5,2.8244594206539357
23,6,3.2235030742713575
23,7,0.6679161364331627
23,8,1.8209842027943073
23,9,3.1043662246088606
23,10,3.5413525105559067
23,11,4.961217024546577
23,12,1.552714502467535
23,13,1.4212325981976328
23,14,2.229902976317644
23,15,2.190390684601723
23,16,1.1623911120529458
23,17,0.7254677716650485
23,18,3.172419247301726
23,19,3.6456833273617506
23,20,3.9314440364534504
23,21,4.104389084250615
23,22,4.1490159323914275
23,23,0.0
23,24,1.8335835044747757
23,25,3.4583107878861843
23,26,3.2189491692832184
23,27,1.9465569813639803
23,28,2.203201643817028
23,29,2.423738374362516
23,30,2.9161426932861474
23,31,2.1813578712193205
23,32,48.382448942192816
23,33,1.1242461954048035
23,34,1.4379953797739895
23,35,0.8094893999952837
23,36,1.825113403247086
23,37,1.5885352969556266
23,38,1.4938489924712637
23,39,2.074451275624427
23,40,3.233528887113676
23,41,2.6539519919056316
23,42,3.63985163647139
23,43,3.5054650268405982
23,44,0.3951120550555177
23,45,1.8254483591809205
23,46,2.1618678643041074
23,47,2.795442855813328
23,48,2.8654051502636215
23,49,1.0728073936299858
23,50,1.2508145547759726
23,51,0.7004488968759377
23,52,2.7427606141580916
23,53,3.7211174857451517
23,54,3.540056861944729
23,55,3.007283761119654
23,56,3.3998120576389064
23,57,3.280740860965362
23,58,3.4341227878391463
23,59,2.9495415278389663
23,60,2.8173722066641025
23,61,2.6265248217164396
24,0,3.3062492956302107
24,1,3.511124929856961
24,2,2.967536303584306
24,3,2.5116856131707936
24,4,49.41774215430272
24,5,3.6510729569808116
24,6,3.4939009038804403
24,7,2.1349375791536658
24,8,2.1694658679798176
24,9,1.4116867589247153
24,10,4.598903876886266
24,11,6.295035611016945
24,12,1.1479095909486516
24,13,1.3784292066055663
24,14,1.3514688196199922
24,15,1.0737697331020803
24,16,0.6719317352772498
24,17,1.8049967687304254
24,18,5.003266194039444
24,19,5.4707464561527805
24,20,5.704155724903786
24,21,5.88627754363209
24,22,5.890848469577634
24,23,1.8335835044747757
24,24,0.0
24,25,1.7129507280139495
24,26,1.3993012831121905
24,27,0.28904172857298893
24,28,1.4519324420923587
24,29,0.5959236024977812
24,30,1.6349656385115485
24,31,2.042155305723175
24,32,49.41774215430272
24,33,1.412201887378358
24,34,1.1905786379376417
24,35,1.669852585958833
24,36,0.23904511689930263
24,37,0.6797273625417679
24,38,0.6963556313758092
24,39,0.35697571475161505
24,40,1.9376817047726442
24,41,1.1518774433349654
24,42,5.429940762763256
24,43,5.309191664147109
24,44,2.1010823367537097
24,45,3.2968042280925975
24,46,3.560316995824355
24,47,4.471009319010061
24,48,4.698164868024145
24,49,2.6760015710361804
24,50,2.704853052999785
24,51,2.1887740924782335
24,52,1.4841854079946488
24,53,2.518394569388937
24,54,2.152565448967535
24,55,1.4657211635581215
24,56,1.80153041028176
24,57,1.4893855104378966
24,58,1.6007402406000997
24,59,1.1775048871561586
24,60,0.9847330449564863
24,61,0.9418726235274946
25,0,2.615747396767286
25,1,3.024896107124255
25,2,2.1868631403546703
25,3,1.7809060807831723
25,4,50.91704846609051
25,5,4.415079544183877
25,6,3.84221293757188
25,7,3.5839564842249705
25,8,3.7710891715928163
25,9,1.579496480562277
25,10,5.418446282117203
25,11,7.237513475915708
25,12,2.7559648233879015
25,13,3.0219047391347815
25,14,2.634834746657365
25,15,2.3313682926389423
25,16,2.344559930483358
25,17,3.206268840268082
25,18,6.563782347368119
25,19,7.005046993608065
25,20,7.134189218115227
25,21,7.327357229081493
25,22,7.273875420197051
25,23,3.4583107878861843
25,24,1.7129507280139495
25,25,0.0
25,26,1.015773693286356
25,27,1.5242155337688685
25,28,2.7743784183390745
25,29,1.2700299785512799
25,30,2.3945970746526872
25,31,3.5000905311966273
25,32,50.91704846609051
25,33,3.107699089934477
25,34,2.2918681811679233
25,35,3.042841841560937
25,36,1.848766653891181
25,37,1.9058889155390588
25,38,2.3619466639328217
25,39,1.670413168048048
25,40,2.531539671672145
25,41,1.9219789176503905
25,42,6.891891790847505
25,43,6.796711187895977
25,44,3.7719405910384203
25,45,4.56798775371782
25,46,4.752042358600557
25,47,5.821750938833526
25,48,6.299002569786781
25,49,4.377797240240289
25,50,4.416904887349698
25,51,3.8916686097495243
25,52,1.1980820025664396
25,53,1.5655322095207331
25,54,1.0657350136963948
25,55,0.6852315999647905
25,56,0.4917284583364471
25,57,0.3010759054116113
25,58,0.7774526194563772
25,59,0.5373815941399643
25,60,0.887347972384283
25,61,0.8332201968427185
26,0,3.545919655946263
26,1,3.909417852490684
26,2,3.1268695021297557
26,3,2.6881963988848128
26,4,50.00727155407777
26,5,4.823485084509873
26,6,4.439768442764448
26,7,3.528648348512833
26,8,3.0527626538504524
26,9,0.571237284466972
26,10,5.811206499074738
