source_id,target_id,rtt
0,0,0.0
0,1,0.5768310842272099
0,2,0.9654536627253618
0,3,1.9742058095317359
0,4,5.916625381530915
0,5,4.3514228950157685
0,6,3.2823316052685474
0,7,2.6146288221402827
0,8,3.928903782465728
0,9,3.0708862375047326
0,10,0.4610070000826332
0,11,1.5659526672482704
0,12,1.727780419120117
0,13,2.5893676258013434
0,14,71.95508176782563
0,16,2.739701363894282
0,17,0.8328604444310578
0,18,5.558145073092931
0,19,5.748937210888114
0,20,6.6422773859046575
0,21,7.733605650261702
0,22,4.133259754710001
0,23,7.282315256327596
0,24,6.616060816677318
0,25,2.3227399293461897
1,0,0.5768310842272099
1,1,0.0
1,2,1.5422847469525718
1,3,2.551036893758946
1,4,5.339794297303705
1,5,3.774591810788558
1,6,2.7055005210413374
1,7,2.037797737913073
1,8,3.352072698238518
1,9,2.4940551532775226
1,10,1.037838084309843
1,11,0.9891215830210606
1,12,1.150949334892907
1,13,2.0125365415741334
1,14,71.37825068359842
1,16,3.316532448121492
1,17,1.4096915286582676
1,18,6.134976157320142
1,19,6.325768295115324
1,20,7.219108470131868
1,21,8.310436734488913
1,22,4.710090838937211
1,23,7.15825294478417
1,24,6.039229732450108
1,25,2.8995710135734
2,0,0.9654536627253618
2,1,1.5422847469525718
2,2,0.0
2,3,1.008752146806374
2,4,6.882079044256277
2,5,5.31687655774113
2,6,2.3178664317897866
2,7,2.9855692149180513
2,8,4.8943574451910905
2,9,4.036339900230095
2,10,1.426460662807995
2,11,2.5314063299736325
2,12,2.693234081845479
2,13,3.5548212885267056
2,14,72.920535430551
2,16,2.4718465550422497
2,17,1.7983141071564197
2,18,4.59269141036757
2,19,4.783483548162752
2,20,5.676823723179296
2,21,6.76815198753634
2,22,3.1678060919846396
2,23,6.316861593602234
2,24,7.435884805936296
2,25,1.357286266620828
3,0,1.9742058095317359
3,1,2.551036893758946
3,2,1.008752146806374
3,3,0.0
3,4,7.052510433542641
3,5,5.487307947027494
3,6,1.3091142849834123
3,7,1.9768170681116768
3,8,5.064788834477454
3,9,4.206771289516459
3,10,2.4352128096143693
3,11,3.0254932230036893
3,12,2.863665471131843
3,13,3.7252526778130695
3,14,73.21415825545891
3,16,3.480598701848624
3,17,2.8070662539627937
3,18,5.601443557173944
3,19,5.7922356949691265
3,20,6.68557586998567
3,21,7.776904134342715
3,22,4.176558238791014
3,23,7.325613740408609
3,24,7.7519458686890435
3,25,2.3660384134272023
4,0,5.916625381530915
4,1,5.339794297303705
4,2,6.882079044256277
4,3,7.052510433542641
4,4,0.0
4,5,1.5652024865151464
4,6,5.743396148559228
4,7,5.075693365430964
4,8,1.9877215990651869
4,9,2.845739144026182
4,10,6.377632381613548
4,11,4.350672714282644
4,12,4.188844962410798
4,13,3.3272577557295713
4,14,74.53933774673787
4,16,7.892594262883294
4,17,6.7494858259619726
4,18,3.542628830715131
4,19,3.7334209685103135
4,20,5.217033295784248
4,21,6.308361560141291
4,22,4.9675141490980605
4,23,1.8184586474804654
4,24,0.6994354351464034
4,25,6.778033974461872
5,0,4.3514228950157685
5,1,3.774591810788558
5,2,5.31687655774113
5,3,5.487307947027494
5,4,1.5652024865151464
5,5,0.0
5,6,4.178193662044082
5,7,3.5104908789158173
5,8,0.4225191125500404
5,9,1.2805366575110355
5,10,4.8124298950984015
5,11,2.785470227767498
5,12,2.623642475895651
5,13,1.762055269214425
5,14,72.97413526022272
5,16,7.0911242589100505
5,17,5.184283339446826
5,18,5.107831317230277
5,19,5.29862345502546
5,20,6.782235782299393
5,21,7.873564046656437
5,22,6.532716635613207
5,23,3.383661133995612
5,24,2.2646379216615498
5,25,6.674162824361959
6,0,3.2823316052685474
6,1,2.7055005210413374
6,2,2.3178664317897866
6,3,1.3091142849834123
6,4,5.743396148559228
6,5,4.178193662044082
6,6,0.0
6,7,0.6677027831282645
6,8,3.7556745494940413
6,9,2.897657004533046
6,10,3.743338605351181
6,11,1.716378938020277
6,12,1.5545511861484305
6,13,2.416138392829657
6,14,71.9050439704755
6,16,4.789712986832036
6,17,4.115192049699605
6,18,6.910557842157356
6,19,7.101349979952539
6,20,7.994690154969082
6,21,9.086018419326127
6,22,5.485672523774426
6,23,7.561854796039693
6,24,6.442831583705631
6,25,3.6751526984106144
7,0,2.6146288221402827
7,1,2.037797737913073
7,2,2.9855692149180513
7,3,1.9768170681116768
7,4,5.075693365430964
7,5,3.5104908789158173
7,6,0.6677027831282645
7,7,0.0
7,8,3.0879717663657766
7,9,2.229954221404782
7,10,3.0756358222229165
7,11,1.0486761548920125
7,12,0.886848403020166
7,13,1.7484356097013924
7,14,71.23734118734724
7,16,5.354330186034566
7,17,3.447489266571341
7,18,7.578260625285621
7,19,7.769052763080803
7,20,8.662392938097348
7,21,9.753721202454392
7,22,6.15337530690269
7,23,6.894152012911428
7,24,5.775128800577367
7,25,4.342855481538879
8,0,3.928903782465728
8,1,3.352072698238518
8,2,4.8943574451910905
8,3,5.064788834477454
8,4,1.9877215990651869
8,5,0.4225191125500404
8,6,3.7556745494940413
8,7,3.0879717663657766
8,8,0.0
8,9,0.858017544960995
8,10,4.389910782548361
8,11,2.3629511152174576
8,12,2.201123363345611
8,13,1.3395361566643844
8,14,72.55161614767268
8,16,6.66860514636001
8,17,4.761764226896785
8,18,5.530350429780317
8,19,5.7211425675755
8,20,7.204754894849434
8,21,8.296083159206479
8,22,6.955235748163247
8,23,3.806180246545652
8,24,2.68715703421159
8,25,6.251643711811918
9,0,3.0708862375047326
9,1,2.4940551532775226
9,2,4.036339900230095
9,3,4.206771289516459
9,4,2.845739144026182
9,5,1.2805366575110355
9,6,2.897657004533046
9,7,2.229954221404782
9,8,0.858017544960995
9,9,0.0
9,10,3.531893237587366
9,11,1.5049335702564623
9,12,1.3431058183846158
9,13,0.48151861170338933
9,14,71.69359860271169
9,16,5.810587601399015
9,17,3.9037466819357904
9,18,6.388367974741312
9,19,6.579160112536495
9,20,8.062772439810429
9,21,9.154100704167472
9,22,7.204145992214735
9,23,4.664197791506647
9,24,3.545174579172585
9,25,5.3936261668509236
10,0,0.4610070000826332
10,1,1.037838084309843
10,2,1.426460662807995
10,3,2.4352128096143693
10,4,6.377632381613548
10,5,4.8124298950984015
10,6,3.743338605351181
10,7,3.0756358222229165
10,8,4.389910782548361
10,9,3.531893237587366
10,10,0.0
10,11,2.0269596673309036
10,12,2.1887874192027503
10,13,3.050374625883977
10,14,72.41608876790826
10,16,3.200708363976915
10,17,1.2938674445136908
10,18,6.019152073175565
10,19,6.209944210970747
10,20,7.1032843859872905
10,21,8.194612650344336
10,22,4.594266754792635
10,23,7.743322256410229
10,24,7.077067816759952
10,25,2.783746929428823
11,0,1.5659526672482704
11,1,0.9891215830210606
11,2,2.5314063299736325
11,3,3.0254932230036893
11,4,4.350672714282644
11,5,2.785470227767498
11,6,1.716378938020277
11,7,1.0486761548920125
11,8,2.3629511152174576
11,9,1.5049335702564623
11,10,2.0269596673309036
11,11,0.0
11,12,0.1618277518718465
11,13,1.023414958553073
11,14,70.38912910057736
11,16,4.305654031142552
11,17,2.398813111679328
11,18,7.1240977403412025
11,19,7.314889878136385
11,20,8.208230053152928
11,21,9.299558317509973
11,22,5.699212421958272
11,23,6.169131361763109
11,24,5.050108149429048
11,25,3.8886925965944608
12,0,1.727780419120117
12,1,1.150949334892907
12,2,2.693234081845479
12,3,2.863665471131843
12,4,4.188844962410798
12,5,2.623642475895651
12,6,1.5545511861484305
12,7,0.886848403020166
12,8,2.201123363345611
12,9,1.3431058183846158
12,10,2.1887874192027503
12,11,0.1618277518718465
12,12,0.0
12,13,0.8615872066812265
12,14,70.35049278432707
12,16,4.467481783014399
12,17,2.560640863551175
12,18,7.285925492213049
12,19,7.476717630008231
12,20,8.370057805024775
12,21,9.46138606938182
12,22,5.861040173830118
12,23,6.007303609891263
12,24,4.888280397557201
12,25,4.050520348466307
13,0,2.5893676258013434
13,1,2.0125365415741334
13,2,3.5548212885267056
13,3,3.7252526778130695
13,4,3.3272577557295713
13,5,1.762055269214425
13,6,2.416138392829657
13,7,1.7484356097013924
13,8,1.3395361566643844
13,9,0.48151861170338933
13,10,3.050374625883977
13,11,1.023414958553073
13,12,0.8615872066812265
13,13,0.0
13,14,71.2120799910083
13,16,5.329068989695625
13,17,3.4222280702324013
13,18,6.869886586444702
13,19,7.060678724239884
13,20,8.544291051513818
13,21,9.635619315870862
13,22,6.722627380511345
13,23,5.145716403210036
13,24,4.026693190875974
13,25,4.912107555147534
14,0,71.95508176782563
14,1,71.37825068359842
14,2,72.920535430551
14,3,73.21415825545891
14,4,74.53933774673787
14,5,72.97413526022272
14,6,71.9050439704755
14,7,71.23734118734724
14,8,72.55161614767268
14,9,71.69359860271169
14,10,72.41608876790826
14,11,70.38912910057736
14,12,70.35049278432707
14,13,71.2120799910083
14,14,0.0
14,16,74.69478313171992
14,17,72.7879422122567
14,18,77.51322684091858
14,19,77.70401897871375
14,20,78.5973591537303
14,21,79.68868741808734
14,22,76.08834152253564
14,23,76.35779639421833
14,24,75.23877318188427
14,25,74.27782169717183
16,0,2.739701363894282
16,1,3.316532448121492
16,2,2.4718465550422497
16,3,3.480598701848624
16,4,7.892594262883294
16,5,7.0911242589100505
16,6,4.789712986832036
16,7,5.354330186034566
16,8,6.66860514636001
16,9,5.810587601399015
16,10,3.200708363976915
16,11,4.305654031142552
16,12,4.467481783014399
16,13,5.329068989695625
16,14,74.69478313171992
16,16,0.0
16,17,1.9068409194632243
16,18,4.349965432168164
16,19,4.540757569963346
16,20,5.43409774497989
16,21,6.525426009336934
16,22,2.925080113785233
16,23,6.074135615402828
16,24,7.19315882773689
16,25,1.1145602884214216
17,0,0.8328604444310578
17,1,1.4096915286582676
17,2,1.7983141071564197
17,3,2.8070662539627937
17,4,6.7494858259619726
17,5,5.184283339446826
17,6,4.115192049699605
17,7,3.447489266571341
17,8,4.761764226896785
17,9,3.9037466819357904
17,10,1.2938674445136908
17,11,2.398813111679328
17,12,2.560640863551175
17,13,3.4222280702324013
17,14,72.7879422122567
17,16,1.9068409194632243
17,17,0.0
17,18,6.256806351631388
17,19,6.44759848942657
17,20,7.340938664443113
17,21,8.432266928800159
17,22,4.831921033248458
17,23,7.980976534866052
17,24,7.448921261108376
17,25,3.021401207884646
18,0,5.558145073092931
18,1,6.134976157320142
18,2,4.59269141036757
18,3,5.601443557173944
18,4,3.542628830715131
18,5,5.107831317230277
18,6,6.910557842157356
18,7,7.578260625285621
18,8,5.530350429780317
18,9,6.388367974741312
18,10,6.019152073175565
18,11,7.1240977403412025
18,12,7.285925492213049
18,13,6.869886586444702
18,14,77.51322684091858
18,16,4.349965432168164
18,17,6.256806351631388
18,18,0.0
18,19,0.19079213779518264
18,20,1.674404465069117
18,21,2.765732729426161
18,22,1.4248853183829302
18,23,1.7241701832346652
18,24,2.8431933955687274
18,25,3.2354051437467417
19,0,5.748937210888114
19,1,6.325768295115324
19,2,4.783483548162752
19,3,5.7922356949691265
19,4,3.7334209685103135
19,5,5.29862345502546
19,6,7.101349979952539
19,7,7.769052763080803
19,8,5.7211425675755
19,9,6.579160112536495
19,10,6.209944210970747
19,11,7.314889878136385
19,12,7.476717630008231
19,13,7.060678724239884
19,14,77.70401897871375
19,16,4.540757569963346
19,17,6.44759848942657
19,18,0.19079213779518264
19,19,0.0
19,20,1.4836123272739343
19,21,2.5749405916309787
19,22,1.6156774561781129
19,23,1.9149623210298479
19,24,3.03398553336391
19,25,3.426197281541924
20,0,6.6422773859046575
20,1,7.219108470131868
20,2,5.676823723179296
20,3,6.68557586998567
20,4,5.217033295784248
20,5,6.782235782299393
20,6,7.994690154969082
20,7,8.662392938097348
20,8,7.204754894849434
20,9,8.062772439810429
20,10,7.1032843859872905
20,11,8.208230053152928
20,12,8.370057805024775
20,13,8.544291051513818
20,14,78.5973591537303
20,16,5.43409774497989
20,17,7.340938664443113
20,18,1.674404465069117
20,19,1.4836123272739343
20,20,0.0
20,21,1.091328264357044
20,22,2.5090176311946566
20,23,3.398574648303782
20,24,4.517597860637844
20,25,4.319537456558468
21,0,7.733605650261702
21,1,8.310436734488913
21,2,6.76815198753634
21,3,7.776904134342715
21,4,6.308361560141291
21,5,7.873564046656437
21,6,9.086018419326127
21,7,9.753721202454392
21,8,8.296083159206479
21,9,9.154100704167472
21,10,8.194612650344336
21,11,9.299558317509973
21,12,9.46138606938182
21,13,9.635619315870862
21,14,79.68868741808734
21,16,6.525426009336934
21,17,8.432266928800159
21,18,2.765732729426161
21,19,2.5749405916309787
21,20,1.091328264357044
21,21,0.0
21,22,3.6003458955517007
21,23,4.489902912660826
21,24,5.608926124994888
21,25,5.410865720915512
22,0,4.133259754710001
22,1,4.710090838937211
22,2,3.1678060919846396
22,3,4.176558238791014
22,4,4.9675141490980605
22,5,6.532716635613207
22,6,5.485672523774426
22,7,6.15337530690269
22,8,6.955235748163247
22,9,7.204145992214735
22,10,4.594266754792635
22,11,5.699212421958272
22,12,5.861040173830118
22,13,6.722627380511345
22,14,76.08834152253564
22,16,2.925080113785233
22,17,4.831921033248458
22,18,1.4248853183829302
22,19,1.6156774561781129
22,20,2.5090176311946566
22,21,3.6003458955517007
22,22,0.0
22,23,3.149055501617595
22,24,4.268078713951657
22,25,1.8105198253638115
23,0,7.282315256327596
23,1,7.15825294478417
23,2,6.316861593602234
23,3,7.325613740408609
23,4,1.8184586474804654
23,5,3.383661133995612
23,6,7.561854796039693
23,7,6.894152012911428
23,8,3.806180246545652
23,9,4.664197791506647
23,10,7.743322256410229
23,11,6.169131361763109
23,12,6.007303609891263
23,13,5.145716403210036
23,14,76.35779639421833
23,16,6.074135615402828
23,17,7.980976534866052
23,18,1.7241701832346652
23,19,1.9149623210298479
23,20,3.398574648303782
23,21,4.489902912660826
23,22,3.149055501617595
23,23,0.0
23,24,1.119023212334062
23,25,4.9595753269814065
24,0,6.616060816677318
24,1,6.039229732450108
24,2,7.435884805936296
24,3,7.7519458686890435
24,4,0.6994354351464034
24,5,2.2646379216615498
24,6,6.442831583705631
24,7,5.775128800577367
24,8,2.68715703421159
24,9,3.545174579172585
24,10,7.077067816759952
24,11,5.050108149429048
24,12,4.888280397557201
24,13,4.026693190875974
24,14,75.23877318188427
24,16,7.19315882773689
24,17,7.448921261108376
24,18,2.8431933955687274
24,19,3.03398553336391
24,20,4.517597860637844
24,21,5.608926124994888
24,22,4.268078713951657
24,23,1.119023212334062
24,24,0.0
24,25,6.078598539315468
25,0,2.3227399293461897
25,1,2.8995710135734
25,2,1.357286266620828
25,3,2.3660384134272023
25,4,6.778033974461872
25,5,6.674162824361959
25,6,3.6751526984106144
25,7,4.342855481538879
25,8,6.251643711811918
25,9,5.3936261668509236
25,10,2.783746929428823
25,11,3.8886925965944608
25,12,4.050520348466307
25,13,4.912107555147534
25,14,74.27782169717183
25,16,1.1145602884214216
25,17,3.021401207884646
25,18,3.2354051437467417
25,19,3.426197281541924
25,20,4.319537456558468
25,21,5.410865720915512
25,22,1.8105198253638115
25,23,4.9595753269814065
25,24,6.078598539315468
25,25,0.0
