source_id,target_id,rtt
0,0,0.0
0,1,47.36543483691888
0,2,24.36638229889042
0,3,23.837311443279596
0,4,47.45282246888305
0,5,47.45282246888305
0,6,47.486728957435574
0,7,47.52774815695646
0,8,47.45282246888305
0,10,47.486728957435574
0,11,47.486728957435574
0,12,47.45282246888305
0,13,47.52774815695646
0,14,47.36543483691888
0,15,47.36543483691888
0,16,47.36543483691888
0,17,47.50257538354286
0,18,26.497206186179284
0,19,26.984477175022196
0,20,23.68271741845944
0,21,23.72775325903251
0,22,23.765471841155616
0,23,23.7722102813043
0,24,23.921177087482146
0,25,23.812674491479232
0,26,25.064370580680354
0,27,24.90519594127169
1,0,47.36543483691888
1,1,0.0
1,2,24.36638229889042
1,3,23.837311443279596
1,4,47.45282246888305
1,5,47.45282246888305
1,6,47.486728957435574
1,7,47.52774815695646
1,8,47.45282246888305
1,10,47.486728957435574
1,11,47.486728957435574
1,12,47.45282246888305
1,13,47.52774815695646
1,14,47.36543483691888
1,15,47.36543483691888
1,16,47.36543483691888
1,17,47.50257538354286
1,18,26.497206186179284
1,19,26.984477175022196
1,20,23.68271741845944
1,21,23.72775325903251
1,22,23.765471841155616
1,23,23.7722102813043
1,24,23.921177087482146
1,25,23.812674491479232
1,26,25.064370580680354
1,27,24.90519594127169
2,0,24.36638229889042
2,1,24.36638229889042
2,2,0.0
2,3,0.5290708556108271
2,4,24.36369824970845
2,5,24.36369824970845
2,6,24.1784883697668
2,7,24.438623937781863
2,8,24.36369824970845
2,10,24.1784883697668
2,11,24.1784883697668
2,12,24.36369824970845
2,13,24.438623937781863
2,14,24.36638229889042
2,15,24.36638229889042
2,16,24.36638229889042
2,17,24.41345116436827
2,18,2.1368102244406764
2,19,2.6240812132835876
2,20,0.683664880430982
2,21,0.638629039857912
2,22,0.6763476219810168
2,23,0.6830860621297017
2,24,0.832052868307548
2,25,0.7235502723046324
2,26,0.7039746189417461
2,27,0.538813642381266
3,0,23.837311443279596
3,1,23.837311443279596
3,2,0.5290708556108271
3,3,0.0
3,4,23.834627394097623
3,5,23.834627394097623
3,6,23.649417514155974
3,7,23.909553082171037
3,8,23.834627394097623
3,10,23.649417514155974
3,11,23.649417514155974
3,12,23.834627394097623
3,13,23.909553082171037
3,14,23.837311443279596
3,15,23.837311443279596
3,16,23.837311443279596
3,17,23.88438030875744
3,18,2.665881080051504
3,19,3.153152068894415
3,20,0.15459402482015486
3,21,0.10955818424708488
3,22,0.14727676637018977
3,23,0.15401520651887463
3,24,0.30298201269672087
3,25,0.19447941669380536
3,26,1.2330454745525734
3,27,1.0678844979920932
4,0,47.45282246888305
4,1,47.45282246888305
4,2,24.36369824970845
4,3,23.834627394097623
4,4,0.0
4,5,47.45013841970108
4,6,47.484044908253594
4,7,47.52506410777449
4,8,47.45013841970108
4,10,47.484044908253594
4,11,47.484044908253594
4,12,47.45013841970108
4,13,47.52506410777449
4,14,47.45282246888305
4,15,47.45282246888305
4,16,47.45282246888305
4,17,47.499891334360896
4,18,26.49452213699731
4,19,26.981793125840223
4,20,23.77010505042361
4,21,23.72506920985054
4,22,23.762787791973643
4,23,23.769526232122328
4,24,23.918493038300173
4,25,23.80999044229726
4,26,25.06168653149838
4,27,24.902511892089716
5,0,47.45282246888305
5,1,47.45282246888305
5,2,24.36369824970845
5,3,23.834627394097623
5,4,47.45013841970108
5,5,0.0
5,6,47.484044908253594
5,7,47.52506410777449
5,8,47.45013841970108
5,10,47.484044908253594
5,11,47.484044908253594
5,12,47.45013841970108
5,13,47.52506410777449
5,14,47.45282246888305
5,15,47.45282246888305
5,16,47.45282246888305
5,17,47.499891334360896
5,18,26.49452213699731
5,19,26.981793125840223
5,20,23.77010505042361
5,21,23.72506920985054
5,22,23.762787791973643
5,23,23.769526232122328
5,24,23.918493038300173
5,25,23.80999044229726
5,26,25.06168653149838
5,27,24.902511892089716
6,0,47.486728957435574
6,1,47.486728957435574
6,2,24.1784883697668
6,3,23.649417514155974
6,4,47.484044908253594
6,5,47.484044908253594
6,6,0.0
6,7,47.558970596327015
6,8,47.484044908253594
6,10,47.29883502831195
6,11,47.29883502831195
6,12,47.484044908253594
6,13,47.558970596327015
6,14,47.486728957435574
6,15,47.486728957435574
6,16,47.486728957435574
6,17,47.533797822913414
6,18,26.315298594207476
6,19,26.80256958305039
6,20,23.80401153897613
6,21,23.75897569840306
6,22,23.796694280526165
6,23,23.80343272067485
6,24,23.952399526852695
6,25,23.84389693084978
6,26,24.882462988708546
6,27,24.717302012148068
7,0,47.52774815695646
7,1,47.52774815695646
7,2,24.438623937781863
7,3,23.909553082171037
7,4,47.52506410777449
7,5,47.52506410777449
7,6,47.558970596327015
7,7,0.0
7,8,47.52506410777449
7,10,47.558970596327015
7,11,47.558970596327015
7,12,47.52506410777449
7,13,47.511075751304325
7,14,47.52774815695646
7,15,47.52774815695646
7,16,47.52774815695646
7,17,47.5748170224343
7,18,26.569447825070725
7,19,27.056718813913637
7,20,23.845030738497023
7,21,23.799994897923952
7,22,23.837713480047057
7,23,23.755537875652163
7,24,23.993418726373587
7,25,23.884916130370673
7,26,25.136612219571795
7,27,24.97743758016313
8,0,47.45282246888305
8,1,47.45282246888305
8,2,24.36369824970845
8,3,23.834627394097623
8,4,47.45013841970108
8,5,47.45013841970108
8,6,47.484044908253594
8,7,47.52506410777449
8,8,0.0
8,10,47.484044908253594
8,11,47.484044908253594
8,12,47.45013841970108
8,13,47.52506410777449
8,14,47.45282246888305
8,15,47.45282246888305
8,16,47.45282246888305
8,17,47.499891334360896
8,18,26.49452213699731
8,19,26.981793125840223
8,20,23.77010505042361
8,21,23.72506920985054
8,22,23.762787791973643
8,23,23.769526232122328
8,24,23.918493038300173
8,25,23.80999044229726
8,26,25.06168653149838
8,27,24.902511892089716
10,0,47.486728957435574
10,1,47.486728957435574
10,2,24.1784883697668
10,3,23.649417514155974
10,4,47.484044908253594
10,5,47.484044908253594
10,6,47.29883502831195
10,7,47.558970596327015
10,8,47.484044908253594
10,10,0.0
10,11,47.29883502831195
10,12,47.484044908253594
10,13,47.558970596327015
10,14,47.486728957435574
10,15,47.486728957435574
10,16,47.486728957435574
10,17,47.533797822913414
10,18,26.315298594207476
10,19,26.80256958305039
10,20,23.80401153897613
10,21,23.75897569840306
10,22,23.796694280526165
10,23,23.80343272067485
10,24,23.952399526852695
10,25,23.84389693084978
10,26,24.882462988708546
10,27,24.717302012148068
11,0,47.486728957435574
11,1,47.486728957435574
11,2,24.1784883697668
11,3,23.649417514155974
11,4,47.484044908253594
11,5,47.484044908253594
11,6,47.29883502831195
11,7,47.558970596327015
11,8,47.484044908253594
11,10,47.29883502831195
11,11,0.0
11,12,47.484044908253594
11,13,47.558970596327015
11,14,47.486728957435574
11,15,47.486728957435574
11,16,47.486728957435574
11,17,47.533797822913414
11,18,26.315298594207476
11,19,26.80256958305039
11,20,23.80401153897613
11,21,23.75897569840306
11,22,23.796694280526165
11,23,23.80343272067485
11,24,23.952399526852695
11,25,23.84389693084978
11,26,24.882462988708546
11,27,24.717302012148068
12,0,47.45282246888305
12,1,47.45282246888305
12,2,24.36369824970845
12,3,23.834627394097623
12,4,47.45013841970108
12,5,47.45013841970108
12,6,47.484044908253594
12,7,47.52506410777449
12,8,47.45013841970108
12,10,47.484044908253594
12,11,47.484044908253594
12,12,0.0
12,13,47.52506410777449
12,14,47.45282246888305
12,15,47.45282246888305
12,16,47.45282246888305
12,17,47.499891334360896
12,18,26.49452213699731
12,19,26.981793125840223
12,20,23.77010505042361
12,21,23.72506920985054
12,22,23.762787791973643
12,23,23.769526232122328
12,24,23.918493038300173
12,25,23.80999044229726
12,26,25.06168653149838
12,27,24.902511892089716
13,0,47.52774815695646
13,1,47.52774815695646
13,2,24.438623937781863
13,3,23.909553082171037
13,4,47.52506410777449
13,5,47.52506410777449
13,6,47.558970596327015
13,7,47.511075751304325
13,8,47.52506410777449
13,10,47.558970596327015
13,11,47.558970596327015
13,12,47.52506410777449
13,13,0.0
13,14,47.52774815695646
13,15,47.52774815695646
13,16,47.52774815695646
13,17,47.5748170224343
13,18,26.569447825070725
13,19,27.056718813913637
13,20,23.845030738497023
13,21,23.799994897923952
13,22,23.837713480047057
13,23,23.755537875652163
13,24,23.993418726373587
13,25,23.884916130370673
13,26,25.136612219571795
13,27,24.97743758016313
14,0,47.36543483691888
14,1,47.36543483691888
14,2,24.36638229889042
14,3,23.837311443279596
14,4,47.45282246888305
14,5,47.45282246888305
14,6,47.486728957435574
14,7,47.52774815695646
14,8,47.45282246888305
14,10,47.486728957435574
14,11,47.486728957435574
14,12,47.45282246888305
14,13,47.52774815695646
14,14,0.0
14,15,0.0
14,16,0.0
14,17,47.50257538354286
14,18,26.497206186179284
14,19,26.984477175022196
14,20,23.68271741845944
14,21,23.72775325903251
14,22,23.765471841155616
14,23,23.7722102813043
14,24,23.921177087482146
14,25,23.812674491479232
14,26,25.064370580680354
14,27,24.90519594127169
15,0,47.36543483691888
15,1,47.36543483691888
15,2,24.36638229889042
15,3,23.837311443279596
15,4,47.45282246888305
15,5,47.45282246888305
15,6,47.486728957435574
15,7,47.52774815695646
15,8,47.45282246888305
15,10,47.486728957435574
15,11,47.486728957435574
15,12,47.45282246888305
15,13,47.52774815695646
15,14,0.0
15,15,0.0
15,16,0.0
15,17,47.50257538354286
15,18,26.497206186179284
15,19,26.984477175022196
15,20,23.68271741845944
15,21,23.72775325903251
15,22,23.765471841155616
15,23,23.7722102813043
15,24,23.921177087482146
15,25,23.812674491479232
15,26,25.064370580680354
15,27,24.90519594127169
16,0,47.36543483691888
16,1,47.36543483691888
16,2,24.36638229889042
16,3,23.837311443279596
16,4,47.45282246888305
16,5,47.45282246888305
16,6,47.486728957435574
16,7,47.52774815695646
16,8,47.45282246888305
16,10,47.486728957435574
16,11,47.486728957435574
16,12,47.45282246888305
16,13,47.52774815695646
16,14,0.0
16,15,0.0
16,16,0.0
16,17,47.50257538354286
16,18,26.497206186179284
16,19,26.984477175022196
16,20,23.68271741845944
16,21,23.72775325903251
16,22,23.765471841155616
16,23,23.7722102813043
16,24,23.921177087482146
16,25,23.812674491479232
16,26,25.064370580680354
16,27,24.90519594127169
17,0,47.50257538354286
17,1,47.50257538354286
17,2,24.41345116436827
17,3,23.88438030875744
17,4,47.499891334360896
17,5,47.499891334360896
17,6,47.533797822913414
17,7,47.5748170224343
17,8,47.499891334360896
17,10,47.533797822913414
17,11,47.533797822913414
17,12,47.499891334360896
17,13,47.5748170224343
17,14,47.50257538354286
17,15,47.50257538354286
17,16,47.50257538354286
17,17,0.0
17,18,26.544275051657127
17,19,27.03154604050004
17,20,23.819857965083425
17,21,23.774822124510354
17,22,23.81254070663346
17,23,23.819279146782144
17,24,23.58139829606072
17,25,23.859743356957075
17,26,25.111439446158197
17,27,24.952264806749533
18,0,26.497206186179284
18,1,26.497206186179284
18,2,2.1368102244406764
18,3,2.665881080051504
18,4,26.49452213699731
18,5,26.49452213699731
18,6,26.315298594207476
18,7,26.569447825070725
18,8,26.49452213699731
18,10,26.315298594207476
18,11,26.315298594207476
18,12,26.49452213699731
18,13,26.569447825070725
18,14,26.497206186179284
18,15,26.497206186179284
18,16,26.497206186179284
18,17,26.544275051657127
18,18,0.0
18,19,0.4872709888429112
18,20,2.8144887677198422
18,21,2.7694529271467725
18,22,2.8071715092698772
18,23,2.813909949418562
18,24,2.962876755596408
18,25,2.684531694700052
18,26,1.4328356054989304
18,27,1.5979965820594106
19,0,26.984477175022196
19,1,26.984477175022196
19,2,2.6240812132835876
19,3,3.153152068894415
19,4,26.981793125840223
19,5,26.981793125840223
19,6,26.80256958305039
19,7,27.056718813913637
19,8,26.981793125840223
19,10,26.80256958305039
19,11,26.80256958305039
19,12,26.981793125840223
19,13,27.056718813913637
19,14,26.984477175022196
19,15,26.984477175022196
19,16,26.984477175022196
19,17,27.03154604050004
19,18,0.4872709888429112
19,19,0.0
19,20,3.3017597565627534
19,21,3.2567239159896837
19,22,3.2944424981127884
19,23,3.3011809382614734
19,24,3.4501477444393194
19,25,3.171802683542963
19,26,1.9201065943418416
19,27,2.085267570902322
20,0,23.68271741845944
20,1,23.68271741845944
20,2,0.683664880430982
20,3,0.15459402482015486
20,4,23.77010505042361
20,5,23.77010505042361
20,6,23.80401153897613
20,7,23.845030738497023
20,8,23.77010505042361
20,10,23.80401153897613
20,11,23.80401153897613
20,12,23.77010505042361
20,13,23.845030738497023
20,14,23.68271741845944
20,15,23.68271741845944
20,16,23.68271741845944
20,17,23.819857965083425
20,18,2.8144887677198422
20,19,3.3017597565627534
20,20,0.0
20,21,0.045035840573069974
20,22,0.08275442269617488
20,23,0.08949286284485972
20,24,0.238459669022706
20,25,0.12995707301979043
20,26,1.3816531622209118
20,27,1.2224785228122481
21,0,23.72775325903251
21,1,23.72775325903251
21,2,0.638629039857912
21,3,0.10955818424708488
21,4,23.72506920985054
21,5,23.72506920985054
21,6,23.75897569840306
21,7,23.799994897923952
21,8,23.72506920985054
21,10,23.75897569840306
21,11,23.75897569840306
21,12,23.72506920985054
21,13,23.799994897923952
21,14,23.72775325903251
21,15,23.72775325903251
21,16,23.72775325903251
21,17,23.774822124510354
21,18,2.7694529271467725
21,19,3.2567239159896837
21,20,0.045035840573069974
21,21,0.0
21,22,0.0377185821231049
21,23,0.04445702227178974
21,24,0.19342382844963601
21,25,0.08492123244672047
21,26,1.336617321647842
21,27,1.1774426822391781
22,0,23.765471841155616
22,1,23.765471841155616
22,2,0.6763476219810168
22,3,0.14727676637018977
22,4,23.762787791973643
22,5,23.762787791973643
22,6,23.796694280526165
22,7,23.837713480047057
22,8,23.762787791973643
22,10,23.796694280526165
22,11,23.796694280526165
22,12,23.762787791973643
22,13,23.837713480047057
22,14,23.765471841155616
22,15,23.765471841155616
22,16,23.765471841155616
22,17,23.81254070663346
22,18,2.8071715092698772
22,19,3.2944424981127884
22,20,0.08275442269617488
22,21,0.0377185821231049
22,22,0.0
22,23,0.08217560439489464
22,24,0.23114241057274093
22,25,0.12263981456982537
22,26,1.3743359037709468
22,27,1.2151612643622831
23,0,23.7722102813043
23,1,23.7722102813043
23,2,0.6830860621297017
23,3,0.15401520651887463
23,4,23.769526232122328
23,5,23.769526232122328
23,6,23.80343272067485
23,7,23.755537875652163
23,8,23.769526232122328
23,10,23.80343272067485
23,11,23.80343272067485
23,12,23.769526232122328
23,13,23.755537875652163
23,14,23.7722102813043
23,15,23.7722102813043
23,16,23.7722102813043
23,17,23.819279146782144
23,18,2.813909949418562
23,19,3.3011809382614734
23,20,0.08949286284485972
23,21,0.04445702227178974
23,22,0.08217560439489464
23,23,0.0
23,24,0.23788085072142576
23,25,0.12937825471851022
23,26,1.3810743439196318
23,27,1.2218997045109679
24,0,23.921177087482146
24,1,23.921177087482146
24,2,0.832052868307548
24,3,0.30298201269672087
24,4,23.918493038300173
24,5,23.918493038300173
24,6,23.952399526852695
24,7,23.993418726373587
24,8,23.918493038300173
24,10,23.952399526852695
24,11,23.952399526852695
24,12,23.918493038300173
24,13,23.993418726373587
24,14,23.921177087482146
24,15,23.921177087482146
24,16,23.921177087482146
24,17,23.58139829606072
24,18,2.962876755596408
24,19,3.4501477444393194
24,20,0.238459669022706
24,21,0.19342382844963601
24,22,0.23114241057274093
24,23,0.23788085072142576
24,24,0.0
24,25,0.27834506089635647
24,26,1.530041150097478
24,27,1.3708665106888143
25,0,23.812674491479232
25,1,23.812674491479232
25,2,0.7235502723046324
25,3,0.19447941669380536
25,4,23.80999044229726
25,5,23.80999044229726
25,6,23.84389693084978
25,7,23.884916130370673
25,8,23.80999044229726
25,10,23.84389693084978
25,11,23.84389693084978
25,12,23.80999044229726
25,13,23.884916130370673
25,14,23.812674491479232
25,15,23.812674491479232
25,16,23.812674491479232
25,17,23.859743356957075
25,18,2.684531694700052
25,19,3.171802683542963
25,20,0.12995707301979043
25,21,0.08492123244672047
25,22,0.12263981456982537
25,23,0.12937825471851022
25,24,0.27834506089635647
25,25,0.0
25,26,1.2516960892011215
25,27,1.2623639146858987
26,0,25.064370580680354
26,1,25.064370580680354
26,2,0.7039746189417461
26,3,1.2330454745525734
26,4,25.06168653149838
26,5,25.06168653149838
26,6,24.882462988708546
26,7,25.136612219571795
26,8,25.06168653149838
26,10,24.882462988708546
26,11,24.882462988708546
26,12,25.06168653149838
26,13,25.136612219571795
26,14,25.064370580680354
26,15,25.064370580680354
26,16,25.064370580680354
26,17,25.111439446158197
26,18,1.4328356054989304
26,19,1.9201065943418416
26,20,1.3816531622209118
26,21,1.336617321647842
26,22,1.3743359037709468
26,23,1.3810743439196318
26,24,1.530041150097478
26,25,1.2516960892011215
26,26,0.0
26,27,0.16516097656048015
27,0,24.90519594127169
27,1,24.90519594127169
27,2,0.538813642381266
27,3,1.0678844979920932
27,4,24.902511892089716
27,5,24.902511892089716
27,6,24.717302012148068
27,7,24.97743758016313
27,8,24.902511892089716
27,10,24.717302012148068
27,11,24.717302012148068
27,12,24.902511892089716
27,13,24.97743758016313
27,14,24.90519594127169
27,15,24.90519594127169
27,16,24.90519594127169
27,17,24.952264806749533
27,18,1.5979965820594106
27,19,2.085267570902322
27,20,1.2224785228122481
27,21,1.1774426822391781
27,22,1.2151612643622831
27,23,1.2218997045109679
27,24,1.3708665106888143
27,25,1.2623639146858987
27,26,0.16516097656048015
27,27,0.0
