source_id,target_id,rtt
0,0,0.0
0,1,44.658631574534176
0,2,0.0
0,3,0.0
0,4,44.658631574534176
0,5,0.0
0,6,49.053156514938784
0,7,46.188481424409815
0,8,48.32763369027503
0,9,49.57477739335792
0,10,0.0
0,11,0.0
0,12,51.44670395515913
0,13,46.5222104683238
0,14,52.623088602223376
0,15,51.92513460794194
0,16,47.71485672352072
0,17,45.433368949721995
0,18,46.81767862127153
0,19,44.56449722614761
0,20,44.61528287533824
0,21,0.0
0,22,0.0
0,23,0.0
0,24,50.820045805325236
0,25,50.021868586395804
0,26,52.4628574515362
0,27,52.050374893760754
0,28,51.44670395515913
0,30,50.77657266735379
0,32,50.021868586395804
0,33,50.252724046178216
0,34,47.714410083391655
0,35,48.02062689733897
0,36,48.59624766845148
0,37,48.29339915509495
0,38,49.053156514938784
0,39,50.394358940003904
0,40,48.31824552308872
0,41,48.58315530060909
0,42,48.86070862859648
0,43,48.7714803769136
0,44,0.0
0,47,0.0
0,49,51.44670395515913
0,50,51.23839855588255
0,51,51.137880132966444
0,52,49.78392105235088
0,53,50.305087882148264
1,0,44.658631574534176
1,1,0.0
1,2,44.658631574534176
1,3,44.658631574534176
1,4,0.0
1,5,44.658631574534176
1,6,5.018903332792924
1,7,1.7626147867656956
1,8,4.122230633209179
1,9,5.117076713895553
1,10,44.658631574534176
1,11,44.658631574534176
1,12,6.97010599865951
1,13,6.465060115371411
1,14,8.125097216676767
1,15,7.274939593425663
1,16,4.7238739289584375
1,17,5.688998610301983
1,18,6.136944228740089
1,19,5.534634058213142
1,20,3.8706609009776725
1,21,44.658631574534176
1,22,44.658631574534176
1,23,44.658631574534176
1,24,6.165703782164155
1,25,5.376388220848118
1,26,7.813076984026107
1,27,7.4209150320194555
1,28,6.97010599865951
1,30,6.639562876088197
1,32,5.376388220848118
1,33,5.793833138465266
1,34,5.079740290127491
1,35,5.920092935249971
1,36,5.375229694248468
1,37,4.171166812009201
1,38,5.018903332792924
1,39,6.104513432785961
1,40,6.579794164286222
1,41,7.838224647807234
1,42,6.902417663643604
1,43,5.9955808175663154
1,44,44.658631574534176
1,47,44.658631574534176
1,49,6.97010599865951
1,50,6.588381907071242
1,51,6.6582979516907805
1,52,5.13104773364984
1,53,5.819568496073571
2,0,0.0
2,1,44.658631574534176
2,2,0.0
2,3,0.0
2,4,44.658631574534176
2,5,0.0
2,6,49.053156514938784
2,7,46.188481424409815
2,8,48.32763369027503
2,9,49.57477739335792
2,10,0.0
2,11,0.0
2,12,51.44670395515913
2,13,46.5222104683238
2,14,52.623088602223376
2,15,51.92513460794194
2,16,47.71485672352072
2,17,45.433368949721995
2,18,46.81767862127153
2,19,44.56449722614761
2,20,44.61528287533824
2,21,0.0
2,22,0.0
2,23,0.0
2,24,50.820045805325236
2,25,50.021868586395804
2,26,52.4628574515362
2,27,52.050374893760754
2,28,51.44670395515913
2,30,50.77657266735379
2,32,50.021868586395804
2,33,50.252724046178216
2,34,47.714410083391655
2,35,48.02062689733897
2,36,48.59624766845148
2,37,48.29339915509495
2,38,49.053156514938784
2,39,50.394358940003904
2,40,48.31824552308872
2,41,48.58315530060909
2,42,48.86070862859648
2,43,48.7714803769136
2,44,0.0
2,47,0.0
2,49,51.44670395515913
2,50,51.23839855588255
2,51,51.137880132966444
2,52,49.78392105235088
2,53,50.305087882148264
3,0,0.0
3,1,44.658631574534176
3,2,0.0
3,3,0.0
3,4,44.658631574534176
3,5,0.0
3,6,49.053156514938784
3,7,46.188481424409815
3,8,48.32763369027503
3,9,49.57477739335792
3,10,0.0
3,11,0.0
3,12,51.44670395515913
3,13,46.5222104683238
3,14,52.623088602223376
3,15,51.92513460794194
3,16,47.71485672352072
3,17,45.433368949721995
3,18,46.81767862127153
3,19,44.56449722614761
3,20,44.61528287533824
3,21,0.0
3,22,0.0
3,23,0.0
3,24,50.820045805325236
3,25,50.021868586395804
3,26,52.4628574515362
3,27,52.050374893760754
3,28,51.44670395515913
3,30,50.77657266735379
3,32,50.021868586395804
3,33,50.252724046178216
3,34,47.714410083391655
3,35,48.02062689733897
3,36,48.59624766845148
3,37,48.29339915509495
3,38,49.053156514938784
3,39,50.394358940003904
3,40,48.31824552308872
3,41,48.58315530060909
3,42,48.86070862859648
3,43,48.7714803769136
3,44,0.0
3,47,0.0
3,49,51.44670395515913
3,50,51.23839855588255
3,51,51.137880132966444
3,52,49.78392105235088
3,53,50.305087882148264
4,0,44.658631574534176
4,1,0.0
4,2,44.658631574534176
4,3,44.658631574534176
4,4,0.0
4,5,44.658631574534176
4,6,5.018903332792924
4,7,1.7626147867656956
4,8,4.122230633209179
4,9,5.117076713895553
4,10,44.658631574534176
4,11,44.658631574534176
4,12,6.97010599865951
4,13,6.465060115371411
4,14,8.125097216676767
4,15,7.274939593425663
4,16,4.7238739289584375
4,17,5.688998610301983
4,18,6.136944228740089
4,19,5.534634058213142
4,20,3.8706609009776725
4,21,44.658631574534176
4,22,44.658631574534176
4,23,44.658631574534176
4,24,6.165703782164155
4,25,5.376388220848118
4,26,7.813076984026107
4,27,7.4209150320194555
4,28,6.97010599865951
4,30,6.639562876088197
4,32,5.376388220848118
4,33,5.793833138465266
4,34,5.079740290127491
4,35,5.920092935249971
4,36,5.375229694248468
4,37,4.171166812009201
4,38,5.018903332792924
4,39,6.104513432785961
4,40,6.579794164286222
4,41,7.838224647807234
4,42,6.902417663643604
4,43,5.9955808175663154
4,44,44.658631574534176
4,47,44.658631574534176
4,49,6.97010599865951
4,50,6.588381907071242
4,51,6.6582979516907805
4,52,5.13104773364984
4,53,5.819568496073571
5,0,0.0
5,1,44.658631574534176
5,2,0.0
5,3,0.0
5,4,44.658631574534176
5,5,0.0
5,6,49.053156514938784
5,7,46.188481424409815
5,8,48.32763369027503
5,9,49.57477739335792
5,10,0.0
5,11,0.0
5,12,51.44670395515913
5,13,46.5222104683238
5,14,52.623088602223376
5,15,51.92513460794194
5,16,47.71485672352072
5,17,45.433368949721995
5,18,46.81767862127153
5,19,44.56449722614761
5,20,44.61528287533824
5,21,0.0
5,22,0.0
5,23,0.0
5,24,50.820045805325236
5,25,50.021868586395804
5,26,52.4628574515362
5,27,52.050374893760754
5,28,51.44670395515913
5,30,50.77657266735379
5,32,50.021868586395804
5,33,50.252724046178216
5,34,47.714410083391655
5,35,48.02062689733897
5,36,48.59624766845148
5,37,48.29339915509495
5,38,49.053156514938784
5,39,50.394358940003904
5,40,48.31824552308872
5,41,48.58315530060909
5,42,48.86070862859648
5,43,48.7714803769136
5,44,0.0
5,47,0.0
5,49,51.44670395515913
5,50,51.23839855588255
5,51,51.137880132966444
5,52,49.78392105235088
5,53,50.305087882148264
6,0,49.053156514938784
6,1,5.018903332792924
6,2,49.053156514938784
6,3,49.053156514938784
6,4,5.018903332792924
6,5,49.053156514938784
6,6,0.0
6,7,4.420810200021361
6,8,0.9111265845559571
6,9,1.1760685555759198
6,10,49.053156514938784
6,11,49.053156514938784
6,12,4.84091890351971
6,13,4.707751039772508
6,14,3.6865398620966237
6,15,3.624680474973289
6,16,1.8326123663578662
6,17,4.978126080307315
6,18,4.152187967069116
6,19,5.589732321364572
6,20,4.717464490605792
6,21,49.053156514938784
6,22,49.053156514938784
6,23,49.053156514938784
6,24,2.91186531416557
6,25,2.3555849162316416
6,26,4.522485601208488
6,27,3.5460668930387067
6,28,4.84091890351971
6,30,5.506095915687312
6,32,2.3555849162316416
6,33,4.278956660499141
6,34,2.1841000915066218
6,35,2.7660922711647453
6,36,1.3706913542633956
6,37,0.8480887566384985
6,38,0.0
6,39,1.3927113352318654
6,40,3.2623765723800373
6,41,4.565956296572253
6,42,3.1806820486422795
6,43,2.0391432572164314
6,44,49.053156514938784
6,47,49.053156514938784
6,49,4.84091890351971
6,50,3.1092852388405032
6,51,4.645221519577076
6,52,2.879126123621648
6,53,1.653612717152251
7,0,46.188481424409815
7,1,1.7626147867656956
7,2,46.188481424409815
7,3,46.188481424409815
7,4,1.7626147867656956
7,5,46.188481424409815
7,6,4.420810200021361
7,7,0.0
7,8,3.5308470756332526
7,9,4.123390575712527
7,10,46.188481424409815
7,11,46.188481424409815
7,12,5.301624113349724
7,13,7.173374899383407
7,14,6.926929561074202
7,15,5.878930554947655
7,16,4.799986982112228
7,17,6.638317951825963
7,18,6.745174217225436
7,19,6.6852202956998195
7,20,5.050464109927109
7,21,46.188481424409815
7,22,46.188481424409815
7,23,46.188481424409815
7,24,4.773576035286686
7,25,4.047096745107748
7,26,6.299097853749527
7,27,6.075720082948237
7,28,5.301624113349724
7,30,4.89038564720937
7,32,4.047096745107748
7,33,4.109821234594653
7,34,5.23993508074223
7,35,6.121704259538854
7,36,5.205424004886149
7,37,3.6469570944903205
7,38,4.420810200021361
7,39,5.188058148199952
7,40,6.789322307668277
7,41,8.14303013876581
7,42,6.989412915113146
7,43,5.922341221245193
7,44,46.188481424409815
7,47,46.188481424409815
7,49,5.301624113349724
7,50,5.206439882221444
7,51,4.989300094118664
7,52,3.6570934084277114
7,53,4.738610499576807
8,0,48.32763369027503
8,1,4.122230633209179
8,2,48.32763369027503
8,3,48.32763369027503
8,4,4.122230633209179
8,5,48.32763369027503
8,6,0.9111265845559571
8,7,3.5308470756332526
8,8,0.0
8,9,1.3415556482040014
8,10,48.32763369027503
8,11,48.32763369027503
8,12,4.779740649639166
8,13,4.834690847192555
8,14,4.309518829731928
8,15,3.9515339715104076
8,16,1.8915529567719713
8,17,4.881514634355931
8,18,4.293059103795435
8,19,5.377210183995794
8,20,4.275339123203109
8,21,48.32763369027503
8,22,48.32763369027503
8,23,48.32763369027503
8,24,3.0408819788335313
8,25,2.3160547981266606
8,26,4.775136831433505
8,27,3.9497792544045427
8,28,4.779740649639166
8,30,5.2469671020264075
8,32,2.3160547981266606
8,33,4.018165465286203
8,34,2.342129636718454
8,35,3.11239824763107
8,36,1.853252605031216
8,37,0.17645577478952834
8,38,0.9111265845559571
8,39,2.0749030867745435
8,40,3.707268141926357
8,41,5.0698033730527525
8,42,3.74425728051048
8,43,2.5956463011169686
8,44,48.32763369027503
8,47,48.32763369027503
8,49,4.779740649639166
8,50,3.3401126002750767
8,51,4.540848293294021
8,52,2.65011925893838
8,53,2.0439926453086588
9,0,49.57477739335792
9,1,5.117076713895553
9,2,49.57477739335792
9,3,49.57477739335792
9,4,5.117076713895553
9,5,49.57477739335792
9,6,1.1760685555759198
9,7,4.123390575712527
9,8,1.3415556482040014
9,9,0.0
9,10,49.57477739335792
9,11,49.57477739335792
9,12,3.6656842438386965
9,13,5.873308369775029
9,14,3.0524990948367963
9,15,2.6134134506775912
9,16,2.9576814362894766
9,17,6.081663036246445
9,18,5.318434640383076
9,19,6.641202329058419
9,20,5.609622495829326
9,21,49.57477739335792
9,22,49.57477739335792
9,23,49.57477739335792
9,24,1.7682566101387764
9,25,1.1818350477222817
9,26,3.4576994693610223
9,27,2.609147343326207
9,28,3.6656842438386965
9,30,4.352649855092271
9,32,1.1818350477222817
9,33,3.134979476246857
9,34,3.3411969485822133
9,35,3.9412298647072186
9,36,2.54355267414799
9,37,1.4455552602615889
9,38,1.1760685555759198
9,39,1.0704137391315454
9,40,4.421538830165026
9,41,5.696985267681735
9,42,4.299889498518818
9,43,3.1825921080829973
9,44,49.57477739335792
9,47,49.57477739335792
9,49,3.6656842438386965
9,50,2.0217506387091784
9,51,3.4694265941194318
9,52,1.7489812331128356
9,53,0.7305907707805708
10,0,0.0
10,1,44.658631574534176
10,2,0.0
10,3,0.0
10,4,44.658631574534176
10,5,0.0
10,6,49.053156514938784
10,7,46.188481424409815
10,8,48.32763369027503
10,9,49.57477739335792
10,10,0.0
10,11,0.0
10,12,51.44670395515913
10,13,46.5222104683238
10,14,52.623088602223376
10,15,51.92513460794194
10,16,47.71485672352072
10,17,45.433368949721995
10,18,46.81767862127153
10,19,44.56449722614761
10,20,44.61528287533824
10,21,0.0
10,22,0.0
10,23,0.0
10,24,50.820045805325236
10,25,50.021868586395804
10,26,52.4628574515362
10,27,52.050374893760754
10,28,51.44670395515913
10,30,50.77657266735379
10,32,50.021868586395804
10,33,50.252724046178216
10,34,47.714410083391655
10,35,48.02062689733897
10,36,48.59624766845148
10,37,48.29339915509495
10,38,49.053156514938784
10,39,50.394358940003904
10,40,48.31824552308872
10,41,48.58315530060909
10,42,48.86070862859648
10,43,48.7714803769136
10,44,0.0
10,47,0.0
10,49,51.44670395515913
10,50,51.23839855588255
10,51,51.137880132966444
10,52,49.78392105235088
10,53,50.305087882148264
11,0,0.0
11,1,44.658631574534176
11,2,0.0
11,3,0.0
11,4,44.658631574534176
11,5,0.0
11,6,49.053156514938784
11,7,46.188481424409815
11,8,48.32763369027503
11,9,49.57477739335792
11,10,0.0
11,11,0.0
11,12,51.44670395515913
11,13,46.5222104683238
11,14,52.623088602223376
11,15,51.92513460794194
11,16,47.71485672352072
11,17,45.433368949721995
11,18,46.81767862127153
11,19,44.56449722614761
11,20,44.61528287533824
11,21,0.0
11,22,0.0
11,23,0.0
11,24,50.820045805325236
11,25,50.021868586395804
11,26,52.4628574515362
11,27,52.050374893760754
11,28,51.44670395515913
11,30,50.77657266735379
11,32,50.021868586395804
11,33,50.252724046178216
11,34,47.714410083391655
11,35,48.02062689733897
11,36,48.59624766845148
11,37,48.29339915509495
11,38,49.053156514938784
11,39,50.394358940003904
11,40,48.31824552308872
11,41,48.58315530060909
11,42,48.86070862859648
11,43,48.7714803769136
11,44,0.0
11,47,0.0
11,49,51.44670395515913
11,50,51.23839855588255
11,51,51.137880132966444
11,52,49.78392105235088
11,53,50.305087882148264
12,0,51.44670395515913
12,1,6.97010599865951
12,2,51.44670395515913
12,3,51.44670395515913
12,4,6.97010599865951
12,5,51.44670395515913
12,6,4.84091890351971
12,7,5.301624113349724
12,8,4.779740649639166
12,9,3.6656842438386965
12,10,51.44670395515913
12,11,51.44670395515913
12,12,0.0
12,13,9.532383728316164
12,14,3.5859982334316705
12,15,2.10497822551795
12,16,6.594598152412403
12,17,9.661030904333112
12,18,8.978649815425252
12,19,10.136706389990957
12,20,8.885265724878284
12,21,51.44670395515913
12,22,51.44670395515913
12,23,51.44670395515913
12,24,2.0090771095656463
12,25,2.498964347311371
12,26,1.6446664580144474
12,27,2.451582002736264
12,28,0.0
12,30,1.2571107780846995
12,32,2.498964347311371
12,33,1.1956367957856346
12,34,6.9978194509527025
12,35,7.601334575283002
12,36,6.202100252617487
12,37,4.936525283829921
12,38,4.84091890351971
12,39,4.010781997742952
12,40,8.051449386693072
12,41,9.268178869280542
12,42,7.87034122840346
12,43,6.802695663522363
12,44,51.44670395515913
12,47,51.44670395515913
12,49,0.0
12,50,2.0377970432948396
12,51,0.3124725160614249
12,52,2.1706050164363258
12,53,3.349751642695641
13,0,46.5222104683238
13,1,6.465060115371411
13,2,46.5222104683238
13,3,46.5222104683238
13,4,6.465060115371411
13,5,46.5222104683238
13,6,4.707751039772508
13,7,7.173374899383407
13,8,4.834690847192555
13,9,5.873308369775029
13,10,46.5222104683238
13,11,46.5222104683238
13,12,9.532383728316164
13,13,0.0
13,14,7.876984294878173
13,15,8.242381928410186
13,16,2.952016492128797
13,17,1.1996212101040489
13,18,0.55572853782844
13,19,2.0356106073777043
13,20,2.9523993282969947
13,21,46.5222104683238
13,22,46.5222104683238
13,23,46.5222104683238
13,24,7.618634653504016
13,25,7.033804286756155
13,26,9.169106018820102
13,27,8.09913674141339
13,28,9.532383728316164
13,30,10.080710042860018
13,32,7.033804286756155
13,33,8.85006951097678
13,34,2.5345905036063447
13,35,2.06718705295596
13,36,3.396694901535769
13,37,4.662801370696109
13,38,4.707751039772508
13,39,5.846144990077303
13,40,1.9803315236201247
13,41,2.1189212639531974
13,42,2.4900681642045837
13,43,2.9990797205940853
13,44,46.5222104683238
13,47,46.5222104683238
13,49,9.532383728316164
13,50,7.792683763799915
13,51,9.31987698515008
13,52,7.46726269717596
13,53,6.323287691604862
14,0,52.623088602223376
14,1,8.125097216676767
14,2,52.623088602223376
14,3,52.623088602223376
14,4,8.125097216676767
14,5,52.623088602223376
14,6,3.6865398620966237
14,7,6.926929561074202
14,8,4.309518829731928
14,9,3.0524990948367963
14,10,52.623088602223376
14,11,52.623088602223376
14,12,3.5859982334316705
14,13,7.876984294878173
14,14,0.0
14,15,1.5038567019641589
14,16,5.3775695347386305
14,17,8.432913517639848
14,18,7.345838942172658
14,19,9.139675702868804
14,20,8.398468113001671
14,21,52.623088602223376
14,22,52.623088602223376
14,23,52.623088602223376
14,24,2.311412066850781
14,25,2.899180479521714
14,26,2.1149044404313573
14,27,1.1577271921385897
14,28,3.5859982334316705
14,30,4.8114135848285695
14,32,2.899180479521714
14,33,4.057835901062068
14,34,5.594648061612397
14,35,5.812757864973288
14,36,4.610372948214672
14,37,4.361621936981918
14,38,3.6865398620966237
14,39,2.2941300521337418
14,40,6.001735746391421
14,41,6.892985879629429
14,42,5.625344235767561
14,43,4.8783464153904035
14,44,52.623088602223376
14,47,52.623088602223376
14,49,3.5859982334316705
14,50,1.9252696469267847
14,51,3.647747485710641
14,52,3.4372757518696075
14,53,2.325092754235538
15,0,51.92513460794194
15,1,7.274939593425663
15,2,51.92513460794194
15,3,51.92513460794194
15,4,7.274939593425663
15,5,51.92513460794194
15,6,3.624680474973289
15,7,5.878930554947655
15,8,3.9515339715104076
15,9,2.6134134506775912
15,10,51.92513460794194
15,11,51.92513460794194
15,12,2.10497822551795
15,13,8.242381928410186
15,14,1.5038567019641589
15,15,0.0
15,16,5.45446192547846
15,17,8.599700026367495
15,18,7.6900131594555114
15,19,9.209998254870081
15,20,8.223028491647849
15,21,51.92513460794194
15,22,51.92513460794194
15,23,51.92513460794194
15,24,1.112080877040231
15,25,1.9035465972903578
15,26,0.9372168567625376
15,27,0.3487690568822063
15,28,2.10497822551795
15,30,3.3122695814936343
15,32,1.9035465972903578
15,33,2.5827747057559507
15,34,5.7748443423661
15,35,6.2004989670598345
15,36,4.848123273413344
15,37,4.058872363980353
15,38,3.624680474973289
15,39,2.4020287822215716
15,40,6.533762226379263
15,41,7.618042994534259
15,42,6.2556746703461075
15,43,5.309326020853859
15,44,51.92513460794194
15,47,51.92513460794194
15,49,2.10497822551795
15,50,0.6868460402587313
15,51,2.1468989378213363
15,52,2.2302036435255923
15,53,1.9744187734299476
16,0,47.71485672352072
16,1,4.7238739289584375
16,2,47.71485672352072
16,3,47.71485672352072
16,4,4.7238739289584375
16,5,47.71485672352072
16,6,1.8326123663578662
16,7,4.799986982112228
16,8,1.8915529567719713
16,9,2.9576814362894766
16,10,47.71485672352072
16,11,47.71485672352072
16,12,6.594598152412403
16,13,2.952016492128797
16,14,5.3775695347386305
16,15,5.45446192547846
16,16,0.0
16,17,3.145789674627105
16,18,2.4054560318823457
16,19,3.7805686975499397
16,20,3.122445167032414
16,21,47.71485672352072
16,22,47.71485672352072
16,23,47.71485672352072
16,24,4.723009869301765
16,25,4.096564102089456
16,26,6.355096060955636
16,27,5.362621875987633
16,28,6.594598152412403
16,30,7.131124575658499
16,32,4.096564102089456
16,33,5.899498133103819
16,34,0.4685409438954519
16,35,1.3322244579445466
16,36,0.8819288693267808
16,37,1.7172272670786404
16,38,1.8326123663578662
16,39,3.1397992841997358
16,40,1.9928869089599595
16,41,3.3593520631627483
16,42,2.210410536224619
16,43,1.2948043456836336
16,44,47.71485672352072
16,47,47.71485672352072
16,49,6.594598152412403
16,50,4.939291998429455
16,51,6.374943592406699
16,52,4.515258693892799
16,53,3.486029593088444
17,0,45.433368949721995
17,1,5.688998610301983
17,2,45.433368949721995
17,3,45.433368949721995
17,4,5.688998610301983
17,5,45.433368949721995
17,6,4.978126080307315
17,7,6.638317951825963
17,8,4.881514634355931
17,9,6.081663036246445
17,10,45.433368949721995
17,11,45.433368949721995
17,12,9.661030904333112
17,13,1.1996212101040489
17,14,8.432913517639848
17,15,8.599700026367495
17,16,3.145789674627105
17,17,0.0
17,18,1.3848497834951656
17,19,0.8707822814107724
17,20,1.920193559372975
17,21,45.433368949721995
17,22,45.433368949721995
17,23,45.433368949721995
17,24,7.849774655156764
17,25,7.182276362975785
17,26,9.500438146582576
17,27,8.501105917707664
17,28,9.661030904333112
17,30,10.067111422008903
17,32,7.182276362975785
17,33,8.856769694553781
17,34,2.84877477665299
17,35,2.739454927064944
17,36,3.825459020621098
17,37,4.724986828491188
17,38,4.978126080307315
17,39,6.260444505289705
17,40,2.9020144524285874
17,41,3.3047312276729
17,42,3.443542644133248
17,43,3.6400607105553373
17,44,45.433368949721995
17,47,45.433368949721995
17,49,9.661030904333112
17,50,8.08112326975025
17,51,9.421326460563515
17,52,7.522254290912071
17,53,6.631704739833582
18,0,46.81767862127153
18,1,6.136944228740089
18,2,46.81767862127153
18,3,46.81767862127153
18,4,6.136944228740089
18,5,46.81767862127153
18,6,4.152187967069116
18,7,6.745174217225436
18,8,4.293059103795435
18,9,5.318434640383076
18,10,46.81767862127153
18,11,46.81767862127153
18,12,8.978649815425252
18,13,0.55572853782844
18,14,7.345838942172658
18,15,7.6900131594555114
18,16,2.4054560318823457
18,17,1.3848497834951656
18,18,0.0
18,19,2.255257123149671
18,20,2.842639604159723
18,21,46.81767862127153
18,22,46.81767862127153
18,23,46.81767862127153
18,24,7.062937762701074
18,25,6.480390160544156
18,26,8.615777566362613
18,27,7.549690661822538
18,28,8.978649815425252
18,30,9.5364816918425
18,32,6.480390160544156
18,33,8.30495389426894
18,34,1.981500650690268
18,35,1.5334511994537596
18,36,2.8429439754193186
18,37,4.1201433692882246
18,38,4.152187967069116
18,39,5.295621025420709
18,40,1.5427815582709647
18,41,2.015625079633245
18,42,2.0776261018866435
18,43,2.4687580187768434
18,44,46.81767862127153
18,47,46.81767862127153
18,49,8.978649815425252
18,50,7.237465550559612
18,51,8.767504610225867
18,52,6.919363659049085
18,53,5.768092043256522
19,0,44.56449722614761
19,1,5.534634058213142
19,2,44.56449722614761
19,3,44.56449722614761
19,4,5.534634058213142
19,5,44.56449722614761
19,6,5.589732321364572
19,7,6.6852202956998195
19,8,5.377210183995794
19,9,6.641202329058419
19,10,44.56449722614761
19,11,44.56449722614761
19,12,10.136706389990957
19,13,2.0356106073777043
19,14,9.139675702868804
19,15,9.209998254870081
19,16,3.7805686975499397
19,17,0.8707822814107724
19,18,2.255257123149671
19,19,0.0
19,20,1.6669012119234417
19,21,44.56449722614761
19,22,44.56449722614761
19,23,44.56449722614761
19,24,8.399442686423104
19,25,7.693264791986036
19,26,10.091124291609463
19,27,9.134717918449496
19,28,10.136706389990957
19,30,10.451983473564017
19,32,7.693264791986036
19,33,9.264693649239842
19,34,3.5486514719568443
19,35,3.555411528358445
19,36,4.534699773586618
19,37,5.233703563261551
19,38,5.589732321364572
19,39,6.920339768164584
19,40,3.7622861209051583
19,41,4.153936783955406
19,42,4.304790919742515
19,43,4.427803543609212
19,44,44.56449722614761
19,47,44.56449722614761
19,49,10.136706389990957
19,50,8.659552867522281
19,51,9.882578272308287
19,52,7.974310324317605
19,53,7.235580386565268
20,0,44.61528287533824
20,1,3.8706609009776725
20,2,44.61528287533824
20,3,44.61528287533824
20,4,3.8706609009776725
20,5,44.61528287533824
20,6,4.717464490605792
20,7,5.050464109927109
20,8,4.275339123203109
20,9,5.609622495829326
20,10,44.61528287533824
20,11,44.61528287533824
20,12,8.885265724878284
20,13,2.9523993282969947
20,14,8.398468113001671
20,15,8.223028491647849
20,16,3.122445167032414
20,17,1.920193559372975
20,18,2.842639604159723
20,19,1.6669012119234417
20,20,0.0
20,21,44.61528287533824
20,22,44.61528287533824
20,23,44.61528287533824
20,24,7.3026950816982845
20,25,6.5397530549489815
20,26,9.04848880590533
20,27,8.202149207079973
20,28,8.885265724878284
20,30,9.069536463264514
20,32,6.5397530549489815
20,33,7.924056848718304
20,34,3.100125861229926
20,35,3.518102994993195
20,36,3.9963290041585475
20,37,4.164195835191129
20,38,4.717464490605792
20,39,6.108447791597979
20,40,3.9837647868327144
20,41,4.843791119733891
20,42,4.489030695772362
20,43,4.170715082356464
20,44,44.61528287533824
20,47,44.61528287533824
20,49,8.885265724878284
20,50,7.614862438001047
20,51,8.611656299972962
20,52,6.716875913248415
20,53,6.279298924065088
21,0,0.0
21,1,44.658631574534176
21,2,0.0
21,3,0.0
21,4,44.658631574534176
21,5,0.0
21,6,49.053156514938784
21,7,46.188481424409815
21,8,48.32763369027503
21,9,49.57477739335792
21,10,0.0
21,11,0.0
21,12,51.44670395515913
21,13,46.5222104683238
21,14,52.623088602223376
21,15,51.92513460794194
21,16,47.71485672352072
21,17,45.433368949721995
21,18,46.81767862127153
21,19,44.56449722614761
21,20,44.61528287533824
21,21,0.0
21,22,0.0
21,23,0.0
21,24,50.820045805325236
21,25,50.021868586395804
21,26,52.4628574515362
21,27,52.050374893760754
21,28,51.44670395515913
21,30,50.77657266735379
21,32,50.021868586395804
21,33,50.252724046178216
21,34,47.714410083391655
21,35,48.02062689733897
21,36,48.59624766845148
21,37,48.29339915509495
21,38,49.053156514938784
21,39,50.394358940003904
21,40,48.31824552308872
21,41,48.58315530060909
21,42,48.86070862859648
21,43,48.7714803769136
21,44,0.0
21,47,0.0
21,49,51.44670395515913
21,50,51.23839855588255
21,51,51.137880132966444
21,52,49.78392105235088
21,53,50.305087882148264
22,0,0.0
22,1,44.658631574534176
22,2,0.0
22,3,0.0
22,4,44.658631574534176
22,5,0.0
22,6,49.053156514938784
22,7,46.188481424409815
22,8,48.32763369027503
22,9,49.57477739335792
22,10,0.0
22,11,0.0
22,12,51.44670395515913
22,13,46.5222104683238
22,14,52.623088602223376
22,15,51.92513460794194
22,16,47.71485672352072
22,17,45.433368949721995
22,18,46.81767862127153
22,19,44.56449722614761
22,20,44.61528287533824
22,21,0.0
22,22,0.0
22,23,0.0
22,24,50.820045805325236
22,25,50.021868586395804
22,26,52.4628574515362
22,27,52.050374893760754
22,28,51.44670395515913
22,30,50.77657266735379
22,32,50.021868586395804
22,33,50.252724046178216
22,34,47.714410083391655
22,35,48.02062689733897
22,36,48.59624766845148
22,37,48.29339915509495
22,38,49.053156514938784
22,39,50.394358940003904
22,40,48.31824552308872
22,41,48.58315530060909
22,42,48.86070862859648
22,43,48.7714803769136
22,44,0.0
22,47,0.0
22,49,51.44670395515913
22,50,51.23839855588255
22,51,51.137880132966444
22,52,49.78392105235088
22,53,50.305087882148264
23,0,0.0
23,1,44.658631574534176
23,2,0.0
23,3,0.0
23,4,44.658631574534176
23,5,0.0
23,6,49.053156514938784
23,7,46.188481424409815
23,8,48.32763369027503
23,9,49.57477739335792
23,10,0.0
23,11,0.0
23,12,51.44670395515913
23,13,46.5222104683238
23,14,52.623088602223376
23,15,51.92513460794194
23,16,47.71485672352072
23,17,45.433368949721995
23,18,46.81767862127153
23,19,44.56449722614761
23,20,44.61528287533824
23,21,0.0
23,22,0.0
23,23,0.0
23,24,50.820045805325236
23,25,50.021868586395804
23,26,52.4628574515362
23,27,52.050374893760754
23,28,51.44670395515913
23,30,50.77657266735379
23,32,50.021868586395804
23,33,50.252724046178216
23,34,47.714410083391655
23,35,48.02062689733897
23,36,48.59624766845148
23,37,48.29339915509495
23,38,49.053156514938784
23,39,50.394358940003904
23,40,48.31824552308872
23,41,48.58315530060909
23,42,48.86070862859648
23,43,48.7714803769136
23,44,0.0
23,47,0.0
23,49,51.44670395515913
23,50,51.23839855588255
23,51,51.137880132966444
23,52,49.78392105235088
23,53,50.305087882148264
24,0,50.820045805325236
24,1,6.165703782164155
24,2,50.820045805325236
24,3,50.820045805325236
24,4,6.165703782164155
24,5,50.820045805325236
24,6,2.91186531416557
24,7,4.773576035286686
24,8,3.0408819788335313
24,9,1.7682566101387764
24,10,50.820045805325236
24,11,50.820045805325236
24,12,2.0090771095656463
24,13,7.618634653504016
24,14,2.311412066850781
24,15,1.112080877040231
24,16,4.723009869301765
24,17,7.849774655156764
24,18,7.062937762701074
24,19,8.399442686423104
24,20,7.3026950816982845
24,21,50.820045805325236
24,22,50.820045805325236
24,23,50.820045805325236
24,24,0.0
24,25,0.8131110769014634
24,26,1.7617275506966406
24,27,1.30916563885529
24,28,2.0090771095656463
24,30,2.9578273324169624
24,32,0.8131110769014634
24,33,1.914820805272971
24,34,5.094946961551863
24,35,5.640447294749535
24,36,4.245259114234149
24,37,3.172275896169819
24,38,2.91186531416557
24,39,2.0044213157261677
24,40,6.063174982563338
24,41,7.262388588756997
24,42,5.866188677603089
24,43,4.814324058690221
24,44,50.820045805325236
24,47,50.820045805325236
24,49,2.0090771095656463
24,50,0.43300259236939637
24,51,1.8840078328260597
24,52,1.1487299197725522
24,53,1.344694618553099
25,0,50.021868586395804
25,1,5.376388220848118
25,2,50.021868586395804
25,3,50.021868586395804
25,4,5.376388220848118
25,5,50.021868586395804
25,6,2.3555849162316416
25,7,4.047096745107748
25,8,2.3160547981266606
25,9,1.1818350477222817
25,10,50.021868586395804
25,11,50.021868586395804
25,12,2.498964347311371
25,13,7.033804286756155
25,14,2.899180479521714
25,15,1.9035465972903578
25,16,4.096564102089456
25,17,7.182276362975785
25,18,6.480390160544156
25,19,7.693264791986036
25,20,6.5397530549489815
25,21,50.021868586395804
25,22,50.021868586395804
25,23,50.021868586395804
25,24,0.8131110769014634
25,25,0.0
25,26,2.565472872917363
25,27,2.048866974923166
25,28,2.498964347311371
25,30,3.1850053777476925
25,32,0.0
25,33,1.9854315511509812
25,34,4.499218054588518
25,35,5.1216713418962145
25,36,3.7249073376050386
25,37,2.4626688680279196
25,38,2.3555849162316416
25,39,1.830305503920282
25,40,5.601862734729216
25,41,6.866432011332297
25,42,5.466985852375949
25,43,4.360171658355978
25,44,50.021868586395804
25,47,50.021868586395804
25,49,2.498964347311371
25,50,1.2173482470843557
25,51,2.2912273812634476
25,52,0.6891867952766513
25,53,1.1165272283872227
26,0,52.4628574515362
26,1,7.813076984026107
26,2,52.4628574515362
26,3,52.4628574515362
26,4,7.813076984026107
26,5,52.4628574515362
26,6,4.522485601208488
26,7,6.299097853749527
26,8,4.775136831433505
26,9,3.4576994693610223
26,10,52.4628574515362
26,11,52.4628574515362
26,12,1.6446664580144474
26,13,9.169106018820102
26,14,2.1149044404313573
26,15,0.9372168567625376
26,16,6.355096060955636
26,17,9.500438146582576
26,18,8.615777566362613
26,19,10.091124291609463
26,20,9.04848880590533
26,21,52.4628574515362
26,22,52.4628574515362
26,23,52.4628574515362
26,24,1.7617275506966406
26,25,2.565472872917363
26,26,0.0
26,27,1.1702170806191823
26,28,1.6446664580144474
26,30,2.8991363127794614
26,32,2.565472872917363
26,33,2.523592874007789
26,34,6.688490253120125
26,35,7.13253906764139
26,36,5.7728617440337375
26,37,4.8957776232989225
26,38,4.522485601208488
26,39,3.335911615570512
26,40,7.470795626775867
26,41,8.551178434191446
26,42,7.191793769941892
26,43,6.244952840114287
26,44,52.4628574515362
26,47,52.4628574515362
26,49,1.6446664580144474
26,50,1.4366055575238559
26,51,1.8162341432765097
26,52,2.6820417223381408
26,53,2.869367941856864
27,0,52.050374893760754
27,1,7.4209150320194555
27,2,52.050374893760754
27,3,52.050374893760754
27,4,7.4209150320194555
27,5,52.050374893760754
27,6,3.5460668930387067
27,7,6.075720082948237
27,8,3.9497792544045427
27,9,2.609147343326207
27,10,52.050374893760754
27,11,52.050374893760754
27,12,2.451582002736264
27,13,8.09913674141339
27,14,1.1577271921385897
27,15,0.3487690568822063
27,16,5.362621875987633
27,17,8.501105917707664
27,18,7.549690661822538
27,19,9.134717918449496
27,20,8.202149207079973
27,21,52.050374893760754
27,22,52.050374893760754
27,23,52.050374893760754
27,24,1.30916563885529
27,25,2.048866974923166
27,26,1.1702170806191823
27,27,0.0
27,28,2.451582002736264
27,30,3.6610140466567316
27,32,2.048866974923166
27,33,2.912400457439349
27,34,5.661914357634852
27,35,6.044895806446866
27,36,4.715955067221193
27,37,4.044507362743989
27,38,3.5460668930387067
27,39,2.2553348768118773
27,40,6.349508246923133
27,41,7.398314108002548
27,42,6.050273259179981
27,43,5.139535065787308
27,44,52.050374893760754
27,47,52.050374893760754
27,49,2.451582002736264
27,50,0.8788054540682948
27,51,2.495570713644464
27,52,2.4553934553850723
27,53,1.9233069514386525
28,0,51.44670395515913
28,1,6.97010599865951
28,2,51.44670395515913
28,3,51.44670395515913
28,4,6.97010599865951
28,5,51.44670395515913
28,6,4.84091890351971
28,7,5.301624113349724
28,8,4.779740649639166
28,9,3.6656842438386965
28,10,51.44670395515913
28,11,51.44670395515913
28,12,0.0
28,13,9.532383728316164
28,14,3.5859982334316705
28,15,2.10497822551795
28,16,6.594598152412403
28,17,9.661030904333112
28,18,8.978649815425252
28,19,10.136706389990957
28,20,8.885265724878284
28,21,51.44670395515913
28,22,51.44670395515913
28,23,51.44670395515913
28,24,2.0090771095656463
28,25,2.498964347311371
28,26,1.6446664580144474
28,27,2.451582002736264
28,28,0.0
28,30,1.2571107780846995
28,32,2.498964347311371
28,33,1.1956367957856346
28,34,6.9978194509527025
28,35,7.601334575283002
28,36,6.202100252617487
28,37,4.936525283829921
28,38,4.84091890351971
28,39,4.010781997742952
28,40,8.051449386693072
28,41,9.268178869280542
28,42,7.87034122840346
28,43,6.802695663522363
28,44,51.44670395515913
28,47,51.44670395515913
28,49,0.0
28,50,2.0377970432948396
28,51,0.3124725160614249
28,52,2.1706050164363258
28,53,3.349751642695641
30,0,50.77657266735379
30,1,6.639562876088197
30,2,50.77657266735379
30,3,50.77657266735379
30,4,6.639562876088197
30,5,50.77657266735379
30,6,5.506095915687312
30,7,4.89038564720937
30,8,5.2469671020264075
30,9,4.352649855092271
30,10,50.77657266735379
30,11,50.77657266735379
30,12,1.2571107780846995
30,13,10.080710042860018
30,14,4.8114135848285695
30,15,3.3122695814936343
30,16,7.131124575658499
30,17,10.067111422008903
30,18,9.5364816918425
30,19,10.451983473564017
30,20,9.069536463264514
30,21,50.77657266735379
30,22,50.77657266735379
30,23,50.77657266735379
30,24,2.9578273324169624
30,25,3.1850053777476925
30,26,2.8991363127794614
30,27,3.6610140466567316
30,28,1.2571107780846995
30,30,0.0
30,32,3.1850053777476925
30,33,1.2332993389343936
30,34,7.567265857616968
30,35,8.257343525196239
30,36,6.873800715314134
30,37,5.418059427867382
30,38,5.506095915687312
30,39,4.919881799358801
30,40,8.76790852858614
30,41,10.048759274191111
30,42,8.650261315609859
30,43,7.534230137934758
30,44,50.77657266735379
30,47,50.77657266735379
30,49,1.2571107780846995
30,50,3.113019891036838
30,51,1.1658843130512355
30,52,2.632380581161892
30,53,4.213545364657086
32,0,50.021868586395804
32,1,5.376388220848118
32,2,50.021868586395804
32,3,50.021868586395804
32,4,5.376388220848118
32,5,50.021868586395804
32,6,2.3555849162316416
32,7,4.047096745107748
32,8,2.3160547981266606
32,9,1.1818350477222817
32,10,50.021868586395804
32,11,50.021868586395804
32,12,2.498964347311371
32,13,7.033804286756155
32,14,2.899180479521714
32,15,1.9035465972903578
32,16,4.096564102089456
32,17,7.182276362975785
32,18,6.480390160544156
32,19,7.693264791986036
32,20,6.5397530549489815
32,21,50.021868586395804
32,22,50.021868586395804
32,23,50.021868586395804
32,24,0.8131110769014634
32,25,0.0
32,26,2.565472872917363
32,27,2.048866974923166
32,28,2.498964347311371
32,30,3.1850053777476925
32,32,0.0
32,33,1.9854315511509812
32,34,4.499218054588518
32,35,5.1216713418962145
32,36,3.7249073376050386
32,37,2.4626688680279196
32,38,2.3555849162316416
32,39,1.830305503920282
32,40,5.601862734729216
32,41,6.866432011332297
32,42,5.466985852375949
32,43,4.360171658355978
32,44,50.021868586395804
32,47,50.021868586395804
32,49,2.498964347311371
32,50,1.2173482470843557
32,51,2.2912273812634476
32,52,0.6891867952766513
32,53,1.1165272283872227
33,0,50.252724046178216
33,1,5.793833138465266
33,2,50.252724046178216
33,3,50.252724046178216
33,4,5.793833138465266
33,5,50.252724046178216
33,6,4.278956660499141
33,7,4.109821234594653
33,8,4.018165465286203
33,9,3.134979476246857
33,10,50.252724046178216
33,11,50.252724046178216
33,12,1.1956367957856346
33,13,8.85006951097678
33,14,4.057835901062068
33,15,2.5827747057559507
33,16,5.899498133103819
33,17,8.856769694553781
33,18,8.30495389426894
33,19,9.264693649239842
33,20,7.924056848718304
33,21,50.252724046178216
33,22,50.252724046178216
33,23,50.252724046178216
33,24,1.914820805272971
33,25,1.9854315511509812
33,26,2.523592874007789
33,27,2.912400457439349
33,28,1.1956367957856346
33,30,1.2332993389343936
33,32,1.9854315511509812
33,33,0.0
33,34,6.3343917250547745
33,35,7.025550212451556
33,36,5.644544792956706
33,37,4.1883015447207885
33,38,4.278956660499141
33,39,3.775203686487098
33,40,7.5413297413158
33,41,8.831258942459838
33,42,7.4348224657855795
33,43,6.311703149614871
33,44,50.252724046178216
33,47,50.252724046178216
33,49,1.1956367957856346
33,50,2.1812929204768645
33,51,0.8852934783966243
33,52,1.401101956873139
33,53,3.0585494957851322
34,0,47.714410083391655
34,1,5.079740290127491
34,2,47.714410083391655
34,3,47.714410083391655
34,4,5.079740290127491
34,5,47.714410083391655
34,6,2.1841000915066218
34,7,5.23993508074223
34,8,2.342129636718454
34,9,3.3411969485822133
34,10,47.714410083391655
34,11,47.714410083391655
34,12,6.9978194509527025
34,13,2.5345905036063447
34,14,5.594648061612397
34,15,5.7748443423661
34,16,0.4685409438954519
34,17,2.84877477665299
34,18,1.981500650690268
34,19,3.5486514719568443
34,20,3.100125861229926
34,21,47.714410083391655
34,22,47.714410083391655
34,23,47.714410083391655
34,24,5.094946961551863
34,25,4.499218054588518
34,26,6.688490253120125
34,27,5.661914357634852
34,28,6.9978194509527025
34,30,7.567265857616968
34,32,4.499218054588518
34,33,6.3343917250547745
34,34,0.0
34,35,0.8818011434339064
34,36,0.9860522873772545
34,37,2.16639662363631
34,38,2.1841000915066218
34,39,3.4142918889028406
34,40,1.550851016554624
34,41,2.906262191491964
34,42,1.8227820713808587
34,43,1.092429907464353
34,44,47.714410083391655
34,47,47.714410083391655
34,49,6.9978194509527025
34,50,5.288435995783491
34,51,6.786015978552755
34,52,4.943596263727133
34,53,3.8231023083878486
35,0,48.02062689733897
35,1,5.920092935249971
35,2,48.02062689733897
35,3,48.02062689733897
35,4,5.920092935249971
35,5,48.02062689733897
35,6,2.7660922711647453
35,7,6.121704259538854
35,8,3.11239824763107
35,9,3.9412298647072186
35,10,48.02062689733897
35,11,48.02062689733897
35,12,7.601334575283002
35,13,2.06718705295596
35,14,5.812757864973288
35,15,6.2004989670598345
35,16,1.3322244579445466
35,17,2.739454927064944
35,18,1.5334511994537596
35,19,3.555411528358445
35,20,3.518102994993195
35,21,48.02062689733897
35,22,48.02062689733897
35,23,48.02062689733897
35,24,5.640447294749535
35,25,5.1216713418962145
35,26,7.13253906764139
35,27,6.044895806446866
35,28,7.601334575283002
35,30,8.257343525196239
35,32,5.1216713418962145
35,33,7.025550212451556
35,34,0.8818011434339064
35,35,0.0
35,36,1.3992350621695349
35,37,2.9364288515143966
35,38,2.7660922711647453
35,39,3.798817704329721
35,40,0.6707027898942768
35,41,2.027330720518179
35,42,1.0242994611204332
35,43,0.9353938203327704
35,44,48.02062689733897
35,47,48.02062689733897
35,49,7.601334575283002
35,50,5.781639562607206
35,51,7.410591580238727
35,52,5.62499150658113
35,53,4.316945892159848
36,0,48.59624766845148
36,1,5.375229694248468
36,2,48.59624766845148
36,3,48.59624766845148
36,4,5.375229694248468
36,5,48.59624766845148
36,6,1.3706913542633956
36,7,5.205424004886149
36,8,1.853252605031216
36,9,2.54355267414799
36,10,48.59624766845148
36,11,48.59624766845148
36,12,6.202100252617487
36,13,3.396694901535769
36,14,4.610372948214672
36,15,4.848123273413344
36,16,0.8819288693267808
36,17,3.825459020621098
36,18,2.8429439754193186
36,19,4.534699773586618
36,20,3.9963290041585475
36,21,48.59624766845148
