source_id,target_id,rtt
0,0,0.0
0,1,60.34867523800747
0,2,102.89340791031826
0,3,102.89340791031826
0,4,60.34867523800747
0,5,104.55407829507332
0,6,57.137571189354254
0,7,62.11129002477317
0,8,56.226444604798296
0,9,57.568000253002296
0,10,64.4146404497722
0,11,104.29076072802204
0,12,53.455781064724775
0,13,51.44670395515913
0,14,105.47681678861902
0,15,55.032702188590804
0,16,58.11799756157026
0,17,62.474437070204864
0,18,63.85891191194376
0,19,61.60365478879409
0,20,63.270556000717534
0,21,106.1681520149417
0,22,102.89340791031826
0,23,102.89340791031826
0,24,57.033780794174895
0,25,54.26889214162624
0,26,54.26889214162624
0,27,53.551682180677076
0,28,53.90045123755928
0,29,53.551682180677076
0,31,53.09137041317358
0,34,52.64234075094476
0,35,52.70381473324383
0,36,58.58653850546572
0,37,60.3462692034483
0,38,58.99992643089704
0,39,56.40290037958783
0,40,57.137571189354254
0,41,55.460202380450944
0,42,59.864722969146406
0,43,60.722301471968045
0,44,59.321969742327866
0,45,60.47681326292578
0,46,102.89340791031826
0,48,52.25984696825716
0,49,103.48038740059762
0,51,51.44670395515913
0,52,53.88878365709417
0,53,51.759176471220556
0,54,54.0434427078179
0,55,56.17862924103538
1,0,60.34867523800747
1,1,0.0
1,2,60.34867523800747
1,3,60.34867523800747
1,4,0.0
1,5,52.449864323484206
1,6,5.033357217765136
1,7,1.7626147867656956
1,8,4.122230633209179
1,9,5.463786281413181
1,10,12.310426478183086
1,11,57.48340527382002
1,12,7.163112612042711
1,13,8.901971282848345
1,14,60.20032809702488
1,15,9.7790501910471
1,16,6.01378358998115
1,17,10.370223098615746
1,18,11.754697940354646
1,19,9.499440817204974
1,20,11.166342029128415
1,21,54.06393804335258
1,22,60.34867523800747
1,23,60.34867523800747
1,24,4.929566822585781
1,25,7.461536687424211
1,26,7.461536687424211
1,27,8.275193489082941
1,28,8.623962545965147
1,29,8.275193489082941
1,31,10.546637740862792
1,34,8.173451849020699
1,35,9.404730473309451
1,36,6.482324533876602
1,37,9.248493587326204
1,38,6.895712459307931
1,39,4.298686407998708
1,40,5.033357217765136
1,41,6.197133719983723
1,42,8.76694735302431
1,43,9.624525855845949
1,44,8.22419412620577
1,45,9.379037646803686
1,46,60.34867523800747
1,48,9.715114295946371
1,49,60.18130314066324
1,51,8.901971282848345
1,52,7.596115204412107
1,53,9.21444379890977
1,54,6.77234989214756
1,55,6.9155605805681635
2,0,102.89340791031826
2,1,60.34867523800747
2,2,0.0
2,3,102.89340791031826
2,4,60.34867523800747
2,5,104.55407829507332
2,6,57.137571189354254
2,7,62.11129002477317
2,8,56.226444604798296
2,9,57.568000253002296
2,10,64.4146404497722
2,11,104.29076072802204
2,12,53.455781064724775
2,13,51.44670395515913
2,14,105.47681678861902
2,15,55.032702188590804
2,16,58.11799756157026
2,17,62.474437070204864
2,18,63.85891191194376
2,19,61.60365478879409
2,20,63.270556000717534
2,21,106.1681520149417
2,22,102.89340791031826
2,23,102.89340791031826
2,24,57.033780794174895
2,25,54.26889214162624
2,26,54.26889214162624
2,27,53.551682180677076
2,28,53.90045123755928
2,29,53.551682180677076
2,31,53.09137041317358
2,34,52.64234075094476
2,35,52.70381473324383
2,36,58.58653850546572
2,37,60.3462692034483
2,38,58.99992643089704
2,39,56.40290037958783
2,40,57.137571189354254
2,41,55.460202380450944
2,42,59.864722969146406
2,43,60.722301471968045
2,44,59.321969742327866
2,45,60.47681326292578
2,46,102.89340791031826
2,48,52.25984696825716
2,49,103.48038740059762
2,51,51.44670395515913
2,52,53.88878365709417
2,53,51.759176471220556
2,54,54.0434427078179
2,55,56.17862924103538
3,0,102.89340791031826
3,1,60.34867523800747
3,2,102.89340791031826
3,3,0.0
3,4,60.34867523800747
3,5,104.55407829507332
3,6,57.137571189354254
3,7,62.11129002477317
3,8,56.226444604798296
3,9,57.568000253002296
3,10,64.4146404497722
3,11,104.29076072802204
3,12,53.455781064724775
3,13,51.44670395515913
3,14,105.47681678861902
3,15,55.032702188590804
3,16,58.11799756157026
3,17,62.474437070204864
3,18,63.85891191194376
3,19,61.60365478879409
3,20,63.270556000717534
3,21,106.1681520149417
3,22,102.89340791031826
3,23,102.89340791031826
3,24,57.033780794174895
3,25,54.26889214162624
3,26,54.26889214162624
3,27,53.551682180677076
3,28,53.90045123755928
3,29,53.551682180677076
3,31,53.09137041317358
3,34,52.64234075094476
3,35,52.70381473324383
3,36,58.58653850546572
3,37,60.3462692034483
3,38,58.99992643089704
3,39,56.40290037958783
3,40,57.137571189354254
3,41,55.460202380450944
3,42,59.864722969146406
3,43,60.722301471968045
3,44,59.321969742327866
3,45,60.47681326292578
3,46,102.89340791031826
3,48,52.25984696825716
3,49,103.48038740059762
3,51,51.44670395515913
3,52,53.88878365709417
3,53,51.759176471220556
3,54,54.0434427078179
3,55,56.17862924103538
4,0,60.34867523800747
4,1,0.0
4,2,60.34867523800747
4,3,60.34867523800747
4,4,0.0
4,5,52.449864323484206
4,6,5.033357217765136
4,7,1.7626147867656956
4,8,4.122230633209179
4,9,5.463786281413181
4,10,12.310426478183086
4,11,57.48340527382002
4,12,7.163112612042711
4,13,8.901971282848345
4,14,60.20032809702488
4,15,9.7790501910471
4,16,6.01378358998115
4,17,10.370223098615746
4,18,11.754697940354646
4,19,9.499440817204974
4,20,11.166342029128415
4,21,54.06393804335258
4,22,60.34867523800747
4,23,60.34867523800747
4,24,4.929566822585781
4,25,7.461536687424211
4,26,7.461536687424211
4,27,8.275193489082941
4,28,8.623962545965147
4,29,8.275193489082941
4,31,10.546637740862792
4,34,8.173451849020699
4,35,9.404730473309451
4,36,6.482324533876602
4,37,9.248493587326204
4,38,6.895712459307931
4,39,4.298686407998708
4,40,5.033357217765136
4,41,6.197133719983723
4,42,8.76694735302431
4,43,9.624525855845949
4,44,8.22419412620577
4,45,9.379037646803686
4,46,60.34867523800747
4,48,9.715114295946371
4,49,60.18130314066324
4,51,8.901971282848345
4,52,7.596115204412107
4,53,9.21444379890977
4,54,6.77234989214756
4,55,6.9155605805681635
5,0,104.55407829507332
5,1,52.449864323484206
5,2,104.55407829507332
5,3,104.55407829507332
5,4,52.449864323484206
5,5,0.0
5,6,49.23876027483099
5,7,54.2124791102499
5,8,48.32763369027503
5,9,49.66918933847903
5,10,56.51582953524893
5,11,101.68880833088588
5,12,51.36851566910856
5,13,53.107374339914195
5,14,104.40573115409073
5,15,53.98445324811295
5,16,50.219186647047
5,17,54.5756261556816
5,18,55.96010099742049
5,19,53.70484387427082
5,20,55.37174508619427
5,21,98.26934110041843
5,22,104.55407829507332
5,23,104.55407829507332
5,24,49.13496987965163
5,25,51.666939744490065
5,26,51.666939744490065
5,27,52.48059654614879
5,28,52.82936560303099
5,29,52.48059654614879
5,31,54.75204079792864
5,34,52.37885490608655
5,35,53.6101335303753
5,36,50.68772759094246
5,37,53.45389664439206
5,38,51.10111551637378
5,39,48.50408946506456
5,40,49.23876027483099
5,41,50.40253677704957
5,42,52.972350410090165
5,43,53.829928912911804
5,44,52.429597183271625
5,45,53.58444070386954
5,46,104.55407829507332
5,48,53.92051735301222
5,49,104.3867061977291
5,51,53.107374339914195
5,52,51.80151826147796
5,53,53.41984685597562
5,54,50.97775294921341
5,55,51.12096363763401
6,0,57.137571189354254
6,1,5.033357217765136
6,2,57.137571189354254
6,3,57.137571189354254
6,4,5.033357217765136
6,5,49.23876027483099
6,6,0.0
6,7,6.795972004530832
6,8,0.9111265845559571
6,9,2.2526822327599585
6,10,9.099322429529863
6,11,54.2723012251668
6,12,3.952008563389488
6,13,5.690867234195123
6,14,56.98922404837166
6,15,6.567946142393878
6,16,2.8026795413279286
6,17,7.1591190499625235
6,18,8.543593891701423
6,19,6.288336768551751
6,20,7.955237980475193
6,21,50.85283399469936
6,22,57.137571189354254
6,23,57.137571189354254
6,24,1.718462773932559
6,25,4.250432638770988
6,26,4.250432638770988
6,27,5.064089440429719
6,28,5.412858497311926
6,29,5.064089440429719
6,31,7.33553369220957
6,34,4.962347800367477
6,35,6.1936264246562285
6,36,3.2712204852233806
6,37,6.037389538672981
6,38,3.6846084106547092
6,39,1.0875823593454854
6,40,0.0
6,41,2.986029671330501
6,42,5.555843304371088
6,43,6.413421807192726
6,44,5.0130900775525475
6,45,6.167933598150465
6,46,57.137571189354254
6,48,6.504010247293149
6,49,56.97019909201002
6,51,5.690867234195123
6,52,4.3850111557588844
6,53,6.003339750256548
6,54,3.561245843494337
6,55,3.7044565319149414
7,0,62.11129002477317
7,1,1.7626147867656956
7,2,62.11129002477317
7,3,62.11129002477317
7,4,1.7626147867656956
7,5,54.2124791102499
7,6,6.795972004530832
7,7,0.0
7,8,5.884845419974875
7,9,7.226401068178876
7,10,14.073041264948781
7,11,59.246020060585714
7,12,8.925727398808405
7,13,10.66458606961404
7,14,61.962942883790575
7,15,11.541664977812795
7,16,7.776398376746846
7,17,12.132837885381441
7,18,13.517312727120341
7,19,11.26205560397067
7,20,12.92895681589411
7,21,55.826552830118274
7,22,62.11129002477317
7,23,62.11129002477317
7,24,6.6921816093514765
7,25,9.224151474189906
7,26,9.224151474189906
7,27,10.037808275848636
7,28,10.386577332730843
7,29,10.037808275848636
7,31,12.309252527628487
7,34,9.936066635786394
7,35,11.167345260075146
7,36,8.244939320642297
7,37,11.011108374091899
7,38,8.658327246073627
7,39,6.061301194764403
7,40,6.795972004530832
7,41,7.959748506749419
7,42,10.529562139790006
7,43,11.387140642611644
7,44,9.986808912971465
7,45,11.141652433569382
7,46,62.11129002477317
7,48,11.477729082712067
7,49,61.943917927428934
7,51,10.66458606961404
7,52,9.358729991177801
7,53,10.977058585675465
7,54,8.534964678913255
7,55,8.678175367333859
8,0,56.226444604798296
8,1,4.122230633209179
8,2,56.226444604798296
8,3,56.226444604798296
8,4,4.122230633209179
8,5,48.32763369027503
8,6,0.9111265845559571
8,7,5.884845419974875
8,8,0.0
8,9,1.3415556482040014
8,10,8.188195844973905
8,11,53.36117464061084
8,12,3.0408819788335313
8,13,4.779740649639166
8,14,56.0780974638157
8,15,5.656819557837921
8,16,1.8915529567719713
8,17,6.247992465406567
8,18,7.632467307145466
8,19,5.377210183995794
8,20,7.044111395919236
8,21,49.9417074101434
8,22,56.226444604798296
8,23,56.226444604798296
8,24,0.807336189376602
8,25,3.3393060542150312
8,26,3.3393060542150312
8,27,4.152962855873763
8,28,4.501731912755969
8,29,4.152962855873763
8,31,6.424407107653614
8,34,4.05122121581152
8,35,5.282499840100272
8,36,2.3600939006674233
8,37,5.126262954117024
8,38,2.7734818260987524
8,39,0.17645577478952834
8,40,0.9111265845559571
8,41,2.0749030867745435
8,42,4.644716719815131
8,43,5.502295222636769
8,44,4.101963492996591
8,45,5.256807013594508
8,46,56.226444604798296
8,48,5.592883662737192
8,49,56.05907250745406
8,51,4.779740649639166
8,52,3.4738845712029276
8,53,5.092213165700591
8,54,2.65011925893838
8,55,2.793329947358984
9,0,57.568000253002296
9,1,5.463786281413181
9,2,57.568000253002296
9,3,57.568000253002296
9,4,5.463786281413181
9,5,49.66918933847903
9,6,2.2526822327599585
9,7,7.226401068178876
9,8,1.3415556482040014
9,9,0.0
9,10,9.529751493177907
9,11,54.70273028881484
9,12,4.3824376270375325
9,13,6.121296297843167
9,14,57.4196531120197
9,15,6.998375206041922
9,16,3.233108604975973
9,17,7.589548113610568
9,18,8.974022955349467
9,19,6.718765832199796
9,20,8.385667044123238
9,21,51.2832630583474
9,22,57.568000253002296
9,23,57.568000253002296
9,24,2.1488918375806034
9,25,4.680861702419032
9,26,4.680861702419032
9,27,5.494518504077764
9,28,5.84328756095997
9,29,5.494518504077764
9,31,7.765962755857615
9,34,5.39277686401552
9,35,6.624055488304274
9,36,3.701649548871425
9,37,6.467818602321025
9,38,4.115037474302754
9,39,1.5180114229935298
9,40,2.2526822327599585
9,41,3.416458734978545
9,42,5.986272368019132
9,43,6.84385087084077
9,44,5.443519141200592
9,45,6.598362661798509
9,46,57.568000253002296
9,48,6.934439310941193
9,49,57.40062815565806
9,51,6.121296297843167
9,52,4.815440219406929
9,53,6.433768813904592
9,54,3.9916749071423814
9,55,4.134885595562985
10,0,64.4146404497722
10,1,12.310426478183086
10,2,64.4146404497722
10,3,64.4146404497722
10,4,12.310426478183086
10,5,56.51582953524893
10,6,9.099322429529863
10,7,14.073041264948781
10,8,8.188195844973905
10,9,9.529751493177907
10,10,0.0
10,11,61.549370485584745
10,12,11.229077823807437
10,13,12.96793649461307
10,14,64.26629330878961
10,15,13.845015402811827
10,16,6.59155435852805
10,17,3.681767942388883
10,18,0.55572853782844
10,19,2.810985660978111
10,20,4.477886872901553
10,21,47.37548288712572
10,22,64.4146404497722
10,23,64.4146404497722
10,24,8.995532034350507
10,25,11.527501899188938
10,26,11.527501899188938
10,27,12.341158700847668
10,28,12.689927757729874
10,29,12.341158700847668
10,31,14.612602952627517
10,34,12.239417060785426
10,35,13.470695685074178
10,36,7.060095302423503
10,37,9.826264355873102
10,38,7.473483227854832
10,39,8.364651619763434
10,40,9.099322429529863
10,41,10.263098931748448
10,42,9.344718121571209
10,43,10.202296624392847
10,44,8.801964894752668
10,45,9.956808415350585
10,46,64.4146404497722
10,48,13.781079507711096
10,49,64.24726835242797
10,51,12.96793649461307
10,52,11.662080416176831
10,53,13.280409010674495
10,54,10.838315103912286
10,55,10.981525792332889
11,0,104.29076072802204
11,1,57.48340527382002
11,2,104.29076072802204
11,3,104.29076072802204
11,4,57.48340527382002
11,5,101.68880833088588
11,6,54.2723012251668
11,7,59.246020060585714
11,8,53.36117464061084
11,9,54.70273028881484
11,10,61.549370485584745
11,11,0.0
11,12,50.83497966329727
11,13,52.84405677286291
11,14,103.87219514827945
11,15,53.45091724230166
11,16,55.25272759738281
11,17,59.60916710601741
11,18,60.9936419477563
11,19,58.738384824606634
11,20,60.40528603653007
11,21,103.30288205075425
11,22,104.29076072802204
11,23,104.29076072802204
11,24,54.16851082998744
11,25,50.021868586395804
11,26,50.021868586395804
11,27,51.947060540337496
11,28,52.2958295972197
11,29,51.947060540337496
11,31,54.48872323087736
11,34,52.1121573385456
11,35,53.34343596283435
11,36,55.72126854127826
11,37,57.725467802020795
11,38,56.13465646670959
11,39,53.537630415400365
11,40,54.2723012251668
11,41,52.83940097902344
11,42,57.2439215677189
11,43,58.10150007054054
11,44,56.70116834090036
11,45,57.856011861498274
11,46,104.29076072802204
11,48,53.65719978596094
11,49,104.12000863018814
11,51,52.84405677286291
11,52,51.267982255666666
11,53,53.15652928892434
11,54,50.71105538167246
11,55,53.55782783960788
12,0,53.455781064724775
12,1,7.163112612042711
12,2,53.455781064724775
12,3,53.455781064724775
12,4,7.163112612042711
12,5,51.36851566910856
12,6,3.952008563389488
12,7,8.925727398808405
12,8,3.0408819788335313
12,9,4.3824376270375325
12,10,11.229077823807437
12,11,50.83497966329727
12,12,0.0
12,13,2.0090771095656463
12,14,53.03721548498217
12,15,2.61593757900439
12,16,4.932434935605503
12,17,9.288874444240097
12,18,10.673349285978997
12,19,8.418092162829325
12,20,10.084993374752766
12,21,52.98258938897693
12,22,53.455781064724775
12,23,53.455781064724775
12,24,3.848218168210133
12,25,0.8131110769014634
12,26,0.8131110769014634
12,27,1.112080877040231
12,28,1.4608499339224372
12,29,1.112080877040231
12,31,3.6537435675800936
12,34,2.9033998290512537
12,35,3.2661878876503456
12,36,5.400975879500955
12,37,6.890488138723523
12,38,5.814363804932284
12,39,3.2173377536230596
12,40,3.952008563389488
12,41,2.0044213157261677
12,42,6.40894190442163
12,43,7.266520407243267
12,44,5.866188677603089
12,45,7.021032198201007
12,46,53.455781064724775
12,48,2.8222201226636727
12,49,54.042760555004136
12,51,2.0090771095656463
12,52,0.43300259236939637
12,53,2.321549625627071
12,54,1.5022978721781146
12,55,2.7228481763106083
13,0,51.44670395515913
13,1,8.901971282848345
13,2,51.44670395515913
13,3,51.44670395515913
13,4,8.901971282848345
13,5,53.107374339914195
13,6,5.690867234195123
13,7,10.66458606961404
13,8,4.779740649639166
13,9,6.121296297843167
13,10,12.96793649461307
13,11,52.84405677286291
13,12,2.0090771095656463
13,13,0.0
13,14,54.030112833459896
13,15,3.5859982334316705
13,16,6.671293606411137
13,17,11.027733115045733
13,18,12.41220795678463
13,19,10.15695083363496
13,20,11.823852045558402
13,21,54.72144805978257
13,22,51.44670395515913
13,23,51.44670395515913
13,24,5.587076839015768
13,25,2.82218818646711
13,26,2.82218818646711
13,27,2.10497822551795
13,28,2.4537472824001565
13,29,2.10497822551795
13,31,1.6446664580144474
13,34,1.1956367957856346
13,35,1.2571107780846995
13,36,7.139834550306588
13,37,8.89956524828917
13,38,7.553222475737917
13,39,4.956196424428694
13,40,5.690867234195123
13,41,4.013498425291814
13,42,8.418019013987276
13,43,9.275597516808915
13,44,7.875265787168736
13,45,9.030109307766653
13,46,51.44670395515913
13,48,0.8131430130980262
13,49,52.03368344543849
13,51,0.0
13,52,2.4420797019350426
13,53,0.3124725160614249
13,54,2.5967387526587737
13,55,4.731925285876255
14,0,105.47681678861902
14,1,60.20032809702488
14,2,105.47681678861902
14,3,105.47681678861902
14,4,60.20032809702488
14,5,104.40573115409073
14,6,56.98922404837166
14,7,61.962942883790575
14,8,56.0780974638157
14,9,57.4196531120197
14,10,64.26629330878961
14,11,103.87219514827945
14,12,53.03721548498217
14,13,54.030112833459896
14,14,0.0
14,15,53.4289913099061
14,16,57.969650420587676
14,17,62.32608992922227
14,18,63.71056477096117
14,19,61.455307647811495
14,20,63.12220885973494
14,21,106.0198048739591
14,22,105.47681678861902
14,23,105.47681678861902
14,24,56.88543365319231
14,25,53.850326561883634
14,26,53.850326561883634
14,27,51.92513460794194
14,28,52.27390366482415
14,29,51.92513460794194
14,31,55.67477929147434
14,34,55.22574962924553
14,35,55.28722361154459
14,36,58.43819136448313
14,37,59.927703623705696
14,38,58.851579289914454
14,39,56.25455323860523
14,40,56.98922404837166
14,41,55.04163680070834
14,42,59.4461573894038
14,43,60.30373589222544
14,44,58.90340416258526
14,45,60.058247683183176
14,46,105.47681678861902
14,48,54.843255846557916
14,49,106.06379627889838
14,51,54.030112833459896
14,52,53.47021807735157
14,53,54.342585349521315
14,54,54.53951335716029
14,55,55.76006366129278
15,0,55.032702188590804
15,1,9.7790501910471
15,2,55.032702188590804
15,3,55.032702188590804
15,4,9.7790501910471
15,5,53.98445324811295
15,6,6.567946142393878
15,7,11.541664977812795
15,8,5.656819557837921
15,9,6.998375206041922
15,10,13.845015402811827
15,11,53.45091724230166
15,12,2.61593757900439
15,13,3.5859982334316705
15,14,53.4289913099061
15,15,0.0
15,16,7.548372514609893
15,17,11.904812023244487
15,18,13.289286864983387
15,19,11.034029741833715
15,20,12.700930953757156
15,21,55.59852696798132
15,22,55.032702188590804
15,23,55.032702188590804
15,24,6.464155747214523
15,25,3.429048655905853
15,26,3.429048655905853
15,27,1.5038567019641589
15,28,1.852625758846365
15,29,1.5038567019641589
15,31,5.230664691446118
15,34,4.7816350292173055
15,35,4.84310901151637
15,36,8.016913458505345
15,37,9.506425717727913
15,38,8.430301383936674
15,39,5.83327533262745
15,40,6.567946142393878
15,41,4.620358894730558
15,42,9.02487948342602
15,43,9.882457986247658
15,44,8.48212625660748
15,45,9.636969777205396
15,46,55.032702188590804
15,48,4.399141246529696
15,49,55.619681678870165
15,51,3.5859982334316705
15,52,3.0489401713737863
15,53,3.8984707494930952
15,54,4.118235451182504
15,55,5.338785755314998
16,0,58.11799756157026
16,1,6.01378358998115
16,2,58.11799756157026
16,3,58.11799756157026
16,4,6.01378358998115
16,5,50.219186647047
16,6,2.8026795413279286
16,7,7.776398376746846
16,8,1.8915529567719713
16,9,3.233108604975973
16,10,6.59155435852805
16,11,55.25272759738281
16,12,4.932434935605503
16,13,6.671293606411137
16,14,57.969650420587676
16,15,7.548372514609893
16,16,0.0
16,17,4.651350978960712
16,18,6.0358258206996105
16,19,3.7805686975499397
16,20,5.447469909473382
16,21,48.34506592369755
16,22,58.11799756157026
16,23,58.11799756157026
16,24,2.6988891461485736
16,25,5.230859010987002
16,26,5.230859010987002
16,27,6.044515812645734
16,28,6.393284869527941
16,29,6.044515812645734
16,31,8.315960064425584
16,34,5.942774172583491
16,35,7.1740527968722425
16,36,0.4685409438954519
16,37,3.2347099973450524
16,38,0.8819288693267808
16,39,2.0680087315614997
16,40,2.8026795413279286
16,41,3.966456043546515
16,42,2.753163763043159
16,43,3.610742265864797
16,44,2.210410536224619
16,45,3.365254056822536
16,46,58.11799756157026
16,48,7.484436619509163
16,49,57.95062546422603
16,51,6.671293606411137
16,52,5.365437527974899
16,53,6.983766122472562
16,54,4.541672215710351
16,55,4.684882904130955
17,0,62.474437070204864
17,1,10.370223098615746
17,2,62.474437070204864
17,3,62.474437070204864
17,4,10.370223098615746
17,5,54.5756261556816
17,6,7.1591190499625235
17,7,12.132837885381441
17,8,6.247992465406567
17,9,7.589548113610568
17,10,3.681767942388883
17,11,59.60916710601741
17,12,9.288874444240097
17,13,11.027733115045733
17,14,62.32608992922227
17,15,11.904812023244487
17,16,4.651350978960712
17,17,0.0
17,18,3.1260394045604434
17,19,0.8707822814107724
17,20,2.537683493334214
17,21,45.435279507558384
17,22,62.474437070204864
17,23,62.474437070204864
17,24,7.055328654783168
17,25,9.587298519621598
17,26,9.587298519621598
17,27,10.400955321280328
17,28,10.749724378162535
17,29,10.400955321280328
17,31,12.67239957306018
17,34,10.299213681218086
17,35,11.530492305506838
17,36,5.119891922856164
17,37,7.886060976305764
17,38,5.533279848287493
17,39,6.424448240196095
17,40,7.1591190499625235
17,41,8.32289555218111
17,42,7.404514742003871
17,43,8.26209324482551
17,44,6.86176151518533
17,45,8.016605035783247
17,46,62.474437070204864
17,48,11.840876128143758
17,49,62.30706497286063
17,51,11.027733115045733
17,52,9.721877036609493
17,53,11.340205631107157
17,54,8.898111724344947
17,55,9.04132241276555
18,0,63.85891191194376
18,1,11.754697940354646
18,2,63.85891191194376
18,3,63.85891191194376
18,4,11.754697940354646
18,5,55.96010099742049
18,6,8.543593891701423
18,7,13.517312727120341
18,8,7.632467307145466
18,9,8.974022955349467
18,10,0.55572853782844
18,11,60.9936419477563
18,12,10.673349285978997
18,13,12.41220795678463
18,14,63.71056477096117
18,15,13.289286864983387
18,16,6.0358258206996105
18,17,3.1260394045604434
18,18,0.0
18,19,2.255257123149671
18,20,3.922158335073113
18,21,46.81975434929728
18,22,63.85891191194376
18,23,63.85891191194376
18,24,8.439803496522067
18,25,10.971773361360498
18,26,10.971773361360498
18,27,11.785430163019228
18,28,12.134199219901435
18,29,11.785430163019228
18,31,14.056874414799077
18,34,11.683688522956986
18,35,12.914967147245738
18,36,6.504366764595063
18,37,9.270535818044662
18,38,6.917754690026392
18,39,7.808923081934994
18,40,8.543593891701423
18,41,9.707370393920009
18,42,8.788989583742769
18,43,9.646568086564407
18,44,8.246236356924229
18,45,9.401079877522145
18,46,63.85891191194376
18,48,13.225350969882657
18,49,63.69153981459952
18,51,12.41220795678463
18,52,11.106351878348391
18,53,12.724680472846055
18,54,10.282586566083847
18,55,10.425797254504449
19,0,61.60365478879409
19,1,9.499440817204974
19,2,61.60365478879409
19,3,61.60365478879409
19,4,9.499440817204974
19,5,53.70484387427082
19,6,6.288336768551751
19,7,11.26205560397067
19,8,5.377210183995794
19,9,6.718765832199796
19,10,2.810985660978111
19,11,58.738384824606634
19,12,8.418092162829325
19,13,10.15695083363496
19,14,61.455307647811495
19,15,11.034029741833715
19,16,3.7805686975499397
19,17,0.8707822814107724
19,18,2.255257123149671
19,19,0.0
19,20,1.6669012119234417
19,21,44.56449722614761
19,22,61.60365478879409
19,23,61.60365478879409
19,24,6.184546373372396
19,25,8.716516238210826
19,26,8.716516238210826
19,27,9.530173039869556
19,28,9.878942096751762
19,29,9.530173039869556
19,31,11.801617291649407
19,34,9.428431399807314
19,35,10.659710024096066
19,36,4.249109641445392
19,37,7.015278694894992
19,38,4.662497566876721
19,39,5.553665958785323
19,40,6.288336768551751
19,41,7.452113270770338
19,42,6.533732460593098
19,43,7.391310963414736
19,44,5.990979233774558
19,45,7.1458227543724755
19,46,61.60365478879409
19,48,10.970093846732986
19,49,61.436282691449854
19,51,10.15695083363496
19,52,8.851094755198721
19,53,10.469423349696385
19,54,8.027329442934175
19,55,8.170540131354779
20,0,63.270556000717534
20,1,11.166342029128415
20,2,63.270556000717534
20,3,63.270556000717534
20,4,11.166342029128415
20,5,55.37174508619427
20,6,7.955237980475193
20,7,12.92895681589411
20,8,7.044111395919236
20,9,8.385667044123238
20,10,4.477886872901553
20,11,60.40528603653007
20,12,10.084993374752766
20,13,11.823852045558402
20,14,63.12220885973494
20,15,12.700930953757156
20,16,5.447469909473382
20,17,2.537683493334214
20,18,3.922158335073113
20,19,1.6669012119234417
20,20,0.0
20,21,46.231398438071054
20,22,63.270556000717534
20,23,63.270556000717534
20,24,7.851447585295838
20,25,10.383417450134267
20,26,10.383417450134267
20,27,11.197074251792998
20,28,11.545843308675204
20,29,11.197074251792998
20,31,13.468518503572849
20,34,11.095332611730756
20,35,12.326611236019508
20,36,5.916010853368833
20,37,8.682179906818433
20,38,6.329398778800162
20,39,7.220567170708764
20,40,7.955237980475193
20,41,9.11901448269378
20,42,8.20063367251654
20,43,9.058212175338179
20,44,7.657880445698
20,45,8.812723966295916
20,46,63.270556000717534
20,48,12.636995058656428
20,49,63.10318390337329
20,51,11.823852045558402
20,52,10.517995967122163
20,53,12.136324561619826
20,54,9.694230654857616
20,55,9.83744134327822
21,0,106.1681520149417
21,1,54.06393804335258
21,2,106.1681520149417
21,3,106.1681520149417
21,4,54.06393804335258
21,5,98.26934110041843
21,6,50.85283399469936
21,7,55.826552830118274
21,8,49.9417074101434
21,9,51.2832630583474
21,10,47.37548288712572
21,11,103.30288205075425
21,12,52.98258938897693
21,13,54.72144805978257
21,14,106.0198048739591
21,15,55.59852696798132
21,16,48.34506592369755
21,17,45.435279507558384
21,18,46.81975434929728
21,19,44.56449722614761
21,20,46.231398438071054
21,21,0.0
21,22,106.1681520149417
21,23,106.1681520149417
21,24,50.74904359952001
21,25,53.28101346435844
21,26,53.28101346435844
21,27,54.09467026601716
21,28,54.443439322899366
21,29,54.09467026601716
21,31,56.366114517797016
21,34,53.992928625954924
21,35,55.22420725024367
21,36,48.813606867593
21,37,51.579775921042604
21,38,49.22699479302433
21,39,50.11816318493293
21,40,50.85283399469936
21,41,52.01661049691795
21,42,51.09822968674071
21,43,51.95580818956235
21,44,50.55547645992217
21,45,51.71031998052008
21,46,106.1681520149417
21,48,55.534591072880595
21,49,106.00077991759747
21,51,54.72144805978257
21,52,53.41559198134633
21,53,55.03392057584399
21,54,52.59182666908178
21,55,52.73503735750239
22,0,102.89340791031826
22,1,60.34867523800747
22,2,102.89340791031826
22,3,102.89340791031826
22,4,60.34867523800747
22,5,104.55407829507332
22,6,57.137571189354254
22,7,62.11129002477317
22,8,56.226444604798296
22,9,57.568000253002296
22,10,64.4146404497722
22,11,104.29076072802204
22,12,53.455781064724775
22,13,51.44670395515913
22,14,105.47681678861902
22,15,55.032702188590804
22,16,58.11799756157026
22,17,62.474437070204864
22,18,63.85891191194376
22,19,61.60365478879409
22,20,63.270556000717534
22,21,106.1681520149417
22,22,0.0
22,23,102.89340791031826
22,24,57.033780794174895
22,25,54.26889214162624
22,26,54.26889214162624
22,27,53.551682180677076
22,28,53.90045123755928
22,29,53.551682180677076
22,31,53.09137041317358
22,34,52.64234075094476
22,35,52.70381473324383
22,36,58.58653850546572
22,37,60.3462692034483
22,38,58.99992643089704
22,39,56.40290037958783
22,40,57.137571189354254
22,41,55.460202380450944
22,42,59.864722969146406
22,43,60.722301471968045
22,44,59.321969742327866
22,45,60.47681326292578
22,46,102.89340791031826
22,48,52.25984696825716
22,49,103.48038740059762
22,51,51.44670395515913
22,52,53.88878365709417
22,53,51.759176471220556
22,54,54.0434427078179
22,55,56.17862924103538
23,0,102.89340791031826
23,1,60.34867523800747
23,2,102.89340791031826
23,3,102.89340791031826
23,4,60.34867523800747
23,5,104.55407829507332
23,6,57.137571189354254
23,7,62.11129002477317
23,8,56.226444604798296
23,9,57.568000253002296
23,10,64.4146404497722
23,11,104.29076072802204
23,12,53.455781064724775
23,13,51.44670395515913
23,14,105.47681678861902
23,15,55.032702188590804
23,16,58.11799756157026
23,17,62.474437070204864
23,18,63.85891191194376
23,19,61.60365478879409
23,20,63.270556000717534
23,21,106.1681520149417
23,22,102.89340791031826
23,23,0.0
23,24,57.033780794174895
23,25,54.26889214162624
23,26,54.26889214162624
23,27,53.551682180677076
23,28,53.90045123755928
23,29,53.551682180677076
23,31,53.09137041317358
23,34,52.64234075094476
23,35,52.70381473324383
23,36,58.58653850546572
23,37,60.3462692034483
23,38,58.99992643089704
23,39,56.40290037958783
23,40,57.137571189354254
23,41,55.460202380450944
23,42,59.864722969146406
23,43,60.722301471968045
23,44,59.321969742327866
23,45,60.47681326292578
23,46,102.89340791031826
23,48,52.25984696825716
23,49,103.48038740059762
23,51,51.44670395515913
23,52,53.88878365709417
23,53,51.759176471220556
23,54,54.0434427078179
23,55,56.17862924103538
24,0,57.033780794174895
24,1,4.929566822585781
24,2,57.033780794174895
24,3,57.033780794174895
24,4,4.929566822585781
24,5,49.13496987965163
24,6,1.718462773932559
24,7,6.6921816093514765
24,8,0.807336189376602
24,9,2.1488918375806034
24,10,8.995532034350507
24,11,54.16851082998744
24,12,3.848218168210133
24,13,5.587076839015768
24,14,56.88543365319231
24,15,6.464155747214523
24,16,2.6988891461485736
24,17,7.055328654783168
24,18,8.439803496522067
24,19,6.184546373372396
24,20,7.851447585295838
24,21,50.74904359952001
24,22,57.033780794174895
24,23,57.033780794174895
24,24,0.0
24,25,4.146642243591633
24,26,4.146642243591633
24,27,4.960299045250364
24,28,5.309068102132571
24,29,4.960299045250364
24,31,7.231743297030215
24,34,4.858557405188121
24,35,6.089836029476874
24,36,3.1674300900440255
24,37,5.933599143493626
24,38,3.580818015475354
24,39,0.9837919641661304
24,40,1.718462773932559
24,41,2.8822392761511457
24,42,5.452052909191733
24,43,6.3096314120133705
24,44,4.9092996823731925
24,45,6.06414320297111
24,46,57.033780794174895
24,48,6.400219852113794
24,49,56.86640869683066
24,51,5.587076839015768
24,52,4.281220760579529
24,53,5.899549355077193
24,54,3.457455448314982
24,55,3.6006661367355863
25,0,54.26889214162624
25,1,7.461536687424211
25,2,54.26889214162624
25,3,54.26889214162624
25,4,7.461536687424211
25,5,51.666939744490065
25,6,4.250432638770988
25,7,9.224151474189906
25,8,3.3393060542150312
25,9,4.680861702419032
25,10,11.527501899188938
25,11,50.021868586395804
25,12,0.8131110769014634
25,13,2.82218818646711
25,14,53.850326561883634
25,15,3.429048655905853
25,16,5.230859010987002
25,17,9.587298519621598
25,18,10.971773361360498
25,19,8.716516238210826
25,20,10.383417450134267
25,21,53.28101346435844
25,22,54.26889214162624
25,23,54.26889214162624
25,24,4.146642243591633
25,25,0.0
25,26,0.0
25,27,1.9251919539416944
25,28,2.273961010823901
25,29,1.9251919539416944
25,31,4.466854644481558
25,34,2.0902887521497906
25,35,3.3215673764385434
25,36,5.699399954882454
25,37,7.703599215624986
25,38,6.112787880313783
25,39,3.5157618290045596
25,40,4.250432638770988
25,41,2.817532392627631
25,42,7.222052981323093
25,43,8.07963148414473
25,44,6.6792997545045525
25,45,7.83414327510247
25,46,54.26889214162624
25,48,3.635331199565136
25,49,54.098140043792334
25,51,2.82218818646711
25,52,1.2461136692708599
25,53,3.1346607025285347
25,54,0.6891867952766513
25,55,3.535959253212072
26,0,54.26889214162624
26,1,7.461536687424211
26,2,54.26889214162624
26,3,54.26889214162624
26,4,7.461536687424211
26,5,51.666939744490065
26,6,4.250432638770988
26,7,9.224151474189906
26,8,3.3393060542150312
26,9,4.680861702419032
26,10,11.527501899188938
26,11,50.021868586395804
26,12,0.8131110769014634
26,13,2.82218818646711
26,14,53.850326561883634
26,15,3.429048655905853
26,16,5.230859010987002
26,17,9.587298519621598
26,18,10.971773361360498
26,19,8.716516238210826
26,20,10.383417450134267
26,21,53.28101346435844
26,22,54.26889214162624
26,23,54.26889214162624
26,24,4.146642243591633
26,25,0.0
26,26,0.0
26,27,1.9251919539416944
26,28,2.273961010823901
26,29,1.9251919539416944
26,31,4.466854644481558
26,34,2.0902887521497906
26,35,3.3215673764385434
26,36,5.699399954882454
26,37,7.703599215624986
26,38,6.112787880313783
26,39,3.5157618290045596
26,40,4.250432638770988
26,41,2.817532392627631
26,42,7.222052981323093
26,43,8.07963148414473
26,44,6.6792997545045525
26,45,7.83414327510247
26,46,54.26889214162624
26,48,3.635331199565136
26,49,54.098140043792334
26,51,2.82218818646711
26,52,1.2461136692708599
26,53,3.1346607025285347
26,54,0.6891867952766513
26,55,3.535959253212072
27,0,53.551682180677076
27,1,8.275193489082941
27,2,53.551682180677076
27,3,53.551682180677076
27,4,8.275193489082941
27,5,52.48059654614879
27,6,5.064089440429719
27,7,10.037808275848636
27,8,4.152962855873763
27,9,5.494518504077764
27,10,12.341158700847668
27,11,51.947060540337496
27,12,1.112080877040231
27,13,2.10497822551795
27,14,51.92513460794194
27,15,1.5038567019641589
27,16,6.044515812645734
27,17,10.400955321280328
27,18,11.785430163019228
27,19,9.530173039869556
27,20,11.197074251792998
27,21,54.09467026601716
27,22,53.551682180677076
27,23,53.551682180677076
27,24,4.960299045250364
27,25,1.9251919539416944
27,26,1.9251919539416944
27,27,0.0
27,28,0.3487690568822063
27,29,0.0
27,31,3.7496446835323978
27,34,3.3006150213035848
27,35,3.36208900360265
27,36,6.513056756541186
27,37,8.002569015763754
27,38,6.926444681972515
27,39,4.329418630663291
27,40,5.064089440429719
27,41,3.116502192766399
27,42,7.521022781461861
27,43,8.3786012842835
27,44,6.978269554643321
27,45,8.133113075241237
27,46,53.551682180677076
27,48,2.918121238615976
27,49,54.13866167095644
27,51,2.10497822551795
27,52,1.5450834694096274
27,53,2.417450741579375
27,54,2.6143787492183455
27,55,3.8349290533508396
28,0,53.90045123755928
28,1,8.623962545965147
28,2,53.90045123755928
28,3,53.90045123755928
28,4,8.623962545965147
28,5,52.82936560303099
28,6,5.412858497311926
28,7,10.386577332730843
28,8,4.501731912755969
28,9,5.84328756095997
28,10,12.689927757729874
28,11,52.2958295972197
28,12,1.4608499339224372
28,13,2.4537472824001565
28,14,52.27390366482415
28,15,1.852625758846365
28,16,6.393284869527941
28,17,10.749724378162535
28,18,12.134199219901435
28,19,9.878942096751762
28,20,11.545843308675204
28,21,54.443439322899366
28,22,53.90045123755928
28,23,53.90045123755928
28,24,5.309068102132571
28,25,2.273961010823901
28,26,2.273961010823901
28,27,0.3487690568822063
28,28,0.0
28,29,0.3487690568822063
28,31,4.098413740414604
28,34,3.649384078185791
28,35,3.7108580604848562
28,36,6.861825813423392
28,37,8.35133807264596
28,38,7.275213738854721
28,39,4.678187687545497
28,40,5.412858497311926
28,41,3.4652712496486053
28,42,7.869791838344067
28,43,8.727370341165706
28,44,7.327038611525527
28,45,8.481882132123443
28,46,53.90045123755928
28,48,3.2668902954981824
28,49,54.48743072783864
28,51,2.4537472824001565
28,52,1.8938525262918335
28,53,2.7662197984615813
28,54,2.963147806100552
28,55,4.1836981102330455
29,0,53.551682180677076
29,1,8.275193489082941
29,2,53.551682180677076
29,3,53.551682180677076
29,4,8.275193489082941
29,5,52.48059654614879
29,6,5.064089440429719
29,7,10.037808275848636
29,8,4.152962855873763
29,9,5.494518504077764
29,10,12.341158700847668
29,11,51.947060540337496
29,12,1.112080877040231
29,13,2.10497822551795
29,14,51.92513460794194
29,15,1.5038567019641589
29,16,6.044515812645734
29,17,10.400955321280328
29,18,11.785430163019228
29,19,9.530173039869556
29,20,11.197074251792998
29,21,54.09467026601716
29,22,53.551682180677076
29,23,53.551682180677076
29,24,4.960299045250364
29,25,1.9251919539416944
29,26,1.9251919539416944
29,27,0.0
29,28,0.3487690568822063
29,29,0.0
29,31,3.7496446835323978
29,34,3.3006150213035848
29,35,3.36208900360265
29,36,6.513056756541186
29,37,8.002569015763754
29,38,6.926444681972515
29,39,4.329418630663291
29,40,5.064089440429719
29,41,3.116502192766399
29,42,7.521022781461861
29,43,8.3786012842835
29,44,6.978269554643321
29,45,8.133113075241237
29,46,53.551682180677076
29,48,2.918121238615976
29,49,54.13866167095644
29,51,2.10497822551795
29,52,1.5450834694096274
29,53,2.417450741579375
29,54,2.6143787492183455
29,55,3.8349290533508396
31,0,53.09137041317358
31,1,10.546637740862792
31,2,53.09137041317358
31,3,53.09137041317358
31,4,10.546637740862792
31,5,54.75204079792864
31,6,7.33553369220957
31,7,12.309252527628487
31,8,6.424407107653614
31,9,7.765962755857615
31,10,14.612602952627517
31,11,54.48872323087736
31,12,3.6537435675800936
31,13,1.6446664580144474
31,14,55.67477929147434
31,15,5.230664691446118
31,16,8.315960064425584
31,17,12.67239957306018
31,18,14.056874414799077
31,19,11.801617291649407
31,20,13.468518503572849
31,21,56.366114517797016
31,22,53.09137041317358
31,23,53.09137041317358
31,24,7.231743297030215
31,25,4.466854644481558
31,26,4.466854644481558
31,27,3.7496446835323978
31,28,4.098413740414604
31,29,3.7496446835323978
31,31,0.0
31,34,2.840303253800082
31,35,2.901777236099147
31,36,8.784501008321035
31,37,10.544231706303616
31,38,9.197888933752365
31,39,6.600862882443142
31,40,7.33553369220957
31,41,5.658164883306262
31,42,10.062685472001723
31,43,10.920263974823362
31,44,9.519932245183183
31,45,10.6747757657811
31,46,53.09137041317358
31,48,2.4578094711124736
31,49,53.67834990345294
31,51,1.6446664580144474
31,52,4.08674615994949
31,53,1.9571389740758725
31,54,4.241405210673221
31,55,6.376591743890702
34,0,52.64234075094476
34,1,8.173451849020699
34,2,52.64234075094476
34,3,52.64234075094476
34,4,8.173451849020699
34,5,52.37885490608655
34,6,4.962347800367477
34,7,9.936066635786394
34,8,4.05122121581152
34,9,5.39277686401552
34,10,12.239417060785426
34,11,52.1121573385456
34,12,2.9033998290512537
34,13,1.1956367957856346
34,14,55.22574962924553
34,15,4.7816350292173055
34,16,5.942774172583491
34,17,10.299213681218086
34,18,11.683688522956986
34,19,9.428431399807314
34,20,11.095332611730756
34,21,53.992928625954924
34,22,52.64234075094476
34,23,52.64234075094476
34,24,4.858557405188121
34,25,2.0902887521497906
34,26,2.0902887521497906
34,27,3.3006150213035848
34,28,3.649384078185791
34,29,3.3006150213035848
34,31,2.840303253800082
34,34,0.0
34,35,2.452747573870334
34,36,6.411315116478942
34,37,9.177484169928542
34,38,6.82470304191027
34,39,4.227676990601047
34,40,4.962347800367477
34,41,4.907821144777422
34,42,8.695937935626649
34,43,9.553516438448288
34,44,8.153184708808109
34,45,9.308028229406027
34,46,52.64234075094476
34,48,2.008779808883661
34,49,53.22932024122412
34,51,1.1956367957856346
34,52,3.33640242142065
34,53,1.5081093118470594
34,54,1.401101956873139
34,55,5.626248005361862
35,0,52.70381473324383
35,1,9.404730473309451
35,2,52.70381473324383
35,3,52.70381473324383
