source_id,target_id,rtt
0,0,0.0
0,1,44.658631574534176
0,2,0.0
0,3,0.0
0,4,44.658631574534176
0,5,0.0
0,6,49.053156514938784
0,7,46.188481424409815
0,8,48.32763369027503
0,9,49.57477739335792
0,10,46.5222104683238
0,11,0.0
0,12,50.820045805325236
0,13,51.44670395515913
0,14,0.0
0,15,52.623088602223376
0,16,47.71485672352072
0,17,45.433368949721995
0,18,46.81767862127153
0,19,44.56449722614761
0,20,44.61528287533824
0,21,0.0
0,22,0.0
0,23,0.0
0,24,48.738257640551794
0,25,50.021868586395804
0,26,50.021868586395804
0,27,52.050374893760754
0,28,51.92513460794194
0,30,52.4628574515362
0,33,50.252724046178216
0,34,50.77657266735379
0,35,47.714410083391655
0,36,48.02062689733897
0,37,48.59624766845148
0,38,48.29339915509495
0,39,49.053156514938784
0,40,50.394358940003904
0,41,48.31824552308872
0,42,48.58315530060909
0,43,48.86070862859648
0,44,48.7714803769136
0,45,0.0
0,47,51.701266408632904
0,48,0.0
0,50,51.44670395515913
0,51,51.23839855588255
0,52,51.137880132966444
0,53,49.78392105235088
0,54,50.305087882148264
1,0,44.658631574534176
1,1,0.0
1,2,44.658631574534176
1,3,44.658631574534176
1,4,0.0
1,5,44.658631574534176
1,6,5.018903332792924
1,7,1.7626147867656956
1,8,4.122230633209179
1,9,5.117076713895553
1,10,6.465060115371411
1,11,44.658631574534176
1,12,6.165703782164155
1,13,6.97010599865951
1,14,44.658631574534176
1,15,8.125097216676767
1,16,4.7238739289584375
1,17,5.688998610301983
1,18,6.136944228740089
1,19,5.534634058213142
1,20,3.8706609009776725
1,21,44.658631574534176
1,22,44.658631574534176
1,23,44.658631574534176
1,24,4.815684446987463
1,25,5.376388220848118
1,26,5.376388220848118
1,27,7.4209150320194555
1,28,7.274939593425663
1,30,7.813076984026107
1,33,5.793833138465266
1,34,6.639562876088197
1,35,5.079740290127491
1,36,5.920092935249971
1,37,5.375229694248468
1,38,4.171166812009201
1,39,5.018903332792924
1,40,6.104513432785961
1,41,6.579794164286222
1,42,7.838224647807234
1,43,6.902417663643604
1,44,5.9955808175663154
1,45,44.658631574534176
1,47,7.094392849500983
1,48,44.658631574534176
1,50,6.97010599865951
1,51,6.588381907071242
1,52,6.6582979516907805
1,53,5.13104773364984
1,54,5.819568496073571
2,0,0.0
2,1,44.658631574534176
2,2,0.0
2,3,0.0
2,4,44.658631574534176
2,5,0.0
2,6,49.053156514938784
2,7,46.188481424409815
2,8,48.32763369027503
2,9,49.57477739335792
2,10,46.5222104683238
2,11,0.0
2,12,50.820045805325236
2,13,51.44670395515913
2,14,0.0
2,15,52.623088602223376
2,16,47.71485672352072
2,17,45.433368949721995
2,18,46.81767862127153
2,19,44.56449722614761
2,20,44.61528287533824
2,21,0.0
2,22,0.0
2,23,0.0
2,24,48.738257640551794
2,25,50.021868586395804
2,26,50.021868586395804
2,27,52.050374893760754
2,28,51.92513460794194
2,30,52.4628574515362
2,33,50.252724046178216
2,34,50.77657266735379
2,35,47.714410083391655
2,36,48.02062689733897
2,37,48.59624766845148
2,38,48.29339915509495
2,39,49.053156514938784
2,40,50.394358940003904
2,41,48.31824552308872
2,42,48.58315530060909
2,43,48.86070862859648
2,44,48.7714803769136
2,45,0.0
2,47,51.701266408632904
2,48,0.0
2,50,51.44670395515913
2,51,51.23839855588255
2,52,51.137880132966444
2,53,49.78392105235088
2,54,50.305087882148264
3,0,0.0
3,1,44.658631574534176
3,2,0.0
3,3,0.0
3,4,44.658631574534176
3,5,0.0
3,6,49.053156514938784
3,7,46.188481424409815
3,8,48.32763369027503
3,9,49.57477739335792
3,10,46.5222104683238
3,11,0.0
3,12,50.820045805325236
3,13,51.44670395515913
3,14,0.0
3,15,52.623088602223376
3,16,47.71485672352072
3,17,45.433368949721995
3,18,46.81767862127153
3,19,44.56449722614761
3,20,44.61528287533824
3,21,0.0
3,22,0.0
3,23,0.0
3,24,48.738257640551794
3,25,50.021868586395804
3,26,50.021868586395804
3,27,52.050374893760754
3,28,51.92513460794194
3,30,52.4628574515362
3,33,50.252724046178216
3,34,50.77657266735379
3,35,47.714410083391655
3,36,48.02062689733897
3,37,48.59624766845148
3,38,48.29339915509495
3,39,49.053156514938784
3,40,50.394358940003904
3,41,48.31824552308872
3,42,48.58315530060909
3,43,48.86070862859648
3,44,48.7714803769136
3,45,0.0
3,47,51.701266408632904
3,48,0.0
3,50,51.44670395515913
3,51,51.23839855588255
3,52,51.137880132966444
3,53,49.78392105235088
3,54,50.305087882148264
4,0,44.658631574534176
4,1,0.0
4,2,44.658631574534176
4,3,44.658631574534176
4,4,0.0
4,5,44.658631574534176
4,6,5.018903332792924
4,7,1.7626147867656956
4,8,4.122230633209179
4,9,5.117076713895553
4,10,6.465060115371411
4,11,44.658631574534176
4,12,6.165703782164155
4,13,6.97010599865951
4,14,44.658631574534176
4,15,8.125097216676767
4,16,4.7238739289584375
4,17,5.688998610301983
4,18,6.136944228740089
4,19,5.534634058213142
4,20,3.8706609009776725
4,21,44.658631574534176
4,22,44.658631574534176
4,23,44.658631574534176
4,24,4.815684446987463
4,25,5.376388220848118
4,26,5.376388220848118
4,27,7.4209150320194555
4,28,7.274939593425663
4,30,7.813076984026107
4,33,5.793833138465266
4,34,6.639562876088197
4,35,5.079740290127491
4,36,5.920092935249971
4,37,5.375229694248468
4,38,4.171166812009201
4,39,5.018903332792924
4,40,6.104513432785961
4,41,6.579794164286222
4,42,7.838224647807234
4,43,6.902417663643604
4,44,5.9955808175663154
4,45,44.658631574534176
4,47,7.094392849500983
4,48,44.658631574534176
4,50,6.97010599865951
4,51,6.588381907071242
4,52,6.6582979516907805
4,53,5.13104773364984
4,54,5.819568496073571
5,0,0.0
5,1,44.658631574534176
5,2,0.0
5,3,0.0
5,4,44.658631574534176
5,5,0.0
5,6,49.053156514938784
5,7,46.188481424409815
5,8,48.32763369027503
5,9,49.57477739335792
5,10,46.5222104683238
5,11,0.0
5,12,50.820045805325236
5,13,51.44670395515913
5,14,0.0
5,15,52.623088602223376
5,16,47.71485672352072
5,17,45.433368949721995
5,18,46.81767862127153
5,19,44.56449722614761
5,20,44.61528287533824
5,21,0.0
5,22,0.0
5,23,0.0
5,24,48.738257640551794
5,25,50.021868586395804
5,26,50.021868586395804
5,27,52.050374893760754
5,28,51.92513460794194
5,30,52.4628574515362
5,33,50.252724046178216
5,34,50.77657266735379
5,35,47.714410083391655
5,36,48.02062689733897
5,37,48.59624766845148
5,38,48.29339915509495
5,39,49.053156514938784
5,40,50.394358940003904
5,41,48.31824552308872
5,42,48.58315530060909
5,43,48.86070862859648
5,44,48.7714803769136
5,45,0.0
5,47,51.701266408632904
5,48,0.0
5,50,51.44670395515913
5,51,51.23839855588255
5,52,51.137880132966444
5,53,49.78392105235088
5,54,50.305087882148264
6,0,49.053156514938784
6,1,5.018903332792924
6,2,49.053156514938784
6,3,49.053156514938784
6,4,5.018903332792924
6,5,49.053156514938784
6,6,0.0
6,7,4.420810200021361
6,8,0.9111265845559571
6,9,1.1760685555759198
6,10,4.707751039772508
6,11,49.053156514938784
6,12,2.91186531416557
6,13,4.84091890351971
6,14,49.053156514938784
6,15,3.6865398620966237
6,16,1.8326123663578662
6,17,4.978126080307315
6,18,4.152187967069116
6,19,5.589732321364572
6,20,4.717464490605792
6,21,49.053156514938784
6,22,49.053156514938784
6,23,49.053156514938784
6,24,0.34720091808038755
6,25,2.3555849162316416
6,26,2.3555849162316416
6,27,3.5460668930387067
6,28,3.624680474973289
6,30,4.522485601208488
6,33,4.278956660499141
6,34,5.506095915687312
6,35,2.1841000915066218
6,36,2.7660922711647453
6,37,1.3706913542633956
6,38,0.8480887566384985
6,39,0.0
6,40,1.3927113352318654
6,41,3.2623765723800373
6,42,4.565956296572253
6,43,3.1806820486422795
6,44,2.0391432572164314
6,45,49.053156514938784
6,47,4.3556242293077565
6,48,49.053156514938784
6,50,4.84091890351971
6,51,3.1092852388405032
6,52,4.645221519577076
6,53,2.879126123621648
6,54,1.653612717152251
7,0,46.188481424409815
7,1,1.7626147867656956
7,2,46.188481424409815
7,3,46.188481424409815
7,4,1.7626147867656956
7,5,46.188481424409815
7,6,4.420810200021361
7,7,0.0
7,8,3.5308470756332526
7,9,4.123390575712527
7,10,7.173374899383407
7,11,46.188481424409815
7,12,4.773576035286686
7,13,5.301624113349724
7,14,46.188481424409815
7,15,6.926929561074202
7,16,4.799986982112228
7,17,6.638317951825963
7,18,6.745174217225436
7,19,6.6852202956998195
7,20,5.050464109927109
7,21,46.188481424409815
7,22,46.188481424409815
7,23,46.188481424409815
7,24,4.331113667682886
7,25,4.047096745107748
7,26,4.047096745107748
7,27,6.075720082948237
7,28,5.878930554947655
7,30,6.299097853749527
7,33,4.109821234594653
7,34,4.89038564720937
7,35,5.23993508074223
7,36,6.121704259538854
7,37,5.205424004886149
7,38,3.6469570944903205
7,39,4.420810200021361
7,40,5.188058148199952
7,41,6.789322307668277
7,42,8.14303013876581
7,43,6.989412915113146
7,44,5.922341221245193
7,45,46.188481424409815
7,47,5.513132812646265
7,48,46.188481424409815
7,50,5.301624113349724
7,51,5.206439882221444
7,52,4.989300094118664
7,53,3.6570934084277114
7,54,4.738610499576807
8,0,48.32763369027503
8,1,4.122230633209179
8,2,48.32763369027503
8,3,48.32763369027503
8,4,4.122230633209179
8,5,48.32763369027503
8,6,0.9111265845559571
8,7,3.5308470756332526
8,8,0.0
8,9,1.3415556482040014
8,10,4.834690847192555
8,11,48.32763369027503
8,12,3.0408819788335313
8,13,4.779740649639166
8,14,48.32763369027503
8,15,4.309518829731928
8,16,1.8915529567719713
8,17,4.881514634355931
8,18,4.293059103795435
8,19,5.377210183995794
8,20,4.275339123203109
8,21,48.32763369027503
8,22,48.32763369027503
8,23,48.32763369027503
8,24,0.807336189376602
8,25,2.3160547981266606
8,26,2.3160547981266606
8,27,3.9497792544045427
8,28,3.9515339715104076
8,30,4.775136831433505
8,33,4.018165465286203
8,34,5.2469671020264075
8,35,2.342129636718454
8,36,3.11239824763107
8,37,1.853252605031216
8,38,0.17645577478952834
8,39,0.9111265845559571
8,40,2.0749030867745435
8,41,3.707268141926357
8,42,5.0698033730527525
8,43,3.74425728051048
8,44,2.5956463011169686
8,45,48.32763369027503
8,47,4.432760081652466
8,48,48.32763369027503
8,50,4.779740649639166
8,51,3.3401126002750767
8,52,4.540848293294021
8,53,2.65011925893838
8,54,2.0439926453086588
9,0,49.57477739335792
9,1,5.117076713895553
9,2,49.57477739335792
9,3,49.57477739335792
9,4,5.117076713895553
9,5,49.57477739335792
9,6,1.1760685555759198
9,7,4.123390575712527
9,8,1.3415556482040014
9,9,0.0
9,10,5.873308369775029
9,11,49.57477739335792
9,12,1.7682566101387764
9,13,3.6656842438386965
9,14,49.57477739335792
9,15,3.0524990948367963
9,16,2.9576814362894766
9,17,6.081663036246445
9,18,5.318434640383076
9,19,6.641202329058419
9,20,5.609622495829326
9,21,49.57477739335792
9,22,49.57477739335792
9,23,49.57477739335792
9,24,1.4613392261787226
9,25,1.1818350477222817
9,26,1.1818350477222817
9,27,2.609147343326207
9,28,2.6134134506775912
9,30,3.4576994693610223
9,33,3.134979476246857
9,34,4.352649855092271
9,35,3.3411969485822133
9,36,3.9412298647072186
9,37,2.54355267414799
9,38,1.4455552602615889
9,39,1.1760685555759198
9,40,1.0704137391315454
9,41,4.421538830165026
9,42,5.696985267681735
9,43,4.299889498518818
9,44,3.1825921080829973
9,45,49.57477739335792
9,47,3.204087531112508
9,48,49.57477739335792
9,50,3.6656842438386965
9,51,2.0217506387091784
9,52,3.4694265941194318
9,53,1.7489812331128356
9,54,0.7305907707805708
10,0,46.5222104683238
10,1,6.465060115371411
10,2,46.5222104683238
10,3,46.5222104683238
10,4,6.465060115371411
10,5,46.5222104683238
10,6,4.707751039772508
10,7,7.173374899383407
10,8,4.834690847192555
10,9,5.873308369775029
10,10,0.0
10,11,46.5222104683238
10,12,7.618634653504016
10,13,9.532383728316164
10,14,46.5222104683238
10,15,7.876984294878173
10,16,2.952016492128797
10,17,1.1996212101040489
10,18,0.55572853782844
10,19,2.0356106073777043
10,20,2.9523993282969947
10,21,46.5222104683238
10,22,46.5222104683238
10,23,46.5222104683238
10,24,4.412926289274963
10,25,7.033804286756155
10,26,7.033804286756155
10,27,8.09913674141339
10,28,8.242381928410186
10,30,9.169106018820102
10,33,8.85006951097678
10,34,10.080710042860018
10,35,2.5345905036063447
10,36,2.06718705295596
10,37,3.396694901535769
10,38,4.662801370696109
10,39,4.707751039772508
10,40,5.846144990077303
10,41,1.9803315236201247
10,42,2.1189212639531974
10,43,2.4900681642045837
10,44,2.9990797205940853
10,45,46.5222104683238
10,47,9.06263267381736
10,48,46.5222104683238
10,50,9.532383728316164
10,51,7.792683763799915
10,52,9.31987698515008
10,53,7.46726269717596
10,54,6.323287691604862
11,0,0.0
11,1,44.658631574534176
11,2,0.0
11,3,0.0
11,4,44.658631574534176
11,5,0.0
11,6,49.053156514938784
11,7,46.188481424409815
11,8,48.32763369027503
11,9,49.57477739335792
11,10,46.5222104683238
11,11,0.0
11,12,50.820045805325236
11,13,51.44670395515913
11,14,0.0
11,15,52.623088602223376
11,16,47.71485672352072
11,17,45.433368949721995
11,18,46.81767862127153
11,19,44.56449722614761
11,20,44.61528287533824
11,21,0.0
11,22,0.0
11,23,0.0
11,24,48.738257640551794
11,25,50.021868586395804
11,26,50.021868586395804
11,27,52.050374893760754
11,28,51.92513460794194
11,30,52.4628574515362
11,33,50.252724046178216
11,34,50.77657266735379
11,35,47.714410083391655
11,36,48.02062689733897
11,37,48.59624766845148
11,38,48.29339915509495
11,39,49.053156514938784
11,40,50.394358940003904
11,41,48.31824552308872
11,42,48.58315530060909
11,43,48.86070862859648
11,44,48.7714803769136
11,45,0.0
11,47,51.701266408632904
11,48,0.0
11,50,51.44670395515913
11,51,51.23839855588255
11,52,51.137880132966444
11,53,49.78392105235088
11,54,50.305087882148264
12,0,50.820045805325236
12,1,6.165703782164155
12,2,50.820045805325236
12,3,50.820045805325236
12,4,6.165703782164155
12,5,50.820045805325236
12,6,2.91186531416557
12,7,4.773576035286686
12,8,3.0408819788335313
12,9,1.7682566101387764
12,10,7.618634653504016
12,11,50.820045805325236
12,12,0.0
12,13,2.0090771095656463
12,14,50.820045805325236
12,15,2.311412066850781
12,16,4.723009869301765
12,17,7.849774655156764
12,18,7.062937762701074
12,19,8.399442686423104
12,20,7.3026950816982845
12,21,50.820045805325236
12,22,50.820045805325236
12,23,50.820045805325236
12,24,3.220312449119704
12,25,0.8131110769014634
12,26,0.8131110769014634
12,27,1.30916563885529
12,28,1.112080877040231
12,30,1.7617275506966406
12,33,1.914820805272971
12,34,2.9578273324169624
12,35,5.094946961551863
12,36,5.640447294749535
12,37,4.245259114234149
12,38,3.172275896169819
12,39,2.91186531416557
12,40,2.0044213157261677
12,41,6.063174982563338
12,42,7.262388588756997
12,43,5.866188677603089
12,44,4.814324058690221
12,45,50.820045805325236
12,47,1.4440002806818342
12,48,50.820045805325236
12,50,2.0090771095656463
12,51,0.43300259236939637
12,52,1.8840078328260597
12,53,1.1487299197725522
12,54,1.344694618553099
13,0,51.44670395515913
13,1,6.97010599865951
13,2,51.44670395515913
13,3,51.44670395515913
13,4,6.97010599865951
13,5,51.44670395515913
13,6,4.84091890351971
13,7,5.301624113349724
13,8,4.779740649639166
13,9,3.6656842438386965
13,10,9.532383728316164
13,11,51.44670395515913
13,12,2.0090771095656463
13,13,0.0
13,14,51.44670395515913
13,15,3.5859982334316705
13,16,6.594598152412403
13,17,9.661030904333112
13,18,8.978649815425252
13,19,10.136706389990957
13,20,8.885265724878284
13,21,51.44670395515913
13,22,51.44670395515913
13,23,51.44670395515913
13,24,5.120946901027853
13,25,2.498964347311371
13,26,2.498964347311371
13,27,2.451582002736264
13,28,2.10497822551795
13,30,1.6446664580144474
13,33,1.1956367957856346
13,34,1.2571107780846995
13,35,6.9978194509527025
13,36,7.601334575283002
13,37,6.202100252617487
13,38,4.936525283829921
13,39,4.84091890351971
13,40,4.010781997742952
13,41,8.051449386693072
13,42,9.268178869280542
13,43,7.87034122840346
13,44,6.802695663522363
13,45,51.44670395515913
13,47,0.8131430130980262
13,48,51.44670395515913
13,50,0.0
13,51,2.0377970432948396
13,52,0.3124725160614249
13,53,2.1706050164363258
13,54,3.349751642695641
14,0,0.0
14,1,44.658631574534176
14,2,0.0
14,3,0.0
14,4,44.658631574534176
14,5,0.0
14,6,49.053156514938784
14,7,46.188481424409815
14,8,48.32763369027503
14,9,49.57477739335792
14,10,46.5222104683238
14,11,0.0
14,12,50.820045805325236
14,13,51.44670395515913
14,14,0.0
14,15,52.623088602223376
14,16,47.71485672352072
14,17,45.433368949721995
14,18,46.81767862127153
14,19,44.56449722614761
14,20,44.61528287533824
14,21,0.0
14,22,0.0
14,23,0.0
14,24,48.738257640551794
14,25,50.021868586395804
14,26,50.021868586395804
14,27,52.050374893760754
14,28,51.92513460794194
14,30,52.4628574515362
14,33,50.252724046178216
14,34,50.77657266735379
14,35,47.714410083391655
14,36,48.02062689733897
14,37,48.59624766845148
14,38,48.29339915509495
14,39,49.053156514938784
14,40,50.394358940003904
14,41,48.31824552308872
14,42,48.58315530060909
14,43,48.86070862859648
14,44,48.7714803769136
14,45,0.0
14,47,51.701266408632904
14,48,0.0
14,50,51.44670395515913
14,51,51.23839855588255
14,52,51.137880132966444
14,53,49.78392105235088
14,54,50.305087882148264
15,0,52.623088602223376
15,1,8.125097216676767
15,2,52.623088602223376
15,3,52.623088602223376
15,4,8.125097216676767
15,5,52.623088602223376
15,6,3.6865398620966237
15,7,6.926929561074202
15,8,4.309518829731928
15,9,3.0524990948367963
15,10,7.876984294878173
15,11,52.623088602223376
15,12,2.311412066850781
15,13,3.5859982334316705
15,14,52.623088602223376
15,15,0.0
15,16,5.3775695347386305
15,17,8.432913517639848
15,18,7.345838942172658
15,19,9.139675702868804
15,20,8.398468113001671
15,21,52.623088602223376
15,22,52.623088602223376
15,23,52.623088602223376
15,24,4.028935885252482
15,25,2.899180479521714
15,26,2.899180479521714
15,27,1.1577271921385897
15,28,1.5038567019641589
15,30,2.1149044404313573
15,33,4.057835901062068
15,34,4.8114135848285695
15,35,5.594648061612397
15,36,5.812757864973288
15,37,4.610372948214672
15,38,4.361621936981918
15,39,3.6865398620966237
15,40,2.2941300521337418
15,41,6.001735746391421
15,42,6.892985879629429
15,43,5.625344235767561
15,44,4.8783464153904035
15,45,52.623088602223376
15,47,2.7728619665476772
15,48,52.623088602223376
15,50,3.5859982334316705
15,51,1.9252696469267847
15,52,3.647747485710641
15,53,3.4372757518696075
15,54,2.325092754235538
16,0,47.71485672352072
16,1,4.7238739289584375
16,2,47.71485672352072
16,3,47.71485672352072
16,4,4.7238739289584375
16,5,47.71485672352072
16,6,1.8326123663578662
16,7,4.799986982112228
16,8,1.8915529567719713
16,9,2.9576814362894766
16,10,2.952016492128797
16,11,47.71485672352072
16,12,4.723009869301765
16,13,6.594598152412403
16,14,47.71485672352072
16,15,5.3775695347386305
16,16,0.0
16,17,3.145789674627105
16,18,2.4054560318823457
16,19,3.7805686975499397
16,20,3.122445167032414
16,21,47.71485672352072
16,22,47.71485672352072
16,23,47.71485672352072
16,24,1.505461841586927
16,25,4.096564102089456
16,26,4.096564102089456
16,27,5.362621875987633
16,28,5.45446192547846
16,30,6.355096060955636
16,33,5.899498133103819
16,34,7.131124575658499
16,35,0.4685409438954519
16,36,1.3322244579445466
16,37,0.8819288693267808
16,38,1.7172272670786404
16,39,1.8326123663578662
16,40,3.1397992841997358
16,41,1.9928869089599595
16,42,3.3593520631627483
16,43,2.210410536224619
16,44,1.2948043456836336
16,45,47.71485672352072
16,47,6.161716338480217
16,48,47.71485672352072
16,50,6.594598152412403
16,51,4.939291998429455
16,52,6.374943592406699
16,53,4.515258693892799
16,54,3.486029593088444
17,0,45.433368949721995
17,1,5.688998610301983
17,2,45.433368949721995
17,3,45.433368949721995
17,4,5.688998610301983
17,5,45.433368949721995
17,6,4.978126080307315
17,7,6.638317951825963
17,8,4.881514634355931
17,9,6.081663036246445
17,10,1.1996212101040489
17,11,45.433368949721995
17,12,7.849774655156764
17,13,9.661030904333112
17,14,45.433368949721995
17,15,8.432913517639848
17,16,3.145789674627105
17,17,0.0
17,18,1.3848497834951656
17,19,0.8707822814107724
17,20,1.920193559372975
17,21,45.433368949721995
17,22,45.433368949721995
17,23,45.433368949721995
17,24,4.6469555182379665
17,25,7.182276362975785
17,26,7.182276362975785
17,27,8.501105917707664
17,28,8.599700026367495
17,30,9.500438146582576
17,33,8.856769694553781
17,34,10.067111422008903
17,35,2.84877477665299
17,36,2.739454927064944
17,37,3.825459020621098
17,38,4.724986828491188
17,39,4.978126080307315
17,40,6.260444505289705
17,41,2.9020144524285874
17,42,3.3047312276729
17,43,3.443542644133248
17,44,3.6400607105553373
17,45,45.433368949721995
17,47,9.279191445842233
17,48,45.433368949721995
17,50,9.661030904333112
17,51,8.08112326975025
17,52,9.421326460563515
17,53,7.522254290912071
17,54,6.631704739833582
18,0,46.81767862127153
18,1,6.136944228740089
18,2,46.81767862127153
18,3,46.81767862127153
18,4,6.136944228740089
18,5,46.81767862127153
18,6,4.152187967069116
18,7,6.745174217225436
18,8,4.293059103795435
18,9,5.318434640383076
18,10,0.55572853782844
18,11,46.81767862127153
18,12,7.062937762701074
18,13,8.978649815425252
18,14,46.81767862127153
18,15,7.345838942172658
18,16,2.4054560318823457
18,17,1.3848497834951656
18,18,0.0
18,19,2.255257123149671
18,20,2.842639604159723
18,21,46.81767862127153
18,22,46.81767862127153
18,23,46.81767862127153
18,24,3.8584661981883217
18,25,6.480390160544156
18,26,6.480390160544156
18,27,7.549690661822538
18,28,7.6900131594555114
18,30,8.615777566362613
18,33,8.30495389426894
18,34,9.5364816918425
18,35,1.981500650690268
18,36,1.5334511994537596
18,37,2.8429439754193186
18,38,4.1201433692882246
18,39,4.152187967069116
18,40,5.295621025420709
18,41,1.5427815582709647
18,42,2.015625079633245
18,43,2.0776261018866435
18,44,2.4687580187768434
18,45,46.81767862127153
18,47,8.506937292630397
18,48,46.81767862127153
18,50,8.978649815425252
18,51,7.237465550559612
18,52,8.767504610225867
18,53,6.919363659049085
18,54,5.768092043256522
19,0,44.56449722614761
19,1,5.534634058213142
19,2,44.56449722614761
19,3,44.56449722614761
19,4,5.534634058213142
19,5,44.56449722614761
19,6,5.589732321364572
19,7,6.6852202956998195
19,8,5.377210183995794
19,9,6.641202329058419
19,10,2.0356106073777043
19,11,44.56449722614761
19,12,8.399442686423104
19,13,10.136706389990957
19,14,44.56449722614761
19,15,9.139675702868804
19,16,3.7805686975499397
19,17,0.8707822814107724
19,18,2.255257123149671
19,19,0.0
19,20,1.6669012119234417
19,21,44.56449722614761
19,22,44.56449722614761
19,23,44.56449722614761
19,24,5.248292814993568
19,25,7.693264791986036
19,26,7.693264791986036
19,27,9.134717918449496
19,28,9.209998254870081
19,30,10.091124291609463
19,33,9.264693649239842
19,34,10.451983473564017
19,35,3.5486514719568443
19,36,3.555411528358445
19,37,4.534699773586618
19,38,5.233703563261551
19,39,5.589732321364572
19,40,6.920339768164584
19,41,3.7622861209051583
19,42,4.153936783955406
19,43,4.304790919742515
19,44,4.427803543609212
19,45,44.56449722614761
19,47,9.808588591252974
19,48,44.56449722614761
19,50,10.136706389990957
19,51,8.659552867522281
19,52,9.882578272308287
19,53,7.974310324317605
19,54,7.235580386565268
20,0,44.61528287533824
20,1,3.8706609009776725
20,2,44.61528287533824
20,3,44.61528287533824
20,4,3.8706609009776725
20,5,44.61528287533824
20,6,4.717464490605792
20,7,5.050464109927109
20,8,4.275339123203109
20,9,5.609622495829326
20,10,2.9523993282969947
20,11,44.61528287533824
20,12,7.3026950816982845
20,13,8.885265724878284
20,14,44.61528287533824
20,15,8.398468113001671
20,16,3.122445167032414
20,17,1.920193559372975
20,18,2.842639604159723
20,19,1.6669012119234417
20,20,0.0
20,21,44.61528287533824
20,22,44.61528287533824
20,23,44.61528287533824
20,24,4.372176034513266
20,25,6.5397530549489815
20,26,6.5397530549489815
20,27,8.202149207079973
20,28,8.223028491647849
20,30,9.04848880590533
20,33,7.924056848718304
20,34,9.069536463264514
20,35,3.100125861229926
20,36,3.518102994993195
20,37,3.9963290041585475
20,38,4.164195835191129
20,39,4.717464490605792
20,40,6.108447791597979
20,41,3.9837647868327144
20,42,4.843791119733891
20,43,4.489030695772362
20,44,4.170715082356464
20,45,44.61528287533824
20,47,8.651426249922702
20,48,44.61528287533824
20,50,8.885265724878284
20,51,7.614862438001047
20,52,8.611656299972962
20,53,6.716875913248415
20,54,6.279298924065088
21,0,0.0
21,1,44.658631574534176
21,2,0.0
21,3,0.0
21,4,44.658631574534176
21,5,0.0
21,6,49.053156514938784
21,7,46.188481424409815
21,8,48.32763369027503
21,9,49.57477739335792
21,10,46.5222104683238
21,11,0.0
21,12,50.820045805325236
21,13,51.44670395515913
21,14,0.0
21,15,52.623088602223376
21,16,47.71485672352072
21,17,45.433368949721995
21,18,46.81767862127153
21,19,44.56449722614761
21,20,44.61528287533824
21,21,0.0
21,22,0.0
21,23,0.0
21,24,48.738257640551794
21,25,50.021868586395804
21,26,50.021868586395804
21,27,52.050374893760754
21,28,51.92513460794194
21,30,52.4628574515362
21,33,50.252724046178216
21,34,50.77657266735379
21,35,47.714410083391655
21,36,48.02062689733897
21,37,48.59624766845148
21,38,48.29339915509495
21,39,49.053156514938784
21,40,50.394358940003904
21,41,48.31824552308872
21,42,48.58315530060909
21,43,48.86070862859648
21,44,48.7714803769136
21,45,0.0
21,47,51.701266408632904
21,48,0.0
21,50,51.44670395515913
21,51,51.23839855588255
21,52,51.137880132966444
21,53,49.78392105235088
21,54,50.305087882148264
22,0,0.0
22,1,44.658631574534176
22,2,0.0
22,3,0.0
22,4,44.658631574534176
22,5,0.0
22,6,49.053156514938784
22,7,46.188481424409815
22,8,48.32763369027503
22,9,49.57477739335792
22,10,46.5222104683238
22,11,0.0
22,12,50.820045805325236
22,13,51.44670395515913
22,14,0.0
22,15,52.623088602223376
22,16,47.71485672352072
22,17,45.433368949721995
22,18,46.81767862127153
22,19,44.56449722614761
22,20,44.61528287533824
22,21,0.0
22,22,0.0
22,23,0.0
22,24,48.738257640551794
22,25,50.021868586395804
22,26,50.021868586395804
22,27,52.050374893760754
22,28,51.92513460794194
22,30,52.4628574515362
22,33,50.252724046178216
22,34,50.77657266735379
22,35,47.714410083391655
22,36,48.02062689733897
22,37,48.59624766845148
22,38,48.29339915509495
22,39,49.053156514938784
22,40,50.394358940003904
22,41,48.31824552308872
22,42,48.58315530060909
22,43,48.86070862859648
22,44,48.7714803769136
22,45,0.0
22,47,51.701266408632904
22,48,0.0
22,50,51.44670395515913
22,51,51.23839855588255
22,52,51.137880132966444
22,53,49.78392105235088
22,54,50.305087882148264
23,0,0.0
23,1,44.658631574534176
23,2,0.0
23,3,0.0
23,4,44.658631574534176
23,5,0.0
23,6,49.053156514938784
23,7,46.188481424409815
23,8,48.32763369027503
23,9,49.57477739335792
23,10,46.5222104683238
23,11,0.0
23,12,50.820045805325236
23,13,51.44670395515913
23,14,0.0
23,15,52.623088602223376
23,16,47.71485672352072
23,17,45.433368949721995
23,18,46.81767862127153
23,19,44.56449722614761
23,20,44.61528287533824
23,21,0.0
23,22,0.0
23,23,0.0
23,24,48.738257640551794
23,25,50.021868586395804
23,26,50.021868586395804
23,27,52.050374893760754
23,28,51.92513460794194
23,30,52.4628574515362
23,33,50.252724046178216
23,34,50.77657266735379
23,35,47.714410083391655
23,36,48.02062689733897
23,37,48.59624766845148
23,38,48.29339915509495
23,39,49.053156514938784
23,40,50.394358940003904
23,41,48.31824552308872
23,42,48.58315530060909
23,43,48.86070862859648
23,44,48.7714803769136
23,45,0.0
23,47,51.701266408632904
23,48,0.0
23,50,51.44670395515913
23,51,51.23839855588255
23,52,51.137880132966444
23,53,49.78392105235088
23,54,50.305087882148264
24,0,48.738257640551794
24,1,4.815684446987463
24,2,48.738257640551794
24,3,48.738257640551794
24,4,4.815684446987463
24,5,48.738257640551794
24,6,0.34720091808038755
24,7,4.331113667682886
24,8,0.807336189376602
24,9,1.4613392261787226
24,10,4.412926289274963
24,11,48.738257640551794
24,12,3.220312449119704
24,13,5.120946901027853
24,14,48.738257640551794
24,15,4.028935885252482
24,16,1.505461841586927
24,17,4.6469555182379665
24,18,3.8584661981883217
24,19,5.248292814993568
24,20,4.372176034513266
24,21,48.738257640551794
24,22,48.738257640551794
24,23,48.738257640551794
24,24,0.0
24,25,2.6244052464036205
24,26,2.6244052464036205
24,27,3.889939525783363
24,28,3.9627857671626594
24,30,4.854632499113679
24,33,4.5065864952836785
24,34,5.738489867898636
24,35,1.8799054334071033
24,36,2.5189638086360118
24,37,1.1520757616995547
24,38,0.6852562200662156
24,39,0.34720091808038755
24,40,1.7364571788455554
24,41,3.05405891028371
24,42,4.387205058240089
24,43,3.0232341640143945
24,44,1.868824861086759
24,45,48.738257640551794
24,47,4.661549969919604
24,48,48.738257640551794
24,50,5.120946901027853
24,51,3.434660826272797
24,52,4.9148351657915645
24,53,3.10610971411714
24,54,1.9890399309760147
25,0,50.021868586395804
25,1,5.376388220848118
25,2,50.021868586395804
25,3,50.021868586395804
25,4,5.376388220848118
25,5,50.021868586395804
25,6,2.3555849162316416
25,7,4.047096745107748
25,8,2.3160547981266606
25,9,1.1818350477222817
25,10,7.033804286756155
25,11,50.021868586395804
25,12,0.8131110769014634
25,13,2.498964347311371
25,14,50.021868586395804
25,15,2.899180479521714
25,16,4.096564102089456
25,17,7.182276362975785
25,18,6.480390160544156
25,19,7.693264791986036
25,20,6.5397530549489815
25,21,50.021868586395804
25,22,50.021868586395804
25,23,50.021868586395804
25,24,2.6244052464036205
25,25,0.0
25,26,0.0
25,27,2.048866974923166
25,28,1.9035465972903578
25,30,2.565472872917363
25,33,1.9854315511509812
25,34,3.1850053777476925
25,35,4.499218054588518
25,36,5.1216713418962145
25,37,3.7249073376050386
25,38,2.4626688680279196
25,39,2.3555849162316416
25,40,1.830305503920282
25,41,5.601862734729216
25,42,6.866432011332297
25,43,5.466985852375949
25,44,4.360171658355978
25,45,50.021868586395804
25,47,2.1195332241554414
25,48,50.021868586395804
25,50,2.498964347311371
25,51,1.2173482470843557
25,52,2.2912273812634476
25,53,0.6891867952766513
25,54,1.1165272283872227
26,0,50.021868586395804
26,1,5.376388220848118
26,2,50.021868586395804
26,3,50.021868586395804
26,4,5.376388220848118
26,5,50.021868586395804
26,6,2.3555849162316416
26,7,4.047096745107748
26,8,2.3160547981266606
26,9,1.1818350477222817
26,10,7.033804286756155
26,11,50.021868586395804
26,12,0.8131110769014634
26,13,2.498964347311371
26,14,50.021868586395804
26,15,2.899180479521714
26,16,4.096564102089456
26,17,7.182276362975785
26,18,6.480390160544156
26,19,7.693264791986036
26,20,6.5397530549489815
26,21,50.021868586395804
26,22,50.021868586395804
26,23,50.021868586395804
26,24,2.6244052464036205
26,25,0.0
26,26,0.0
26,27,2.048866974923166
26,28,1.9035465972903578
26,30,2.565472872917363
26,33,1.9854315511509812
26,34,3.1850053777476925
26,35,4.499218054588518
26,36,5.1216713418962145
26,37,3.7249073376050386
26,38,2.4626688680279196
26,39,2.3555849162316416
26,40,1.830305503920282
26,41,5.601862734729216
26,42,6.866432011332297
26,43,5.466985852375949
26,44,4.360171658355978
26,45,50.021868586395804
26,47,2.1195332241554414
26,48,50.021868586395804
26,50,2.498964347311371
26,51,1.2173482470843557
26,52,2.2912273812634476
26,53,0.6891867952766513
26,54,1.1165272283872227
27,0,52.050374893760754
27,1,7.4209150320194555
27,2,52.050374893760754
27,3,52.050374893760754
27,4,7.4209150320194555
27,5,52.050374893760754
27,6,3.5460668930387067
27,7,6.075720082948237
27,8,3.9497792544045427
27,9,2.609147343326207
27,10,8.09913674141339
27,11,52.050374893760754
27,12,1.30916563885529
27,13,2.451582002736264
27,14,52.050374893760754
27,15,1.1577271921385897
27,16,5.362621875987633
27,17,8.501105917707664
27,18,7.549690661822538
27,19,9.134717918449496
27,20,8.202149207079973
27,21,52.050374893760754
27,22,52.050374893760754
27,23,52.050374893760754
27,24,3.889939525783363
27,25,2.048866974923166
27,26,2.048866974923166
27,27,0.0
27,28,0.3487690568822063
27,30,1.1702170806191823
27,33,2.912400457439349
27,34,3.6610140466567316
27,35,5.661914357634852
27,36,6.044895806446866
27,37,4.715955067221193
27,38,4.044507362743989
27,39,3.5460668930387067
27,40,2.2553348768118773
27,41,6.349508246923133
27,42,7.398314108002548
27,43,6.050273259179981
27,44,5.139535065787308
27,45,52.050374893760754
27,47,1.6424808702647358
27,48,52.050374893760754
27,50,2.451582002736264
27,51,0.8788054540682948
27,52,2.495570713644464
27,53,2.4553934553850723
27,54,1.9233069514386525
28,0,51.92513460794194
28,1,7.274939593425663
28,2,51.92513460794194
28,3,51.92513460794194
28,4,7.274939593425663
28,5,51.92513460794194
28,6,3.624680474973289
28,7,5.878930554947655
28,8,3.9515339715104076
28,9,2.6134134506775912
28,10,8.242381928410186
28,11,51.92513460794194
28,12,1.112080877040231
28,13,2.10497822551795
28,14,51.92513460794194
28,15,1.5038567019641589
28,16,5.45446192547846
28,17,8.599700026367495
28,18,7.6900131594555114
28,19,9.209998254870081
28,20,8.223028491647849
28,21,51.92513460794194
28,22,51.92513460794194
28,23,51.92513460794194
28,24,3.9627857671626594
28,25,1.9035465972903578
28,26,1.9035465972903578
28,27,0.3487690568822063
28,28,0.0
28,30,0.9372168567625376
28,33,2.5827747057559507
28,34,3.3122695814936343
28,35,5.7748443423661
28,36,6.2004989670598345
28,37,4.848123273413344
28,38,4.058872363980353
28,39,3.624680474973289
28,40,2.4020287822215716
28,41,6.533762226379263
28,42,7.618042994534259
28,43,6.2556746703461075
28,44,5.309326020853859
28,45,51.92513460794194
28,47,1.2982636081134047
28,48,51.92513460794194
28,50,2.10497822551795
28,51,0.6868460402587313
28,52,2.1468989378213363
28,53,2.2302036435255923
28,54,1.9744187734299476
30,0,52.4628574515362
30,1,7.813076984026107
30,2,52.4628574515362
30,3,52.4628574515362
30,4,7.813076984026107
30,5,52.4628574515362
30,6,4.522485601208488
30,7,6.299097853749527
30,8,4.775136831433505
30,9,3.4576994693610223
30,10,9.169106018820102
30,11,52.4628574515362
30,12,1.7617275506966406
30,13,1.6446664580144474
30,14,52.4628574515362
30,15,2.1149044404313573
30,16,6.355096060955636
30,17,9.500438146582576
30,18,8.615777566362613
30,19,10.091124291609463
30,20,9.04848880590533
30,21,52.4628574515362
30,22,52.4628574515362
30,23,52.4628574515362
30,24,4.854632499113679
30,25,2.565472872917363
30,26,2.565472872917363
30,27,1.1702170806191823
30,28,0.9372168567625376
30,30,0.0
30,33,2.523592874007789
30,34,2.8991363127794614
30,35,6.688490253120125
30,36,7.13253906764139
30,37,5.7728617440337375
30,38,4.8957776232989225
30,39,4.522485601208488
30,40,3.335911615570512
30,41,7.470795626775867
30,42,8.551178434191446
30,43,7.191793769941892
30,44,6.244952840114287
30,45,52.4628574515362
30,47,0.9208100909605683
30,48,52.4628574515362
30,50,1.6446664580144474
30,51,1.4366055575238559
30,52,1.8162341432765097
30,53,2.6820417223381408
30,54,2.869367941856864
33,0,50.252724046178216
33,1,5.793833138465266
33,2,50.252724046178216
33,3,50.252724046178216
33,4,5.793833138465266
33,5,50.252724046178216
33,6,4.278956660499141
33,7,4.109821234594653
33,8,4.018165465286203
33,9,3.134979476246857
33,10,8.85006951097678
33,11,50.252724046178216
33,12,1.914820805272971
33,13,1.1956367957856346
33,14,50.252724046178216
33,15,4.057835901062068
33,16,5.899498133103819
33,17,8.856769694553781
33,18,8.30495389426894
33,19,9.264693649239842
33,20,7.924056848718304
33,21,50.252724046178216
33,22,50.252724046178216
33,23,50.252724046178216
33,24,4.5065864952836785
33,25,1.9854315511509812
33,26,1.9854315511509812
33,27,2.912400457439349
33,28,2.5827747057559507
33,30,2.523592874007789
33,33,0.0
33,34,1.2332993389343936
33,35,6.3343917250547745
33,36,7.025550212451556
33,37,5.644544792956706
33,38,4.1883015447207885
33,39,4.278956660499141
33,40,3.775203686487098
33,41,7.5413297413158
33,42,8.831258942459838
33,43,7.4348224657855795
33,44,6.311703149614871
33,45,50.252724046178216
33,47,1.6097821415859133
33,48,50.252724046178216
33,50,1.1956367957856346
33,51,2.1812929204768645
33,52,0.8852934783966243
33,53,1.401101956873139
33,54,3.0585494957851322
34,0,50.77657266735379
34,1,6.639562876088197
34,2,50.77657266735379
34,3,50.77657266735379
34,4,6.639562876088197
34,5,50.77657266735379
34,6,5.506095915687312
34,7,4.89038564720937
34,8,5.2469671020264075
34,9,4.352649855092271
34,10,10.080710042860018
34,11,50.77657266735379
34,12,2.9578273324169624
34,13,1.2571107780846995
34,14,50.77657266735379
34,15,4.8114135848285695
34,16,7.131124575658499
34,17,10.067111422008903
34,18,9.5364816918425
34,19,10.451983473564017
34,20,9.069536463264514
34,21,50.77657266735379
34,22,50.77657266735379
34,23,50.77657266735379
34,24,5.738489867898636
34,25,3.1850053777476925
34,26,3.1850053777476925
34,27,3.6610140466567316
34,28,3.3122695814936343
34,30,2.8991363127794614
34,33,1.2332993389343936
34,34,0.0
34,35,7.567265857616968
34,36,8.257343525196239
34,37,6.873800715314134
34,38,5.418059427867382
34,39,5.506095915687312
34,40,4.919881799358801
34,41,8.76790852858614
34,42,10.048759274191111
34,43,8.650261315609859
34,44,7.534230137934758
34,45,50.77657266735379
34,47,2.05388930430007
34,48,50.77657266735379
34,50,1.2571107780846995
34,51,3.113019891036838
34,52,1.1658843130512355
34,53,2.632380581161892
34,54,4.213545364657086
35,0,47.714410083391655
35,1,5.079740290127491
35,2,47.714410083391655
35,3,47.714410083391655
35,4,5.079740290127491
35,5,47.714410083391655
35,6,2.1841000915066218
35,7,5.23993508074223
35,8,2.342129636718454
35,9,3.3411969485822133
35,10,2.5345905036063447
35,11,47.714410083391655
35,12,5.094946961551863
35,13,6.9978194509527025
35,14,47.714410083391655
35,15,5.594648061612397
35,16,0.4685409438954519
35,17,2.84877477665299
35,18,1.981500650690268
35,19,3.5486514719568443
35,20,3.100125861229926
35,21,47.714410083391655
35,22,47.714410083391655
35,23,47.714410083391655
35,24,1.8799054334071033
35,25,4.499218054588518
35,26,4.499218054588518
35,27,5.661914357634852
35,28,5.7748443423661
35,30,6.688490253120125
35,33,6.3343917250547745
35,34,7.567265857616968
35,35,0.0
35,36,0.8818011434339064
35,37,0.9860522873772545
35,38,2.16639662363631
35,39,2.1841000915066218
35,40,3.4142918889028406
35,41,1.550851016554624
35,42,2.906262191491964
35,43,1.8227820713808587
35,44,1.092429907464353
35,45,47.714410083391655
35,47,6.538060824582311
35,48,47.714410083391655
35,50,6.9978194509527025
35,51,5.288435995783491
35,52,6.786015978552755
35,53,4.943596263727133
35,54,3.8231023083878486
36,0,48.02062689733897
36,1,5.920092935249971
36,2,48.02062689733897
36,3,48.02062689733897
36,4,5.920092935249971
36,5,48.02062689733897
36,6,2.7660922711647453
36,7,6.121704259538854
36,8,3.11239824763107
36,9,3.9412298647072186
36,10,2.06718705295596
36,11,48.02062689733897
36,12,5.640447294749535
36,13,7.601334575283002
36,14,48.02062689733897
36,15,5.812757864973288
36,16,1.3322244579445466
36,17,2.739454927064944
36,18,1.5334511994537596
36,19,3.555411528358445
36,20,3.518102994993195
36,21,48.02062689733897
36,22,48.02062689733897
36,23,48.02062689733897
36,24,2.5189638086360118
36,25,5.1216713418962145
36,26,5.1216713418962145
36,27,6.044895806446866
36,28,6.2004989670598345
36,30,7.13253906764139
36,33,7.025550212451556
36,34,8.257343525196239
36,35,0.8818011434339064
36,36,0.0
