source_id,target_id,rtt
0,0,0.0
0,1,1.6669012119234417
0,2,3.7805686975499397
0,3,2.255257123149671
0,4,10.136706389990957
0,5,10.451983473564017
0,6,9.139675702868804
0,7,9.209998254870081
0,8,9.264693649239842
0,9,7.693264791986036
0,11,8.399442686423104
0,12,44.56449722614761
0,14,44.56449722614761
0,16,5.377210183995794
0,17,5.233703563261551
0,18,4.304790919742515
0,19,7.974310324317605
0,20,44.56449722614761
0,21,44.56449722614761
0,22,5.534634058213142
0,23,44.56449722614761
0,25,6.641202329058419
0,26,5.589732321364572
1,0,1.6669012119234417
1,1,0.0
1,2,3.122445167032414
1,3,2.842639604159723
1,4,8.885265724878284
1,5,9.069536463264514
1,6,8.398468113001671
1,7,8.223028491647849
1,8,7.924056848718304
1,9,6.5397530549489815
1,11,7.3026950816982845
1,12,44.61528287533824
1,14,44.61528287533824
1,16,4.275339123203109
1,17,4.164195835191129
1,18,4.489030695772362
1,19,6.716875913248415
1,20,44.61528287533824
1,21,44.61528287533824
1,22,3.8706609009776725
1,23,44.61528287533824
1,25,5.609622495829326
1,26,4.717464490605792
2,0,3.7805686975499397
2,1,3.122445167032414
2,2,0.0
2,3,2.4054560318823457
2,4,6.594598152412403
2,5,7.131124575658499
2,6,5.3775695347386305
2,7,5.45446192547846
2,8,5.899498133103819
2,9,4.096564102089456
2,11,4.723009869301765
2,12,47.71485672352072
2,14,47.71485672352072
2,16,1.8915529567719713
2,17,1.7172272670786404
2,18,2.210410536224619
2,19,4.515258693892799
2,20,47.71485672352072
2,21,47.71485672352072
2,22,4.7238739289584375
2,23,47.71485672352072
2,25,2.9576814362894766
2,26,1.8326123663578662
3,0,2.255257123149671
3,1,2.842639604159723
3,2,2.4054560318823457
3,3,0.0
3,4,8.978649815425252
3,5,9.5364816918425
3,6,7.345838942172658
3,7,7.6900131594555114
3,8,8.30495389426894
3,9,6.480390160544156
3,11,7.062937762701074
3,12,46.81767862127153
3,14,46.81767862127153
3,16,4.293059103795435
3,17,4.1201433692882246
3,18,2.0776261018866435
3,19,6.919363659049085
3,20,46.81767862127153
3,21,46.81767862127153
3,22,6.136944228740089
3,23,46.81767862127153
3,25,5.318434640383076
3,26,4.152187967069116
4,0,10.136706389990957
4,1,8.885265724878284
4,2,6.594598152412403
4,3,8.978649815425252
4,4,0.0
4,5,1.2571107780846995
4,6,3.5859982334316705
4,7,2.10497822551795
4,8,1.1956367957856346
4,9,2.498964347311371
4,11,2.0090771095656463
4,12,51.44670395515913
4,14,51.44670395515913
4,16,4.779740649639166
4,17,4.936525283829921
4,18,7.87034122840346
4,19,2.1706050164363258
4,20,51.44670395515913
4,21,51.44670395515913
4,22,6.97010599865951
4,23,51.44670395515913
4,25,3.6656842438386965
4,26,4.84091890351971
5,0,10.451983473564017
5,1,9.069536463264514
5,2,7.131124575658499
5,3,9.5364816918425
5,4,1.2571107780846995
5,5,0.0
5,6,4.8114135848285695
5,7,3.3122695814936343
5,8,1.2332993389343936
5,9,3.1850053777476925
5,11,2.9578273324169624
5,12,50.77657266735379
5,14,50.77657266735379
5,16,5.2469671020264075
5,17,5.418059427867382
5,18,8.650261315609859
5,19,2.632380581161892
5,20,50.77657266735379
5,21,50.77657266735379
5,22,6.639562876088197
5,23,50.77657266735379
5,25,4.352649855092271
5,26,5.506095915687312
6,0,9.139675702868804
6,1,8.398468113001671
6,2,5.3775695347386305
6,3,7.345838942172658
6,4,3.5859982334316705
6,5,4.8114135848285695
6,6,0.0
6,7,1.5038567019641589
6,8,4.057835901062068
6,9,2.899180479521714
6,11,2.311412066850781
6,12,52.623088602223376
6,14,52.623088602223376
6,16,4.309518829731928
6,17,4.361621936981918
6,18,5.625344235767561
6,19,3.4372757518696075
6,20,52.623088602223376
6,21,52.623088602223376
6,22,8.125097216676767
6,23,52.623088602223376
6,25,3.0524990948367963
6,26,3.6865398620966237
7,0,9.209998254870081
7,1,8.223028491647849
7,2,5.45446192547846
7,3,7.6900131594555114
7,4,2.10497822551795
7,5,3.3122695814936343
7,6,1.5038567019641589
7,7,0.0
7,8,2.5827747057559507
7,9,1.9035465972903578
7,11,1.112080877040231
7,12,51.92513460794194
7,14,51.92513460794194
7,16,3.9515339715104076
7,17,4.058872363980353
7,18,6.2556746703461075
7,19,2.2302036435255923
7,20,51.92513460794194
7,21,51.92513460794194
7,22,7.274939593425663
7,23,51.92513460794194
7,25,2.6134134506775912
7,26,3.624680474973289
8,0,9.264693649239842
8,1,7.924056848718304
8,2,5.899498133103819
8,3,8.30495389426894
8,4,1.1956367957856346
8,5,1.2332993389343936
8,6,4.057835901062068
8,7,2.5827747057559507
8,8,0.0
8,9,1.9854315511509812
8,11,1.914820805272971
8,12,50.252724046178216
8,14,50.252724046178216
8,16,4.018165465286203
8,17,4.1883015447207885
8,18,7.4348224657855795
8,19,1.401101956873139
8,20,50.252724046178216
8,21,50.252724046178216
8,22,5.793833138465266
8,23,50.252724046178216
8,25,3.134979476246857
8,26,4.278956660499141
9,0,7.693264791986036
9,1,6.5397530549489815
9,2,4.096564102089456
9,3,6.480390160544156
9,4,2.498964347311371
9,5,3.1850053777476925
9,6,2.899180479521714
9,7,1.9035465972903578
9,8,1.9854315511509812
9,9,0.0
9,11,0.8131110769014634
9,12,50.021868586395804
9,14,50.021868586395804
9,16,2.3160547981266606
9,17,2.4626688680279196
9,18,5.466985852375949
9,19,0.6891867952766513
9,20,50.021868586395804
9,21,50.021868586395804
9,22,5.376388220848118
9,23,50.021868586395804
9,25,1.1818350477222817
9,26,2.3555849162316416
11,0,8.399442686423104
11,1,7.3026950816982845
11,2,4.723009869301765
11,3,7.062937762701074
11,4,2.0090771095656463
11,5,2.9578273324169624
11,6,2.311412066850781
11,7,1.112080877040231
11,8,1.914820805272971
11,9,0.8131110769014634
11,11,0.0
11,12,50.820045805325236
11,14,50.820045805325236
11,16,3.0408819788335313
11,17,3.172275896169819
11,18,5.866188677603089
11,19,1.1487299197725522
11,20,50.820045805325236
11,21,50.820045805325236
11,22,6.165703782164155
11,23,50.820045805325236
11,25,1.7682566101387764
11,26,2.91186531416557
12,0,44.56449722614761
12,1,44.61528287533824
12,2,47.71485672352072
12,3,46.81767862127153
12,4,51.44670395515913
12,5,50.77657266735379
12,6,52.623088602223376
12,7,51.92513460794194
12,8,50.252724046178216
12,9,50.021868586395804
12,11,50.820045805325236
12,12,0.0
12,14,0.0
12,16,48.32763369027503
12,17,48.29339915509495
12,18,48.86070862859648
12,19,49.78392105235088
12,20,0.0
12,21,0.0
12,22,44.658631574534176
12,23,0.0
12,25,49.57477739335792
12,26,49.053156514938784
14,0,44.56449722614761
14,1,44.61528287533824
14,2,47.71485672352072
14,3,46.81767862127153
14,4,51.44670395515913
14,5,50.77657266735379
14,6,52.623088602223376
14,7,51.92513460794194
14,8,50.252724046178216
14,9,50.021868586395804
14,11,50.820045805325236
14,12,0.0
14,14,0.0
14,16,48.32763369027503
14,17,48.29339915509495
14,18,48.86070862859648
14,19,49.78392105235088
14,20,0.0
14,21,0.0
14,22,44.658631574534176
14,23,0.0
14,25,49.57477739335792
14,26,49.053156514938784
16,0,5.377210183995794
16,1,4.275339123203109
16,2,1.8915529567719713
16,3,4.293059103795435
16,4,4.779740649639166
16,5,5.2469671020264075
16,6,4.309518829731928
16,7,3.9515339715104076
16,8,4.018165465286203
16,9,2.3160547981266606
16,11,3.0408819788335313
16,12,48.32763369027503
16,14,48.32763369027503
16,16,0.0
16,17,0.17645577478952834
16,18,3.74425728051048
16,19,2.65011925893838
16,20,48.32763369027503
16,21,48.32763369027503
16,22,4.122230633209179
16,23,48.32763369027503
16,25,1.3415556482040014
16,26,0.9111265845559571
17,0,5.233703563261551
17,1,4.164195835191129
17,2,1.7172272670786404
17,3,4.1201433692882246
17,4,4.936525283829921
17,5,5.418059427867382
17,6,4.361621936981918
17,7,4.058872363980353
17,8,4.1883015447207885
17,9,2.4626688680279196
17,11,3.172275896169819
17,12,48.29339915509495
17,14,48.29339915509495
17,16,0.17645577478952834
17,17,0.0
17,18,3.5765585027656774
17,19,2.815536931378642
17,20,48.29339915509495
17,21,48.29339915509495
17,22,4.171166812009201
17,23,48.29339915509495
17,25,1.4455552602615889
17,26,0.8480887566384985
18,0,4.304790919742515
18,1,4.489030695772362
18,2,2.210410536224619
18,3,2.0776261018866435
18,4,7.87034122840346
18,5,8.650261315609859
18,6,5.625344235767561
18,7,6.2556746703461075
18,8,7.4348224657855795
18,9,5.466985852375949
18,11,5.866188677603089
18,12,48.86070862859648
18,14,48.86070862859648
18,16,3.74425728051048
18,17,3.5765585027656774
18,18,0.0
18,19,6.04327897813558
18,20,48.86070862859648
18,21,48.86070862859648
18,22,6.902417663643604
18,23,48.86070862859648
18,25,4.299889498518818
18,26,3.1806820486422795
19,0,7.974310324317605
19,1,6.716875913248415
19,2,4.515258693892799
19,3,6.919363659049085
19,4,2.1706050164363258
19,5,2.632380581161892
19,6,3.4372757518696075
19,7,2.2302036435255923
19,8,1.401101956873139
19,9,0.6891867952766513
19,11,1.1487299197725522
19,12,49.78392105235088
19,14,49.78392105235088
19,16,2.65011925893838
19,17,2.815536931378642
19,18,6.04327897813558
19,19,0.0
19,20,49.78392105235088
19,21,49.78392105235088
19,22,5.13104773364984
19,23,49.78392105235088
19,25,1.7489812331128356
19,26,2.879126123621648
20,0,44.56449722614761
20,1,44.61528287533824
20,2,47.71485672352072
20,3,46.81767862127153
20,4,51.44670395515913
20,5,50.77657266735379
20,6,52.623088602223376
20,7,51.92513460794194
20,8,50.252724046178216
20,9,50.021868586395804
20,11,50.820045805325236
20,12,0.0
20,14,0.0
20,16,48.32763369027503
20,17,48.29339915509495
20,18,48.86070862859648
20,19,49.78392105235088
20,20,0.0
20,21,0.0
20,22,44.658631574534176
20,23,0.0
20,25,49.57477739335792
20,26,49.053156514938784
21,0,44.56449722614761
21,1,44.61528287533824
21,2,47.71485672352072
21,3,46.81767862127153
21,4,51.44670395515913
21,5,50.77657266735379
21,6,52.623088602223376
21,7,51.92513460794194
21,8,50.252724046178216
21,9,50.021868586395804
21,11,50.820045805325236
21,12,0.0
21,14,0.0
21,16,48.32763369027503
21,17,48.29339915509495
21,18,48.86070862859648
21,19,49.78392105235088
21,20,0.0
21,21,0.0
21,22,44.658631574534176
21,23,0.0
21,25,49.57477739335792
21,26,49.053156514938784
22,0,5.534634058213142
22,1,3.8706609009776725
22,2,4.7238739289584375
22,3,6.136944228740089
22,4,6.97010599865951
22,5,6.639562876088197
22,6,8.125097216676767
22,7,7.274939593425663
22,8,5.793833138465266
22,9,5.376388220848118
22,11,6.165703782164155
22,12,44.658631574534176
22,14,44.658631574534176
22,16,4.122230633209179
22,17,4.171166812009201
22,18,6.902417663643604
22,19,5.13104773364984
22,20,44.658631574534176
22,21,44.658631574534176
22,22,0.0
22,23,44.658631574534176
22,25,5.117076713895553
22,26,5.018903332792924
23,0,44.56449722614761
23,1,44.61528287533824
23,2,47.71485672352072
23,3,46.81767862127153
23,4,51.44670395515913
23,5,50.77657266735379
23,6,52.623088602223376
23,7,51.92513460794194
23,8,50.252724046178216
23,9,50.021868586395804
23,11,50.820045805325236
23,12,0.0
23,14,0.0
23,16,48.32763369027503
23,17,48.29339915509495
23,18,48.86070862859648
23,19,49.78392105235088
23,20,0.0
23,21,0.0
23,22,44.658631574534176
23,23,0.0
23,25,49.57477739335792
23,26,49.053156514938784
25,0,6.641202329058419
25,1,5.609622495829326
25,2,2.9576814362894766
25,3,5.318434640383076
25,4,3.6656842438386965
25,5,4.352649855092271
25,6,3.0524990948367963
25,7,2.6134134506775912
25,8,3.134979476246857
25,9,1.1818350477222817
25,11,1.7682566101387764
25,12,49.57477739335792
25,14,49.57477739335792
25,16,1.3415556482040014
25,17,1.4455552602615889
25,18,4.299889498518818
25,19,1.7489812331128356
25,20,49.57477739335792
25,21,49.57477739335792
25,22,5.117076713895553
25,23,49.57477739335792
25,25,0.0
25,26,1.1760685555759198
26,0,5.589732321364572
26,1,4.717464490605792
26,2,1.8326123663578662
26,3,4.152187967069116
26,4,4.84091890351971
26,5,5.506095915687312
26,6,3.6865398620966237
26,7,3.624680474973289
26,8,4.278956660499141
26,9,2.3555849162316416
26,11,2.91186531416557
26,12,49.053156514938784
26,14,49.053156514938784
26,16,0.9111265845559571
26,17,0.8480887566384985
26,18,3.1806820486422795
26,19,2.879126123621648
26,20,49.053156514938784
26,21,49.053156514938784
26,22,5.018903332792924
26,23,49.053156514938784
26,25,1.1760685555759198
26,26,0.0
