source_id,target_id,rtt
0,0,0.0
0,1,2.10497822551795
0,2,8.223028491647849
0,3,1.5038567019641589
0,4,1.9035465972903578
0,5,1.112080877040231
0,6,3.3122695814936343
0,7,2.5827747057559507
0,9,5.45446192547846
0,10,51.92513460794194
0,12,3.9515339715104076
0,14,9.209998254870081
0,15,2.2302036435255923
0,16,51.92513460794194
0,17,51.92513460794194
0,18,7.274939593425663
0,20,3.624680474973289
0,21,4.058872363980353
0,22,6.2556746703461075
1,0,2.10497822551795
1,1,0.0
1,2,8.885265724878284
1,3,3.5859982334316705
1,4,2.498964347311371
1,5,2.0090771095656463
1,6,1.2571107780846995
1,7,1.1956367957856346
1,9,6.594598152412403
1,10,51.44670395515913
1,12,4.779740649639166
1,14,10.136706389990957
1,15,2.1706050164363258
1,16,51.44670395515913
1,17,51.44670395515913
1,18,6.97010599865951
1,20,4.84091890351971
1,21,4.936525283829921
1,22,7.87034122840346
2,0,8.223028491647849
2,1,8.885265724878284
2,2,0.0
2,3,8.398468113001671
2,4,6.5397530549489815
2,5,7.3026950816982845
2,6,9.069536463264514
2,7,7.924056848718304
2,9,3.122445167032414
2,10,44.61528287533824
2,12,4.275339123203109
2,14,1.6669012119234417
2,15,6.716875913248415
2,16,44.61528287533824
2,17,44.61528287533824
2,18,3.8706609009776725
2,20,4.717464490605792
2,21,4.164195835191129
2,22,4.489030695772362
3,0,1.5038567019641589
3,1,3.5859982334316705
3,2,8.398468113001671
3,3,0.0
3,4,2.899180479521714
3,5,2.311412066850781
3,6,4.8114135848285695
3,7,4.057835901062068
3,9,5.3775695347386305
3,10,52.623088602223376
3,12,4.309518829731928
3,14,9.139675702868804
3,15,3.4372757518696075
3,16,52.623088602223376
3,17,52.623088602223376
3,18,8.125097216676767
3,20,3.6865398620966237
3,21,4.361621936981918
3,22,5.625344235767561
4,0,1.9035465972903578
4,1,2.498964347311371
4,2,6.5397530549489815
4,3,2.899180479521714
4,4,0.0
4,5,0.8131110769014634
4,6,3.1850053777476925
4,7,1.9854315511509812
4,9,4.096564102089456
4,10,50.021868586395804
4,12,2.3160547981266606
4,14,7.693264791986036
4,15,0.6891867952766513
4,16,50.021868586395804
4,17,50.021868586395804
4,18,5.376388220848118
4,20,2.3555849162316416
4,21,2.4626688680279196
4,22,5.466985852375949
5,0,1.112080877040231
5,1,2.0090771095656463
5,2,7.3026950816982845
5,3,2.311412066850781
5,4,0.8131110769014634
5,5,0.0
5,6,2.9578273324169624
5,7,1.914820805272971
5,9,4.723009869301765
5,10,50.820045805325236
5,12,3.0408819788335313
5,14,8.399442686423104
5,15,1.1487299197725522
5,16,50.820045805325236
5,17,50.820045805325236
5,18,6.165703782164155
5,20,2.91186531416557
5,21,3.172275896169819
5,22,5.866188677603089
6,0,3.3122695814936343
6,1,1.2571107780846995
6,2,9.069536463264514
6,3,4.8114135848285695
6,4,3.1850053777476925
6,5,2.9578273324169624
6,6,0.0
6,7,1.2332993389343936
6,9,7.131124575658499
6,10,50.77657266735379
6,12,5.2469671020264075
6,14,10.451983473564017
6,15,2.632380581161892
6,16,50.77657266735379
6,17,50.77657266735379
6,18,6.639562876088197
6,20,5.506095915687312
6,21,5.418059427867382
6,22,8.650261315609859
7,0,2.5827747057559507
7,1,1.1956367957856346
7,2,7.924056848718304
7,3,4.057835901062068
7,4,1.9854315511509812
7,5,1.914820805272971
7,6,1.2332993389343936
7,7,0.0
7,9,5.899498133103819
7,10,50.252724046178216
7,12,4.018165465286203
7,14,9.264693649239842
7,15,1.401101956873139
7,16,50.252724046178216
7,17,50.252724046178216
7,18,5.793833138465266
7,20,4.278956660499141
7,21,4.1883015447207885
7,22,7.4348224657855795
9,0,5.45446192547846
9,1,6.594598152412403
9,2,3.122445167032414
9,3,5.3775695347386305
9,4,4.096564102089456
9,5,4.723009869301765
9,6,7.131124575658499
9,7,5.899498133103819
9,9,0.0
9,10,47.71485672352072
9,12,1.8915529567719713
9,14,3.7805686975499397
9,15,4.515258693892799
9,16,47.71485672352072
9,17,47.71485672352072
9,18,4.7238739289584375
9,20,1.8326123663578662
9,21,1.7172272670786404
9,22,2.210410536224619
10,0,51.92513460794194
10,1,51.44670395515913
10,2,44.61528287533824
10,3,52.623088602223376
10,4,50.021868586395804
10,5,50.820045805325236
10,6,50.77657266735379
10,7,50.252724046178216
10,9,47.71485672352072
10,10,0.0
10,12,48.32763369027503
10,14,44.56449722614761
10,15,49.78392105235088
10,16,0.0
10,17,0.0
10,18,44.658631574534176
10,20,49.053156514938784
10,21,48.29339915509495
10,22,48.86070862859648
12,0,3.9515339715104076
12,1,4.779740649639166
12,2,4.275339123203109
12,3,4.309518829731928
12,4,2.3160547981266606
12,5,3.0408819788335313
12,6,5.2469671020264075
12,7,4.018165465286203
12,9,1.8915529567719713
12,10,48.32763369027503
12,12,0.0
12,14,5.377210183995794
12,15,2.65011925893838
12,16,48.32763369027503
12,17,48.32763369027503
12,18,4.122230633209179
12,20,0.9111265845559571
12,21,0.17645577478952834
12,22,3.74425728051048
14,0,9.209998254870081
14,1,10.136706389990957
14,2,1.6669012119234417
14,3,9.139675702868804
14,4,7.693264791986036
14,5,8.399442686423104
14,6,10.451983473564017
14,7,9.264693649239842
14,9,3.7805686975499397
14,10,44.56449722614761
14,12,5.377210183995794
14,14,0.0
14,15,7.974310324317605
14,16,44.56449722614761
14,17,44.56449722614761
14,18,5.534634058213142
14,20,5.589732321364572
14,21,5.233703563261551
14,22,4.304790919742515
15,0,2.2302036435255923
15,1,2.1706050164363258
15,2,6.716875913248415
15,3,3.4372757518696075
15,4,0.6891867952766513
15,5,1.1487299197725522
15,6,2.632380581161892
15,7,1.401101956873139
15,9,4.515258693892799
15,10,49.78392105235088
15,12,2.65011925893838
15,14,7.974310324317605
15,15,0.0
15,16,49.78392105235088
15,17,49.78392105235088
15,18,5.13104773364984
15,20,2.879126123621648
15,21,2.815536931378642
15,22,6.04327897813558
16,0,51.92513460794194
16,1,51.44670395515913
16,2,44.61528287533824
16,3,52.623088602223376
16,4,50.021868586395804
16,5,50.820045805325236
16,6,50.77657266735379
16,7,50.252724046178216
16,9,47.71485672352072
16,10,0.0
16,12,48.32763369027503
16,14,44.56449722614761
16,15,49.78392105235088
16,16,0.0
16,17,0.0
16,18,44.658631574534176
16,20,49.053156514938784
16,21,48.29339915509495
16,22,48.86070862859648
17,0,51.92513460794194
17,1,51.44670395515913
17,2,44.61528287533824
17,3,52.623088602223376
17,4,50.021868586395804
17,5,50.820045805325236
17,6,50.77657266735379
17,7,50.252724046178216
17,9,47.71485672352072
17,10,0.0
17,12,48.32763369027503
17,14,44.56449722614761
17,15,49.78392105235088
17,16,0.0
17,17,0.0
17,18,44.658631574534176
17,20,49.053156514938784
17,21,48.29339915509495
17,22,48.86070862859648
18,0,7.274939593425663
18,1,6.97010599865951
18,2,3.8706609009776725
18,3,8.125097216676767
18,4,5.376388220848118
18,5,6.165703782164155
18,6,6.639562876088197
18,7,5.793833138465266
18,9,4.7238739289584375
18,10,44.658631574534176
18,12,4.122230633209179
18,14,5.534634058213142
18,15,5.13104773364984
18,16,44.658631574534176
18,17,44.658631574534176
18,18,0.0
18,20,5.018903332792924
18,21,4.171166812009201
18,22,6.902417663643604
20,0,3.624680474973289
20,1,4.84091890351971
20,2,4.717464490605792
20,3,3.6865398620966237
20,4,2.3555849162316416
20,5,2.91186531416557
20,6,5.506095915687312
20,7,4.278956660499141
20,9,1.8326123663578662
20,10,49.053156514938784
20,12,0.9111265845559571
20,14,5.589732321364572
20,15,2.879126123621648
20,16,49.053156514938784
20,17,49.053156514938784
20,18,5.018903332792924
20,20,0.0
20,21,0.8480887566384985
20,22,3.1806820486422795
21,0,4.058872363980353
21,1,4.936525283829921
21,2,4.164195835191129
21,3,4.361621936981918
21,4,2.4626688680279196
21,5,3.172275896169819
21,6,5.418059427867382
21,7,4.1883015447207885
21,9,1.7172272670786404
21,10,48.29339915509495
21,12,0.17645577478952834
21,14,5.233703563261551
21,15,2.815536931378642
21,16,48.29339915509495
21,17,48.29339915509495
21,18,4.171166812009201
21,20,0.8480887566384985
21,21,0.0
21,22,3.5765585027656774
22,0,6.2556746703461075
22,1,7.87034122840346
22,2,4.489030695772362
22,3,5.625344235767561
22,4,5.466985852375949
22,5,5.866188677603089
22,6,8.650261315609859
22,7,7.4348224657855795
22,9,2.210410536224619
22,10,48.86070862859648
22,12,3.74425728051048
22,14,4.304790919742515
22,15,6.04327897813558
22,16,48.86070862859648
22,17,48.86070862859648
22,18,6.902417663643604
22,20,3.1806820486422795
22,21,3.5765585027656774
22,22,0.0
