source_id,target_id,rtt
0,0,0.0
0,1,2.10497822551795
0,2,8.223028491647849
0,3,1.5038567019641589
0,4,1.9035465972903578
0,5,1.112080877040231
0,6,3.3122695814936343
0,7,2.5827747057559507
0,9,5.45446192547846
0,11,3.9515339715104076
0,13,9.209998254870081
0,14,2.2302036435255923
0,15,51.92513460794194
0,16,51.92513460794194
0,17,7.274939593425663
0,19,3.624680474973289
0,20,4.058872363980353
0,21,6.2556746703461075
1,0,2.10497822551795
1,1,0.0
1,2,8.885265724878284
1,3,3.5859982334316705
1,4,2.498964347311371
1,5,2.0090771095656463
1,6,1.2571107780846995
1,7,1.1956367957856346
1,9,6.594598152412403
1,11,4.779740649639166
1,13,10.136706389990957
1,14,2.1706050164363258
1,15,51.44670395515913
1,16,51.44670395515913
1,17,6.97010599865951
1,19,4.84091890351971
1,20,4.936525283829921
1,21,7.87034122840346
2,0,8.223028491647849
2,1,8.885265724878284
2,2,0.0
2,3,8.398468113001671
2,4,6.5397530549489815
2,5,7.3026950816982845
2,6,9.069536463264514
2,7,7.924056848718304
2,9,3.122445167032414
2,11,4.275339123203109
2,13,1.6669012119234417
2,14,6.716875913248415
2,15,44.61528287533824
2,16,44.61528287533824
2,17,3.8706609009776725
2,19,4.717464490605792
2,20,4.164195835191129
2,21,4.489030695772362
3,0,1.5038567019641589
3,1,3.5859982334316705
3,2,8.398468113001671
3,3,0.0
3,4,2.899180479521714
3,5,2.311412066850781
3,6,4.8114135848285695
3,7,4.057835901062068
3,9,5.3775695347386305
3,11,4.309518829731928
3,13,9.139675702868804
3,14,3.4372757518696075
3,15,52.623088602223376
3,16,52.623088602223376
3,17,8.125097216676767
3,19,3.6865398620966237
3,20,4.361621936981918
3,21,5.625344235767561
4,0,1.9035465972903578
4,1,2.498964347311371
4,2,6.5397530549489815
4,3,2.899180479521714
4,4,0.0
4,5,0.8131110769014634
4,6,3.1850053777476925
4,7,1.9854315511509812
4,9,4.096564102089456
4,11,2.3160547981266606
4,13,7.693264791986036
4,14,0.6891867952766513
4,15,50.021868586395804
4,16,50.021868586395804
4,17,5.376388220848118
4,19,2.3555849162316416
4,20,2.4626688680279196
4,21,5.466985852375949
5,0,1.112080877040231
5,1,2.0090771095656463
5,2,7.3026950816982845
5,3,2.311412066850781
5,4,0.8131110769014634
5,5,0.0
5,6,2.9578273324169624
5,7,1.914820805272971
5,9,4.723009869301765
5,11,3.0408819788335313
5,13,8.399442686423104
5,14,1.1487299197725522
5,15,50.820045805325236
5,16,50.820045805325236
5,17,6.165703782164155
5,19,2.91186531416557
5,20,3.172275896169819
5,21,5.866188677603089
6,0,3.3122695814936343
6,1,1.2571107780846995
6,2,9.069536463264514
6,3,4.8114135848285695
6,4,3.1850053777476925
6,5,2.9578273324169624
6,6,0.0
6,7,1.2332993389343936
6,9,7.131124575658499
6,11,5.2469671020264075
6,13,10.451983473564017
6,14,2.632380581161892
6,15,50.77657266735379
6,16,50.77657266735379
6,17,6.639562876088197
6,19,5.506095915687312
6,20,5.418059427867382
6,21,8.650261315609859
7,0,2.5827747057559507
7,1,1.1956367957856346
7,2,7.924056848718304
7,3,4.057835901062068
7,4,1.9854315511509812
7,5,1.914820805272971
7,6,1.2332993389343936
7,7,0.0
7,9,5.899498133103819
7,11,4.018165465286203
7,13,9.264693649239842
7,14,1.401101956873139
7,15,50.252724046178216
7,16,50.252724046178216
7,17,5.793833138465266
7,19,4.278956660499141
7,20,4.1883015447207885
7,21,7.4348224657855795
9,0,5.45446192547846
9,1,6.594598152412403
9,2,3.122445167032414
9,3,5.3775695347386305
9,4,4.096564102089456
9,5,4.723009869301765
9,6,7.131124575658499
9,7,5.899498133103819
9,9,0.0
9,11,1.8915529567719713
9,13,3.7805686975499397
9,14,4.515258693892799
9,15,47.71485672352072
9,16,47.71485672352072
9,17,4.7238739289584375
9,19,1.8326123663578662
9,20,1.7172272670786404
9,21,2.210410536224619
11,0,3.9515339715104076
11,1,4.779740649639166
11,2,4.275339123203109
11,3,4.309518829731928
11,4,2.3160547981266606
11,5,3.0408819788335313
11,6,5.2469671020264075
11,7,4.018165465286203
11,9,1.8915529567719713
11,11,0.0
11,13,5.377210183995794
11,14,2.65011925893838
11,15,48.32763369027503
11,16,48.32763369027503
11,17,4.122230633209179
11,19,0.9111265845559571
11,20,0.17645577478952834
11,21,3.74425728051048
13,0,9.209998254870081
13,1,10.136706389990957
13,2,1.6669012119234417
13,3,9.139675702868804
13,4,7.693264791986036
13,5,8.399442686423104
13,6,10.451983473564017
13,7,9.264693649239842
13,9,3.7805686975499397
13,11,5.377210183995794
13,13,0.0
13,14,7.974310324317605
13,15,44.56449722614761
13,16,44.56449722614761
13,17,5.534634058213142
13,19,5.589732321364572
13,20,5.233703563261551
13,21,4.304790919742515
14,0,2.2302036435255923
14,1,2.1706050164363258
14,2,6.716875913248415
14,3,3.4372757518696075
14,4,0.6891867952766513
14,5,1.1487299197725522
14,6,2.632380581161892
14,7,1.401101956873139
14,9,4.515258693892799
14,11,2.65011925893838
14,13,7.974310324317605
14,14,0.0
14,15,49.78392105235088
14,16,49.78392105235088
14,17,5.13104773364984
14,19,2.879126123621648
14,20,2.815536931378642
14,21,6.04327897813558
15,0,51.92513460794194
15,1,51.44670395515913
15,2,44.61528287533824
15,3,52.623088602223376
15,4,50.021868586395804
15,5,50.820045805325236
15,6,50.77657266735379
15,7,50.252724046178216
15,9,47.71485672352072
15,11,48.32763369027503
15,13,44.56449722614761
15,14,49.78392105235088
15,15,0.0
15,16,0.0
15,17,44.658631574534176
15,19,49.053156514938784
15,20,48.29339915509495
15,21,48.86070862859648
16,0,51.92513460794194
16,1,51.44670395515913
16,2,44.61528287533824
16,3,52.623088602223376
16,4,50.021868586395804
16,5,50.820045805325236
16,6,50.77657266735379
16,7,50.252724046178216
16,9,47.71485672352072
16,11,48.32763369027503
16,13,44.56449722614761
16,14,49.78392105235088
16,15,0.0
16,16,0.0
16,17,44.658631574534176
16,19,49.053156514938784
16,20,48.29339915509495
16,21,48.86070862859648
17,0,7.274939593425663
17,1,6.97010599865951
17,2,3.8706609009776725
17,3,8.125097216676767
17,4,5.376388220848118
17,5,6.165703782164155
17,6,6.639562876088197
17,7,5.793833138465266
17,9,4.7238739289584375
17,11,4.122230633209179
17,13,5.534634058213142
17,14,5.13104773364984
17,15,44.658631574534176
17,16,44.658631574534176
17,17,0.0
17,19,5.018903332792924
17,20,4.171166812009201
17,21,6.902417663643604
19,0,3.624680474973289
19,1,4.84091890351971
19,2,4.717464490605792
19,3,3.6865398620966237
19,4,2.3555849162316416
19,5,2.91186531416557
19,6,5.506095915687312
19,7,4.278956660499141
19,9,1.8326123663578662
19,11,0.9111265845559571
19,13,5.589732321364572
19,14,2.879126123621648
19,15,49.053156514938784
19,16,49.053156514938784
19,17,5.018903332792924
19,19,0.0
19,20,0.8480887566384985
19,21,3.1806820486422795
20,0,4.058872363980353
20,1,4.936525283829921
20,2,4.164195835191129
20,3,4.361621936981918
20,4,2.4626688680279196
20,5,3.172275896169819
20,6,5.418059427867382
20,7,4.1883015447207885
20,9,1.7172272670786404
20,11,0.17645577478952834
20,13,5.233703563261551
20,14,2.815536931378642
20,15,48.29339915509495
20,16,48.29339915509495
20,17,4.171166812009201
20,19,0.8480887566384985
20,20,0.0
20,21,3.5765585027656774
21,0,6.2556746703461075
21,1,7.87034122840346
21,2,4.489030695772362
21,3,5.625344235767561
21,4,5.466985852375949
21,5,5.866188677603089
21,6,8.650261315609859
21,7,7.4348224657855795
21,9,2.210410536224619
21,11,3.74425728051048
21,13,4.304790919742515
21,14,6.04327897813558
21,15,48.86070862859648
21,16,48.86070862859648
21,17,6.902417663643604
21,19,3.1806820486422795
21,20,3.5765585027656774
21,21,0.0
