source_id,target_id,rtt
0,0,0.0
0,1,44.658631574534176
0,2,0.0
0,3,0.0
0,4,44.658631574534176
0,5,0.0
0,6,49.053156514938784
0,7,46.188481424409815
0,8,44.61528287533824
0,9,51.137880132966444
0,10,48.32763369027503
0,11,49.57477739335792
0,12,46.5222104683238
0,13,0.0
0,14,50.820045805325236
0,15,51.44670395515913
0,16,0.0
0,17,52.623088602223376
0,18,47.71485672352072
0,19,45.433368949721995
0,20,46.81767862127153
0,21,44.56449722614761
0,22,44.61528287533824
0,23,0.0
0,24,0.0
0,25,0.0
0,26,48.738257640551794
0,27,50.021868586395804
0,28,50.021868586395804
0,29,51.92513460794194
0,30,52.050374893760754
0,31,51.92513460794194
0,33,52.4628574515362
0,36,50.252724046178216
0,37,50.77657266735379
0,38,47.714410083391655
0,39,48.02062689733897
0,40,48.59624766845148
0,41,48.29339915509495
0,42,49.053156514938784
0,43,50.394358940003904
0,44,48.31824552308872
0,45,48.58315530060909
0,46,48.86070862859648
0,47,48.7714803769136
0,48,0.0
0,50,51.701266408632904
0,51,0.0
0,53,51.44670395515913
0,54,51.23839855588255
0,55,51.137880132966444
0,56,49.78392105235088
0,57,50.305087882148264
1,0,44.658631574534176
1,1,0.0
1,2,44.658631574534176
1,3,44.658631574534176
1,4,0.0
1,5,44.658631574534176
1,6,5.018903332792924
1,7,1.7626147867656956
1,8,3.8706609009776725
1,9,6.6582979516907805
1,10,4.122230633209179
1,11,5.117076713895553
1,12,6.465060115371411
1,13,44.658631574534176
1,14,6.165703782164155
1,15,6.97010599865951
1,16,44.658631574534176
1,17,8.125097216676767
1,18,4.7238739289584375
1,19,5.688998610301983
1,20,6.136944228740089
1,21,5.534634058213142
1,22,3.8706609009776725
1,23,44.658631574534176
1,24,44.658631574534176
1,25,44.658631574534176
1,26,4.815684446987463
1,27,5.376388220848118
1,28,5.376388220848118
1,29,7.274939593425663
1,30,7.4209150320194555
1,31,7.274939593425663
1,33,7.813076984026107
1,36,5.793833138465266
1,37,6.639562876088197
1,38,5.079740290127491
1,39,5.920092935249971
1,40,5.375229694248468
1,41,4.171166812009201
1,42,5.018903332792924
1,43,6.104513432785961
1,44,6.579794164286222
1,45,7.838224647807234
1,46,6.902417663643604
1,47,5.9955808175663154
1,48,44.658631574534176
1,50,7.094392849500983
1,51,44.658631574534176
1,53,6.97010599865951
1,54,6.588381907071242
1,55,6.6582979516907805
1,56,5.13104773364984
1,57,5.819568496073571
2,0,0.0
2,1,44.658631574534176
2,2,0.0
2,3,0.0
2,4,44.658631574534176
2,5,0.0
2,6,49.053156514938784
2,7,46.188481424409815
2,8,44.61528287533824
2,9,51.137880132966444
2,10,48.32763369027503
2,11,49.57477739335792
2,12,46.5222104683238
2,13,0.0
2,14,50.820045805325236
2,15,51.44670395515913
2,16,0.0
2,17,52.623088602223376
2,18,47.71485672352072
2,19,45.433368949721995
2,20,46.81767862127153
2,21,44.56449722614761
2,22,44.61528287533824
2,23,0.0
2,24,0.0
2,25,0.0
2,26,48.738257640551794
2,27,50.021868586395804
2,28,50.021868586395804
2,29,51.92513460794194
2,30,52.050374893760754
2,31,51.92513460794194
2,33,52.4628574515362
2,36,50.252724046178216
2,37,50.77657266735379
2,38,47.714410083391655
2,39,48.02062689733897
2,40,48.59624766845148
2,41,48.29339915509495
2,42,49.053156514938784
2,43,50.394358940003904
2,44,48.31824552308872
2,45,48.58315530060909
2,46,48.86070862859648
2,47,48.7714803769136
2,48,0.0
2,50,51.701266408632904
2,51,0.0
2,53,51.44670395515913
2,54,51.23839855588255
2,55,51.137880132966444
2,56,49.78392105235088
2,57,50.305087882148264
3,0,0.0
3,1,44.658631574534176
3,2,0.0
3,3,0.0
3,4,44.658631574534176
3,5,0.0
3,6,49.053156514938784
3,7,46.188481424409815
3,8,44.61528287533824
3,9,51.137880132966444
3,10,48.32763369027503
3,11,49.57477739335792
3,12,46.5222104683238
3,13,0.0
3,14,50.820045805325236
3,15,51.44670395515913
3,16,0.0
3,17,52.623088602223376
3,18,47.71485672352072
3,19,45.433368949721995
3,20,46.81767862127153
3,21,44.56449722614761
3,22,44.61528287533824
3,23,0.0
3,24,0.0
3,25,0.0
3,26,48.738257640551794
3,27,50.021868586395804
3,28,50.021868586395804
3,29,51.92513460794194
3,30,52.050374893760754
3,31,51.92513460794194
3,33,52.4628574515362
3,36,50.252724046178216
3,37,50.77657266735379
3,38,47.714410083391655
3,39,48.02062689733897
3,40,48.59624766845148
3,41,48.29339915509495
3,42,49.053156514938784
3,43,50.394358940003904
3,44,48.31824552308872
3,45,48.58315530060909
3,46,48.86070862859648
3,47,48.7714803769136
3,48,0.0
3,50,51.701266408632904
3,51,0.0
3,53,51.44670395515913
3,54,51.23839855588255
3,55,51.137880132966444
3,56,49.78392105235088
3,57,50.305087882148264
4,0,44.658631574534176
4,1,0.0
4,2,44.658631574534176
4,3,44.658631574534176
4,4,0.0
4,5,44.658631574534176
4,6,5.018903332792924
4,7,1.7626147867656956
4,8,3.8706609009776725
4,9,6.6582979516907805
4,10,4.122230633209179
4,11,5.117076713895553
4,12,6.465060115371411
4,13,44.658631574534176
4,14,6.165703782164155
4,15,6.97010599865951
4,16,44.658631574534176
4,17,8.125097216676767
4,18,4.7238739289584375
4,19,5.688998610301983
4,20,6.136944228740089
4,21,5.534634058213142
4,22,3.8706609009776725
4,23,44.658631574534176
4,24,44.658631574534176
4,25,44.658631574534176
4,26,4.815684446987463
4,27,5.376388220848118
4,28,5.376388220848118
4,29,7.274939593425663
4,30,7.4209150320194555
4,31,7.274939593425663
4,33,7.813076984026107
4,36,5.793833138465266
4,37,6.639562876088197
4,38,5.079740290127491
4,39,5.920092935249971
4,40,5.375229694248468
4,41,4.171166812009201
4,42,5.018903332792924
4,43,6.104513432785961
4,44,6.579794164286222
4,45,7.838224647807234
4,46,6.902417663643604
4,47,5.9955808175663154
4,48,44.658631574534176
4,50,7.094392849500983
4,51,44.658631574534176
4,53,6.97010599865951
4,54,6.588381907071242
4,55,6.6582979516907805
4,56,5.13104773364984
4,57,5.819568496073571
5,0,0.0
5,1,44.658631574534176
5,2,0.0
5,3,0.0
5,4,44.658631574534176
5,5,0.0
5,6,49.053156514938784
5,7,46.188481424409815
5,8,44.61528287533824
5,9,51.137880132966444
5,10,48.32763369027503
5,11,49.57477739335792
5,12,46.5222104683238
5,13,0.0
5,14,50.820045805325236
5,15,51.44670395515913
5,16,0.0
5,17,52.623088602223376
5,18,47.71485672352072
5,19,45.433368949721995
5,20,46.81767862127153
5,21,44.56449722614761
5,22,44.61528287533824
5,23,0.0
5,24,0.0
5,25,0.0
5,26,48.738257640551794
5,27,50.021868586395804
5,28,50.021868586395804
5,29,51.92513460794194
5,30,52.050374893760754
5,31,51.92513460794194
5,33,52.4628574515362
5,36,50.252724046178216
5,37,50.77657266735379
5,38,47.714410083391655
5,39,48.02062689733897
5,40,48.59624766845148
5,41,48.29339915509495
5,42,49.053156514938784
5,43,50.394358940003904
5,44,48.31824552308872
5,45,48.58315530060909
5,46,48.86070862859648
5,47,48.7714803769136
5,48,0.0
5,50,51.701266408632904
5,51,0.0
5,53,51.44670395515913
5,54,51.23839855588255
5,55,51.137880132966444
5,56,49.78392105235088
5,57,50.305087882148264
6,0,49.053156514938784
6,1,5.018903332792924
6,2,49.053156514938784
6,3,49.053156514938784
6,4,5.018903332792924
6,5,49.053156514938784
6,6,0.0
6,7,4.420810200021361
6,8,4.717464490605792
6,9,4.645221519577076
6,10,0.9111265845559571
6,11,1.1760685555759198
6,12,4.707751039772508
6,13,49.053156514938784
6,14,2.91186531416557
6,15,4.84091890351971
6,16,49.053156514938784
6,17,3.6865398620966237
6,18,1.8326123663578662
6,19,4.978126080307315
6,20,4.152187967069116
6,21,5.589732321364572
6,22,4.717464490605792
6,23,49.053156514938784
6,24,49.053156514938784
6,25,49.053156514938784
6,26,0.34720091808038755
6,27,2.3555849162316416
6,28,2.3555849162316416
6,29,3.624680474973289
6,30,3.5460668930387067
6,31,3.624680474973289
6,33,4.522485601208488
6,36,4.278956660499141
6,37,5.506095915687312
6,38,2.1841000915066218
6,39,2.7660922711647453
6,40,1.3706913542633956
6,41,0.8480887566384985
6,42,0.0
6,43,1.3927113352318654
6,44,3.2623765723800373
6,45,4.565956296572253
6,46,3.1806820486422795
6,47,2.0391432572164314
6,48,49.053156514938784
6,50,4.3556242293077565
6,51,49.053156514938784
6,53,4.84091890351971
6,54,3.1092852388405032
6,55,4.645221519577076
6,56,2.879126123621648
6,57,1.653612717152251
7,0,46.188481424409815
7,1,1.7626147867656956
7,2,46.188481424409815
7,3,46.188481424409815
7,4,1.7626147867656956
7,5,46.188481424409815
7,6,4.420810200021361
7,7,0.0
7,8,5.050464109927109
7,9,4.989300094118664
7,10,3.5308470756332526
7,11,4.123390575712527
7,12,7.173374899383407
7,13,46.188481424409815
7,14,4.773576035286686
7,15,5.301624113349724
7,16,46.188481424409815
7,17,6.926929561074202
7,18,4.799986982112228
7,19,6.638317951825963
7,20,6.745174217225436
7,21,6.6852202956998195
7,22,5.050464109927109
7,23,46.188481424409815
7,24,46.188481424409815
7,25,46.188481424409815
7,26,4.331113667682886
7,27,4.047096745107748
7,28,4.047096745107748
7,29,5.878930554947655
7,30,6.075720082948237
7,31,5.878930554947655
7,33,6.299097853749527
7,36,4.109821234594653
7,37,4.89038564720937
7,38,5.23993508074223
7,39,6.121704259538854
7,40,5.205424004886149
7,41,3.6469570944903205
7,42,4.420810200021361
7,43,5.188058148199952
7,44,6.789322307668277
7,45,8.14303013876581
7,46,6.989412915113146
7,47,5.922341221245193
7,48,46.188481424409815
7,50,5.513132812646265
7,51,46.188481424409815
7,53,5.301624113349724
7,54,5.206439882221444
7,55,4.989300094118664
7,56,3.6570934084277114
7,57,4.738610499576807
8,0,44.61528287533824
8,1,3.8706609009776725
8,2,44.61528287533824
8,3,44.61528287533824
8,4,3.8706609009776725
8,5,44.61528287533824
8,6,4.717464490605792
8,7,5.050464109927109
8,8,0.0
8,9,8.611656299972962
8,10,4.275339123203109
8,11,5.609622495829326
8,12,2.9523993282969947
8,13,44.61528287533824
8,14,7.3026950816982845
8,15,8.885265724878284
8,16,44.61528287533824
8,17,8.398468113001671
8,18,3.122445167032414
8,19,1.920193559372975
8,20,2.842639604159723
8,21,1.6669012119234417
8,22,0.0
8,23,44.61528287533824
8,24,44.61528287533824
8,25,44.61528287533824
8,26,4.372176034513266
8,27,6.5397530549489815
8,28,6.5397530549489815
8,29,8.223028491647849
8,30,8.202149207079973
8,31,8.223028491647849
8,33,9.04848880590533
8,36,7.924056848718304
8,37,9.069536463264514
8,38,3.100125861229926
8,39,3.518102994993195
8,40,3.9963290041585475
8,41,4.164195835191129
8,42,4.717464490605792
8,43,6.108447791597979
8,44,3.9837647868327144
8,45,4.843791119733891
8,46,4.489030695772362
8,47,4.170715082356464
8,48,44.61528287533824
8,50,8.651426249922702
8,51,44.61528287533824
8,53,8.885265724878284
8,54,7.614862438001047
8,55,8.611656299972962
8,56,6.716875913248415
8,57,6.279298924065088
9,0,51.137880132966444
9,1,6.6582979516907805
9,2,51.137880132966444
9,3,51.137880132966444
9,4,6.6582979516907805
9,5,51.137880132966444
9,6,4.645221519577076
9,7,4.989300094118664
9,8,8.611656299972962
9,9,0.0
9,10,4.540848293294021
9,11,3.4694265941194318
9,12,9.31987698515008
9,13,51.137880132966444
9,14,1.8840078328260597
9,15,0.3124725160614249
9,16,51.137880132966444
9,17,3.647747485710641
9,18,6.374943592406699
9,19,9.421326460563515
9,20,8.767504610225867
9,21,9.882578272308287
9,22,8.611656299972962
9,23,51.137880132966444
9,24,51.137880132966444
9,25,51.137880132966444
9,26,4.9148351657915645
9,27,2.2912273812634476
9,28,2.2912273812634476
9,29,2.1468989378213363
9,30,2.495570713644464
9,31,2.1468989378213363
9,33,1.8162341432765097
9,36,0.8852934783966243
9,37,1.1658843130512355
9,38,6.786015978552755
9,39,7.410591580238727
9,40,6.012351513409587
9,41,4.7009662847404075
9,42,4.645221519577076
9,43,3.885786538262911
9,44,7.8768006541743825
9,45,9.112826630002196
9,46,7.713029156698234
9,47,6.62992782167382
9,48,51.137880132966444
9,50,0.9164073053444461
9,51,51.137880132966444
9,53,0.3124725160614249
9,54,1.9774222824615693
9,55,0.0
9,56,1.9084294989968345
9,57,3.2047475868249355
10,0,48.32763369027503
10,1,4.122230633209179
10,2,48.32763369027503
10,3,48.32763369027503
10,4,4.122230633209179
10,5,48.32763369027503
10,6,0.9111265845559571
10,7,3.5308470756332526
10,8,4.275339123203109
10,9,4.540848293294021
10,10,0.0
10,11,1.3415556482040014
10,12,4.834690847192555
10,13,48.32763369027503
10,14,3.0408819788335313
10,15,4.779740649639166
10,16,48.32763369027503
10,17,4.309518829731928
10,18,1.8915529567719713
10,19,4.881514634355931
10,20,4.293059103795435
10,21,5.377210183995794
10,22,4.275339123203109
10,23,48.32763369027503
10,24,48.32763369027503
10,25,48.32763369027503
10,26,0.807336189376602
10,27,2.3160547981266606
10,28,2.3160547981266606
10,29,3.9515339715104076
10,30,3.9497792544045427
10,31,3.9515339715104076
10,33,4.775136831433505
10,36,4.018165465286203
10,37,5.2469671020264075
10,38,2.342129636718454
10,39,3.11239824763107
10,40,1.853252605031216
10,41,0.17645577478952834
10,42,0.9111265845559571
10,43,2.0749030867745435
10,44,3.707268141926357
10,45,5.0698033730527525
10,46,3.74425728051048
10,47,2.5956463011169686
10,48,48.32763369027503
10,50,4.432760081652466
10,51,48.32763369027503
10,53,4.779740649639166
10,54,3.3401126002750767
10,55,4.540848293294021
10,56,2.65011925893838
10,57,2.0439926453086588
11,0,49.57477739335792
11,1,5.117076713895553
11,2,49.57477739335792
11,3,49.57477739335792
11,4,5.117076713895553
11,5,49.57477739335792
11,6,1.1760685555759198
11,7,4.123390575712527
11,8,5.609622495829326
11,9,3.4694265941194318
11,10,1.3415556482040014
11,11,0.0
11,12,5.873308369775029
11,13,49.57477739335792
11,14,1.7682566101387764
11,15,3.6656842438386965
11,16,49.57477739335792
11,17,3.0524990948367963
11,18,2.9576814362894766
11,19,6.081663036246445
11,20,5.318434640383076
11,21,6.641202329058419
11,22,5.609622495829326
11,23,49.57477739335792
11,24,49.57477739335792
11,25,49.57477739335792
11,26,1.4613392261787226
11,27,1.1818350477222817
11,28,1.1818350477222817
11,29,2.6134134506775912
11,30,2.609147343326207
11,31,2.6134134506775912
11,33,3.4576994693610223
11,36,3.134979476246857
11,37,4.352649855092271
11,38,3.3411969485822133
11,39,3.9412298647072186
11,40,2.54355267414799
11,41,1.4455552602615889
11,42,1.1760685555759198
11,43,1.0704137391315454
11,44,4.421538830165026
11,45,5.696985267681735
11,46,4.299889498518818
11,47,3.1825921080829973
11,48,49.57477739335792
11,50,3.204087531112508
11,51,49.57477739335792
11,53,3.6656842438386965
11,54,2.0217506387091784
11,55,3.4694265941194318
11,56,1.7489812331128356
11,57,0.7305907707805708
12,0,46.5222104683238
12,1,6.465060115371411
12,2,46.5222104683238
12,3,46.5222104683238
12,4,6.465060115371411
12,5,46.5222104683238
12,6,4.707751039772508
12,7,7.173374899383407
12,8,2.9523993282969947
12,9,9.31987698515008
12,10,4.834690847192555
12,11,5.873308369775029
12,12,0.0
12,13,46.5222104683238
12,14,7.618634653504016
12,15,9.532383728316164
12,16,46.5222104683238
12,17,7.876984294878173
12,18,2.952016492128797
12,19,1.1996212101040489
12,20,0.55572853782844
12,21,2.0356106073777043
12,22,2.9523993282969947
12,23,46.5222104683238
12,24,46.5222104683238
12,25,46.5222104683238
12,26,4.412926289274963
12,27,7.033804286756155
12,28,7.033804286756155
12,29,8.242381928410186
12,30,8.09913674141339
12,31,8.242381928410186
12,33,9.169106018820102
12,36,8.85006951097678
12,37,10.080710042860018
12,38,2.5345905036063447
12,39,2.06718705295596
12,40,3.396694901535769
12,41,4.662801370696109
12,42,4.707751039772508
12,43,5.846144990077303
12,44,1.9803315236201247
12,45,2.1189212639531974
12,46,2.4900681642045837
12,47,2.9990797205940853
12,48,46.5222104683238
12,50,9.06263267381736
12,51,46.5222104683238
12,53,9.532383728316164
12,54,7.792683763799915
12,55,9.31987698515008
12,56,7.46726269717596
12,57,6.323287691604862
13,0,0.0
13,1,44.658631574534176
13,2,0.0
13,3,0.0
13,4,44.658631574534176
13,5,0.0
13,6,49.053156514938784
13,7,46.188481424409815
13,8,44.61528287533824
13,9,51.137880132966444
13,10,48.32763369027503
13,11,49.57477739335792
13,12,46.5222104683238
13,13,0.0
13,14,50.820045805325236
13,15,51.44670395515913
13,16,0.0
13,17,52.623088602223376
13,18,47.71485672352072
13,19,45.433368949721995
13,20,46.81767862127153
13,21,44.56449722614761
13,22,44.61528287533824
13,23,0.0
13,24,0.0
13,25,0.0
13,26,48.738257640551794
13,27,50.021868586395804
13,28,50.021868586395804
13,29,51.92513460794194
13,30,52.050374893760754
13,31,51.92513460794194
13,33,52.4628574515362
13,36,50.252724046178216
13,37,50.77657266735379
13,38,47.714410083391655
13,39,48.02062689733897
13,40,48.59624766845148
13,41,48.29339915509495
13,42,49.053156514938784
13,43,50.394358940003904
13,44,48.31824552308872
13,45,48.58315530060909
13,46,48.86070862859648
13,47,48.7714803769136
13,48,0.0
13,50,51.701266408632904
13,51,0.0
13,53,51.44670395515913
13,54,51.23839855588255
13,55,51.137880132966444
13,56,49.78392105235088
13,57,50.305087882148264
14,0,50.820045805325236
14,1,6.165703782164155
14,2,50.820045805325236
14,3,50.820045805325236
14,4,6.165703782164155
14,5,50.820045805325236
14,6,2.91186531416557
14,7,4.773576035286686
14,8,7.3026950816982845
14,9,1.8840078328260597
14,10,3.0408819788335313
14,11,1.7682566101387764
14,12,7.618634653504016
14,13,50.820045805325236
14,14,0.0
14,15,2.0090771095656463
14,16,50.820045805325236
14,17,2.311412066850781
14,18,4.723009869301765
14,19,7.849774655156764
14,20,7.062937762701074
14,21,8.399442686423104
14,22,7.3026950816982845
14,23,50.820045805325236
14,24,50.820045805325236
14,25,50.820045805325236
14,26,3.220312449119704
14,27,0.8131110769014634
14,28,0.8131110769014634
14,29,1.112080877040231
14,30,1.30916563885529
14,31,1.112080877040231
14,33,1.7617275506966406
14,36,1.914820805272971
14,37,2.9578273324169624
14,38,5.094946961551863
14,39,5.640447294749535
14,40,4.245259114234149
14,41,3.172275896169819
14,42,2.91186531416557
14,43,2.0044213157261677
14,44,6.063174982563338
14,45,7.262388588756997
14,46,5.866188677603089
14,47,4.814324058690221
14,48,50.820045805325236
14,50,1.4440002806818342
14,51,50.820045805325236
14,53,2.0090771095656463
14,54,0.43300259236939637
14,55,1.8840078328260597
14,56,1.1487299197725522
14,57,1.344694618553099
15,0,51.44670395515913
15,1,6.97010599865951
15,2,51.44670395515913
15,3,51.44670395515913
15,4,6.97010599865951
15,5,51.44670395515913
15,6,4.84091890351971
15,7,5.301624113349724
15,8,8.885265724878284
15,9,0.3124725160614249
15,10,4.779740649639166
15,11,3.6656842438386965
15,12,9.532383728316164
15,13,51.44670395515913
15,14,2.0090771095656463
15,15,0.0
15,16,51.44670395515913
15,17,3.5859982334316705
15,18,6.594598152412403
15,19,9.661030904333112
15,20,8.978649815425252
15,21,10.136706389990957
15,22,8.885265724878284
15,23,51.44670395515913
15,24,51.44670395515913
15,25,51.44670395515913
15,26,5.120946901027853
15,27,2.498964347311371
15,28,2.498964347311371
15,29,2.10497822551795
15,30,2.451582002736264
15,31,2.10497822551795
15,33,1.6446664580144474
15,36,1.1956367957856346
15,37,1.2571107780846995
15,38,6.9978194509527025
15,39,7.601334575283002
15,40,6.202100252617487
15,41,4.936525283829921
15,42,4.84091890351971
15,43,4.010781997742952
15,44,8.051449386693072
15,45,9.268178869280542
15,46,7.87034122840346
15,47,6.802695663522363
15,48,51.44670395515913
15,50,0.8131430130980262
15,51,51.44670395515913
15,53,0.0
15,54,2.0377970432948396
15,55,0.3124725160614249
15,56,2.1706050164363258
15,57,3.349751642695641
16,0,0.0
16,1,44.658631574534176
16,2,0.0
16,3,0.0
16,4,44.658631574534176
16,5,0.0
16,6,49.053156514938784
16,7,46.188481424409815
16,8,44.61528287533824
16,9,51.137880132966444
16,10,48.32763369027503
16,11,49.57477739335792
16,12,46.5222104683238
16,13,0.0
16,14,50.820045805325236
16,15,51.44670395515913
16,16,0.0
16,17,52.623088602223376
16,18,47.71485672352072
16,19,45.433368949721995
16,20,46.81767862127153
16,21,44.56449722614761
16,22,44.61528287533824
16,23,0.0
16,24,0.0
16,25,0.0
16,26,48.738257640551794
16,27,50.021868586395804
16,28,50.021868586395804
16,29,51.92513460794194
16,30,52.050374893760754
16,31,51.92513460794194
16,33,52.4628574515362
16,36,50.252724046178216
16,37,50.77657266735379
16,38,47.714410083391655
16,39,48.02062689733897
16,40,48.59624766845148
16,41,48.29339915509495
16,42,49.053156514938784
16,43,50.394358940003904
16,44,48.31824552308872
16,45,48.58315530060909
16,46,48.86070862859648
16,47,48.7714803769136
16,48,0.0
16,50,51.701266408632904
16,51,0.0
16,53,51.44670395515913
16,54,51.23839855588255
16,55,51.137880132966444
16,56,49.78392105235088
16,57,50.305087882148264
17,0,52.623088602223376
17,1,8.125097216676767
17,2,52.623088602223376
17,3,52.623088602223376
17,4,8.125097216676767
17,5,52.623088602223376
17,6,3.6865398620966237
17,7,6.926929561074202
17,8,8.398468113001671
17,9,3.647747485710641
17,10,4.309518829731928
17,11,3.0524990948367963
17,12,7.876984294878173
17,13,52.623088602223376
17,14,2.311412066850781
17,15,3.5859982334316705
17,16,52.623088602223376
17,17,0.0
17,18,5.3775695347386305
17,19,8.432913517639848
17,20,7.345838942172658
17,21,9.139675702868804
17,22,8.398468113001671
17,23,52.623088602223376
17,24,52.623088602223376
17,25,52.623088602223376
17,26,4.028935885252482
17,27,2.899180479521714
17,28,2.899180479521714
17,29,1.5038567019641589
17,30,1.1577271921385897
17,31,1.5038567019641589
17,33,2.1149044404313573
17,36,4.057835901062068
17,37,4.8114135848285695
17,38,5.594648061612397
17,39,5.812757864973288
17,40,4.610372948214672
17,41,4.361621936981918
17,42,3.6865398620966237
17,43,2.2941300521337418
17,44,6.001735746391421
17,45,6.892985879629429
17,46,5.625344235767561
17,47,4.8783464153904035
17,48,52.623088602223376
17,50,2.7728619665476772
17,51,52.623088602223376
17,53,3.5859982334316705
17,54,1.9252696469267847
17,55,3.647747485710641
17,56,3.4372757518696075
17,57,2.325092754235538
18,0,47.71485672352072
18,1,4.7238739289584375
18,2,47.71485672352072
18,3,47.71485672352072
18,4,4.7238739289584375
18,5,47.71485672352072
18,6,1.8326123663578662
18,7,4.799986982112228
18,8,3.122445167032414
18,9,6.374943592406699
18,10,1.8915529567719713
18,11,2.9576814362894766
18,12,2.952016492128797
18,13,47.71485672352072
18,14,4.723009869301765
18,15,6.594598152412403
18,16,47.71485672352072
18,17,5.3775695347386305
18,18,0.0
18,19,3.145789674627105
18,20,2.4054560318823457
18,21,3.7805686975499397
18,22,3.122445167032414
18,23,47.71485672352072
18,24,47.71485672352072
18,25,47.71485672352072
18,26,1.505461841586927
18,27,4.096564102089456
18,28,4.096564102089456
18,29,5.45446192547846
18,30,5.362621875987633
18,31,5.45446192547846
18,33,6.355096060955636
18,36,5.899498133103819
18,37,7.131124575658499
18,38,0.4685409438954519
18,39,1.3322244579445466
18,40,0.8819288693267808
18,41,1.7172272670786404
18,42,1.8326123663578662
18,43,3.1397992841997358
18,44,1.9928869089599595
18,45,3.3593520631627483
18,46,2.210410536224619
18,47,1.2948043456836336
18,48,47.71485672352072
18,50,6.161716338480217
18,51,47.71485672352072
18,53,6.594598152412403
18,54,4.939291998429455
18,55,6.374943592406699
18,56,4.515258693892799
18,57,3.486029593088444
19,0,45.433368949721995
19,1,5.688998610301983
19,2,45.433368949721995
19,3,45.433368949721995
19,4,5.688998610301983
19,5,45.433368949721995
19,6,4.978126080307315
19,7,6.638317951825963
19,8,1.920193559372975
19,9,9.421326460563515
19,10,4.881514634355931
19,11,6.081663036246445
19,12,1.1996212101040489
19,13,45.433368949721995
19,14,7.849774655156764
19,15,9.661030904333112
19,16,45.433368949721995
19,17,8.432913517639848
19,18,3.145789674627105
19,19,0.0
19,20,1.3848497834951656
19,21,0.8707822814107724
19,22,1.920193559372975
19,23,45.433368949721995
19,24,45.433368949721995
19,25,45.433368949721995
19,26,4.6469555182379665
19,27,7.182276362975785
19,28,7.182276362975785
19,29,8.599700026367495
19,30,8.501105917707664
19,31,8.599700026367495
19,33,9.500438146582576
19,36,8.856769694553781
19,37,10.067111422008903
19,38,2.84877477665299
19,39,2.739454927064944
19,40,3.825459020621098
19,41,4.724986828491188
19,42,4.978126080307315
19,43,6.260444505289705
19,44,2.9020144524285874
19,45,3.3047312276729
19,46,3.443542644133248
19,47,3.6400607105553373
19,48,45.433368949721995
19,50,9.279191445842233
19,51,45.433368949721995
19,53,9.661030904333112
19,54,8.08112326975025
19,55,9.421326460563515
19,56,7.522254290912071
19,57,6.631704739833582
20,0,46.81767862127153
20,1,6.136944228740089
20,2,46.81767862127153
20,3,46.81767862127153
20,4,6.136944228740089
20,5,46.81767862127153
20,6,4.152187967069116
20,7,6.745174217225436
20,8,2.842639604159723
20,9,8.767504610225867
20,10,4.293059103795435
20,11,5.318434640383076
20,12,0.55572853782844
20,13,46.81767862127153
20,14,7.062937762701074
20,15,8.978649815425252
20,16,46.81767862127153
20,17,7.345838942172658
20,18,2.4054560318823457
20,19,1.3848497834951656
20,20,0.0
20,21,2.255257123149671
20,22,2.842639604159723
20,23,46.81767862127153
20,24,46.81767862127153
20,25,46.81767862127153
20,26,3.8584661981883217
20,27,6.480390160544156
20,28,6.480390160544156
20,29,7.6900131594555114
20,30,7.549690661822538
20,31,7.6900131594555114
20,33,8.615777566362613
20,36,8.30495389426894
20,37,9.5364816918425
20,38,1.981500650690268
20,39,1.5334511994537596
20,40,2.8429439754193186
20,41,4.1201433692882246
20,42,4.152187967069116
20,43,5.295621025420709
20,44,1.5427815582709647
20,45,2.015625079633245
20,46,2.0776261018866435
20,47,2.4687580187768434
20,48,46.81767862127153
20,50,8.506937292630397
20,51,46.81767862127153
20,53,8.978649815425252
20,54,7.237465550559612
20,55,8.767504610225867
20,56,6.919363659049085
20,57,5.768092043256522
21,0,44.56449722614761
21,1,5.534634058213142
21,2,44.56449722614761
21,3,44.56449722614761
21,4,5.534634058213142
21,5,44.56449722614761
21,6,5.589732321364572
21,7,6.6852202956998195
21,8,1.6669012119234417
21,9,9.882578272308287
21,10,5.377210183995794
21,11,6.641202329058419
21,12,2.0356106073777043
21,13,44.56449722614761
21,14,8.399442686423104
21,15,10.136706389990957
21,16,44.56449722614761
21,17,9.139675702868804
21,18,3.7805686975499397
21,19,0.8707822814107724
21,20,2.255257123149671
21,21,0.0
21,22,1.6669012119234417
21,23,44.56449722614761
21,24,44.56449722614761
21,25,44.56449722614761
21,26,5.248292814993568
21,27,7.693264791986036
21,28,7.693264791986036
21,29,9.209998254870081
21,30,9.134717918449496
21,31,9.209998254870081
21,33,10.091124291609463
21,36,9.264693649239842
21,37,10.451983473564017
21,38,3.5486514719568443
21,39,3.555411528358445
21,40,4.534699773586618
21,41,5.233703563261551
21,42,5.589732321364572
21,43,6.920339768164584
21,44,3.7622861209051583
21,45,4.153936783955406
21,46,4.304790919742515
21,47,4.427803543609212
21,48,44.56449722614761
21,50,9.808588591252974
21,51,44.56449722614761
21,53,10.136706389990957
21,54,8.659552867522281
21,55,9.882578272308287
21,56,7.974310324317605
21,57,7.235580386565268
22,0,44.61528287533824
22,1,3.8706609009776725
22,2,44.61528287533824
22,3,44.61528287533824
22,4,3.8706609009776725
22,5,44.61528287533824
22,6,4.717464490605792
22,7,5.050464109927109
22,8,0.0
22,9,8.611656299972962
22,10,4.275339123203109
22,11,5.609622495829326
22,12,2.9523993282969947
22,13,44.61528287533824
22,14,7.3026950816982845
22,15,8.885265724878284
22,16,44.61528287533824
22,17,8.398468113001671
22,18,3.122445167032414
22,19,1.920193559372975
22,20,2.842639604159723
22,21,1.6669012119234417
22,22,0.0
22,23,44.61528287533824
22,24,44.61528287533824
22,25,44.61528287533824
22,26,4.372176034513266
22,27,6.5397530549489815
22,28,6.5397530549489815
22,29,8.223028491647849
22,30,8.202149207079973
22,31,8.223028491647849
22,33,9.04848880590533
22,36,7.924056848718304
22,37,9.069536463264514
22,38,3.100125861229926
22,39,3.518102994993195
22,40,3.9963290041585475
22,41,4.164195835191129
22,42,4.717464490605792
22,43,6.108447791597979
22,44,3.9837647868327144
22,45,4.843791119733891
22,46,4.489030695772362
22,47,4.170715082356464
22,48,44.61528287533824
22,50,8.651426249922702
22,51,44.61528287533824
22,53,8.885265724878284
22,54,7.614862438001047
22,55,8.611656299972962
22,56,6.716875913248415
22,57,6.279298924065088
23,0,0.0
23,1,44.658631574534176
23,2,0.0
23,3,0.0
23,4,44.658631574534176
23,5,0.0
23,6,49.053156514938784
23,7,46.188481424409815
23,8,44.61528287533824
23,9,51.137880132966444
23,10,48.32763369027503
23,11,49.57477739335792
23,12,46.5222104683238
23,13,0.0
23,14,50.820045805325236
23,15,51.44670395515913
23,16,0.0
23,17,52.623088602223376
23,18,47.71485672352072
23,19,45.433368949721995
23,20,46.81767862127153
23,21,44.56449722614761
23,22,44.61528287533824
23,23,0.0
23,24,0.0
23,25,0.0
23,26,48.738257640551794
23,27,50.021868586395804
23,28,50.021868586395804
23,29,51.92513460794194
23,30,52.050374893760754
23,31,51.92513460794194
23,33,52.4628574515362
23,36,50.252724046178216
23,37,50.77657266735379
23,38,47.714410083391655
23,39,48.02062689733897
23,40,48.59624766845148
23,41,48.29339915509495
23,42,49.053156514938784
23,43,50.394358940003904
23,44,48.31824552308872
23,45,48.58315530060909
23,46,48.86070862859648
23,47,48.7714803769136
23,48,0.0
23,50,51.701266408632904
23,51,0.0
23,53,51.44670395515913
23,54,51.23839855588255
23,55,51.137880132966444
23,56,49.78392105235088
23,57,50.305087882148264
24,0,0.0
24,1,44.658631574534176
24,2,0.0
24,3,0.0
24,4,44.658631574534176
24,5,0.0
24,6,49.053156514938784
24,7,46.188481424409815
24,8,44.61528287533824
24,9,51.137880132966444
24,10,48.32763369027503
24,11,49.57477739335792
24,12,46.5222104683238
24,13,0.0
24,14,50.820045805325236
24,15,51.44670395515913
24,16,0.0
24,17,52.623088602223376
24,18,47.71485672352072
24,19,45.433368949721995
24,20,46.81767862127153
24,21,44.56449722614761
24,22,44.61528287533824
24,23,0.0
24,24,0.0
24,25,0.0
24,26,48.738257640551794
24,27,50.021868586395804
24,28,50.021868586395804
24,29,51.92513460794194
24,30,52.050374893760754
24,31,51.92513460794194
24,33,52.4628574515362
24,36,50.252724046178216
24,37,50.77657266735379
24,38,47.714410083391655
24,39,48.02062689733897
24,40,48.59624766845148
24,41,48.29339915509495
24,42,49.053156514938784
24,43,50.394358940003904
24,44,48.31824552308872
24,45,48.58315530060909
24,46,48.86070862859648
24,47,48.7714803769136
24,48,0.0
24,50,51.701266408632904
24,51,0.0
24,53,51.44670395515913
24,54,51.23839855588255
24,55,51.137880132966444
24,56,49.78392105235088
24,57,50.305087882148264
25,0,0.0
25,1,44.658631574534176
25,2,0.0
25,3,0.0
25,4,44.658631574534176
25,5,0.0
25,6,49.053156514938784
25,7,46.188481424409815
25,8,44.61528287533824
25,9,51.137880132966444
25,10,48.32763369027503
25,11,49.57477739335792
25,12,46.5222104683238
25,13,0.0
25,14,50.820045805325236
25,15,51.44670395515913
25,16,0.0
25,17,52.623088602223376
25,18,47.71485672352072
25,19,45.433368949721995
25,20,46.81767862127153
25,21,44.56449722614761
25,22,44.61528287533824
25,23,0.0
25,24,0.0
25,25,0.0
25,26,48.738257640551794
25,27,50.021868586395804
25,28,50.021868586395804
25,29,51.92513460794194
25,30,52.050374893760754
25,31,51.92513460794194
25,33,52.4628574515362
25,36,50.252724046178216
25,37,50.77657266735379
25,38,47.714410083391655
25,39,48.02062689733897
25,40,48.59624766845148
25,41,48.29339915509495
25,42,49.053156514938784
25,43,50.394358940003904
25,44,48.31824552308872
25,45,48.58315530060909
25,46,48.86070862859648
25,47,48.7714803769136
25,48,0.0
25,50,51.701266408632904
25,51,0.0
25,53,51.44670395515913
25,54,51.23839855588255
25,55,51.137880132966444
25,56,49.78392105235088
25,57,50.305087882148264
26,0,48.738257640551794
26,1,4.815684446987463
26,2,48.738257640551794
26,3,48.738257640551794
26,4,4.815684446987463
26,5,48.738257640551794
26,6,0.34720091808038755
26,7,4.331113667682886
26,8,4.372176034513266
26,9,4.9148351657915645
26,10,0.807336189376602
26,11,1.4613392261787226
26,12,4.412926289274963
26,13,48.738257640551794
26,14,3.220312449119704
26,15,5.120946901027853
26,16,48.738257640551794
26,17,4.028935885252482
26,18,1.505461841586927
26,19,4.6469555182379665
26,20,3.8584661981883217
26,21,5.248292814993568
26,22,4.372176034513266
26,23,48.738257640551794
26,24,48.738257640551794
26,25,48.738257640551794
26,26,0.0
26,27,2.6244052464036205
26,28,2.6244052464036205
26,29,3.9627857671626594
26,30,3.889939525783363
26,31,3.9627857671626594
26,33,4.854632499113679
26,36,4.5065864952836785
26,37,5.738489867898636
26,38,1.8799054334071033
26,39,2.5189638086360118
26,40,1.1520757616995547
26,41,0.6852562200662156
26,42,0.34720091808038755
26,43,1.7364571788455554
26,44,3.05405891028371
26,45,4.387205058240089
26,46,3.0232341640143945
26,47,1.868824861086759
26,48,48.738257640551794
26,50,4.661549969919604
26,51,48.738257640551794
26,53,5.120946901027853
26,54,3.434660826272797
26,55,4.9148351657915645
26,56,3.10610971411714
26,57,1.9890399309760147
27,0,50.021868586395804
27,1,5.376388220848118
27,2,50.021868586395804
27,3,50.021868586395804
27,4,5.376388220848118
27,5,50.021868586395804
27,6,2.3555849162316416
27,7,4.047096745107748
27,8,6.5397530549489815
27,9,2.2912273812634476
27,10,2.3160547981266606
27,11,1.1818350477222817
27,12,7.033804286756155
27,13,50.021868586395804
27,14,0.8131110769014634
27,15,2.498964347311371
27,16,50.021868586395804
27,17,2.899180479521714
27,18,4.096564102089456
27,19,7.182276362975785
27,20,6.480390160544156
27,21,7.693264791986036
27,22,6.5397530549489815
27,23,50.021868586395804
27,24,50.021868586395804
27,25,50.021868586395804
27,26,2.6244052464036205
27,27,0.0
27,28,0.0
27,29,1.9035465972903578
27,30,2.048866974923166
27,31,1.9035465972903578
27,33,2.565472872917363
27,36,1.9854315511509812
27,37,3.1850053777476925
27,38,4.499218054588518
27,39,5.1216713418962145
27,40,3.7249073376050386
27,41,2.4626688680279196
27,42,2.3555849162316416
27,43,1.830305503920282
27,44,5.601862734729216
27,45,6.866432011332297
27,46,5.466985852375949
27,47,4.360171658355978
27,48,50.021868586395804
27,50,2.1195332241554414
27,51,50.021868586395804
27,53,2.498964347311371
27,54,1.2173482470843557
27,55,2.2912273812634476
27,56,0.6891867952766513
27,57,1.1165272283872227
28,0,50.021868586395804
28,1,5.376388220848118
28,2,50.021868586395804
28,3,50.021868586395804
28,4,5.376388220848118
28,5,50.021868586395804
28,6,2.3555849162316416
28,7,4.047096745107748
28,8,6.5397530549489815
28,9,2.2912273812634476
28,10,2.3160547981266606
28,11,1.1818350477222817
28,12,7.033804286756155
28,13,50.021868586395804
28,14,0.8131110769014634
28,15,2.498964347311371
28,16,50.021868586395804
28,17,2.899180479521714
28,18,4.096564102089456
28,19,7.182276362975785
28,20,6.480390160544156
28,21,7.693264791986036
28,22,6.5397530549489815
28,23,50.021868586395804
28,24,50.021868586395804
28,25,50.021868586395804
28,26,2.6244052464036205
28,27,0.0
28,28,0.0
28,29,1.9035465972903578
28,30,2.048866974923166
28,31,1.9035465972903578
28,33,2.565472872917363
28,36,1.9854315511509812
28,37,3.1850053777476925
28,38,4.499218054588518
28,39,5.1216713418962145
28,40,3.7249073376050386
28,41,2.4626688680279196
28,42,2.3555849162316416
28,43,1.830305503920282
28,44,5.601862734729216
28,45,6.866432011332297
28,46,5.466985852375949
28,47,4.360171658355978
28,48,50.021868586395804
28,50,2.1195332241554414
28,51,50.021868586395804
28,53,2.498964347311371
28,54,1.2173482470843557
28,55,2.2912273812634476
28,56,0.6891867952766513
28,57,1.1165272283872227
29,0,51.92513460794194
29,1,7.274939593425663
29,2,51.92513460794194
29,3,51.92513460794194
29,4,7.274939593425663
29,5,51.92513460794194
29,6,3.624680474973289
29,7,5.878930554947655
29,8,8.223028491647849
29,9,2.1468989378213363
29,10,3.9515339715104076
29,11,2.6134134506775912
29,12,8.242381928410186
29,13,51.92513460794194
29,14,1.112080877040231
29,15,2.10497822551795
29,16,51.92513460794194
29,17,1.5038567019641589
29,18,5.45446192547846
29,19,8.599700026367495
29,20,7.6900131594555114
29,21,9.209998254870081
29,22,8.223028491647849
29,23,51.92513460794194
29,24,51.92513460794194
29,25,51.92513460794194
29,26,3.9627857671626594
29,27,1.9035465972903578
29,28,1.9035465972903578
29,29,0.0
29,30,0.3487690568822063
29,31,0.0
29,33,0.9372168567625376
29,36,2.5827747057559507
29,37,3.3122695814936343
29,38,5.7748443423661
29,39,6.2004989670598345
29,40,4.848123273413344
29,41,4.058872363980353
29,42,3.624680474973289
29,43,2.4020287822215716
29,44,6.533762226379263
29,45,7.618042994534259
29,46,6.2556746703461075
29,47,5.309326020853859
29,48,51.92513460794194
29,50,1.2982636081134047
29,51,51.92513460794194
29,53,2.10497822551795
29,54,0.6868460402587313
29,55,2.1468989378213363
29,56,2.2302036435255923
29,57,1.9744187734299476
30,0,52.050374893760754
30,1,7.4209150320194555
30,2,52.050374893760754
30,3,52.050374893760754
30,4,7.4209150320194555
30,5,52.050374893760754
30,6,3.5460668930387067
30,7,6.075720082948237
30,8,8.202149207079973
30,9,2.495570713644464
30,10,3.9497792544045427
30,11,2.609147343326207
30,12,8.09913674141339
30,13,52.050374893760754
30,14,1.30916563885529
30,15,2.451582002736264
30,16,52.050374893760754
30,17,1.1577271921385897
30,18,5.362621875987633
30,19,8.501105917707664
30,20,7.549690661822538
30,21,9.134717918449496
30,22,8.202149207079973
30,23,52.050374893760754
30,24,52.050374893760754
30,25,52.050374893760754
30,26,3.889939525783363
30,27,2.048866974923166
30,28,2.048866974923166
30,29,0.3487690568822063
30,30,0.0
30,31,0.3487690568822063
30,33,1.1702170806191823
30,36,2.912400457439349
30,37,3.6610140466567316
30,38,5.661914357634852
30,39,6.044895806446866
30,40,4.715955067221193
30,41,4.044507362743989
30,42,3.5460668930387067
30,43,2.2553348768118773
30,44,6.349508246923133
30,45,7.398314108002548
30,46,6.050273259179981
30,47,5.139535065787308
30,48,52.050374893760754
30,50,1.6424808702647358
30,51,52.050374893760754
30,53,2.451582002736264
30,54,0.8788054540682948
30,55,2.495570713644464
30,56,2.4553934553850723
30,57,1.9233069514386525
31,0,51.92513460794194
31,1,7.274939593425663
31,2,51.92513460794194
31,3,51.92513460794194
31,4,7.274939593425663
31,5,51.92513460794194
31,6,3.624680474973289
31,7,5.878930554947655
31,8,8.223028491647849
31,9,2.1468989378213363
31,10,3.9515339715104076
31,11,2.6134134506775912
31,12,8.242381928410186
31,13,51.92513460794194
31,14,1.112080877040231
31,15,2.10497822551795
31,16,51.92513460794194
31,17,1.5038567019641589
31,18,5.45446192547846
31,19,8.599700026367495
31,20,7.6900131594555114
31,21,9.209998254870081
31,22,8.223028491647849
31,23,51.92513460794194
31,24,51.92513460794194
31,25,51.92513460794194
31,26,3.9627857671626594
31,27,1.9035465972903578
31,28,1.9035465972903578
31,29,0.0
31,30,0.3487690568822063
31,31,0.0
31,33,0.9372168567625376
31,36,2.5827747057559507
31,37,3.3122695814936343
31,38,5.7748443423661
31,39,6.2004989670598345
31,40,4.848123273413344
31,41,4.058872363980353
31,42,3.624680474973289
31,43,2.4020287822215716
31,44,6.533762226379263
