source_id,target_id,rtt
0,0,0.0
0,1,13.303041552876486
0,2,5.52790119891476
0,3,6.903013864582354
0,4,10.974154097529517
0,5,10.912680115230451
0,6,11.822021544962766
0,7,9.717043319444818
0,8,8.658566113235642
0,9,7.8454550363341795
0,11,5.013998123804385
0,12,3.122445167032414
0,14,5.332855703257033
0,16,8.99418495610673
0,17,61.16374727460395
0,18,61.16374727460395
0,19,9.136228757013564
0,21,6.355553772008387
0,22,5.925124708360343
0,23,5.190453898593914
1,0,13.303041552876486
1,1,0.0
1,2,12.586052417726417
1,3,13.961165083394013
1,4,4.84310901151637
1,5,4.7816350292173055
1,6,5.690976458949621
1,7,3.5859982334316705
1,8,6.40818641989878
1,9,5.595075342997317
1,11,8.365738883070836
1,12,10.180596385844073
1,14,12.39100692206869
1,16,6.74380526276987
1,17,55.032702188590804
1,18,55.032702188590804
1,19,12.487969516280016
1,21,9.707294531274838
1,22,9.276865467626793
1,23,8.542194657860364
2,0,5.52790119891476
2,1,12.586052417726417
2,2,0.0
2,3,6.186024729432285
2,4,10.257164962379449
2,5,10.195690980080382
2,6,11.105032409812697
2,7,9.000054184294749
2,8,7.941576978085574
2,9,7.128465901184111
2,11,4.2970089886543175
2,12,2.4054560318823457
2,14,4.615866568106965
2,16,8.277195820956663
2,17,60.44675813945388
2,18,60.44675813945388
2,19,8.419239621863497
2,21,5.638564636858319
2,22,5.208135573210274
2,23,4.473464763443845
3,0,6.903013864582354
3,1,13.961165083394013
3,2,6.186024729432285
3,3,0.0
3,4,11.632277628047042
3,5,11.570803645747977
3,6,12.480145075480293
3,7,10.375166849962342
3,8,9.316689643753168
3,9,8.503578566851704
3,11,5.672121654321911
3,12,3.7805686975499397
3,14,5.990979233774558
3,16,9.652308486624257
3,17,61.82187080512147
3,18,61.82187080512147
3,19,9.79435228753109
3,21,7.013677302525913
3,22,6.583248238877868
3,23,5.848577429111439
4,0,10.974154097529517
4,1,4.84310901151637
4,2,10.257164962379449
4,3,11.632277628047042
4,4,0.0
4,5,2.452747573870334
4,6,3.36208900360265
4,7,1.2571107780846995
4,8,4.079298964551809
4,9,3.2661878876503456
4,11,6.036851427723866
4,12,7.851708930497103
4,14,10.062119466721722
4,16,4.414917807422897
4,17,52.70381473324383
4,18,52.70381473324383
4,19,10.159082060933045
4,21,7.378407075927867
4,22,6.9479780122798225
4,23,6.213307202513394
5,0,10.912680115230451
5,1,4.7816350292173055
5,2,10.195690980080382
5,3,11.570803645747977
5,4,2.452747573870334
5,5,0.0
5,6,3.3006150213035848
5,7,1.1956367957856346
5,8,4.017824982252744
5,9,3.204713905351281
5,11,5.975377445424801
5,12,7.790234948198037
5,14,10.000645484422655
5,16,4.353443825123833
5,17,52.64234075094476
5,18,52.64234075094476
5,19,10.09760807863398
5,21,7.316933093628802
5,22,6.886504029980758
5,23,6.151833220214329
6,0,11.822021544962766
6,1,5.690976458949621
6,2,11.105032409812697
6,3,12.480145075480293
6,4,3.36208900360265
6,5,3.3006150213035848
6,6,0.0
6,7,2.10497822551795
6,8,4.92716641198506
6,9,4.114055335083597
6,11,6.884718875157116
6,12,8.699576377930352
6,14,10.90998691415497
6,16,5.26278525485615
6,17,53.551682180677076
6,18,53.551682180677076
6,19,11.006949508366295
6,21,8.226274523361118
6,22,7.795845459713073
6,23,7.061174649946644
7,0,9.717043319444818
7,1,3.5859982334316705
7,2,9.000054184294749
7,3,10.375166849962342
7,4,1.2571107780846995
7,5,1.1956367957856346
7,6,2.10497822551795
7,7,0.0
7,8,2.82218818646711
7,9,2.0090771095656463
7,11,4.779740649639166
7,12,6.594598152412403
7,14,8.805008688637022
7,16,3.1578070293381986
7,17,51.44670395515913
7,18,51.44670395515913
7,19,8.901971282848345
7,21,6.121296297843167
7,22,5.690867234195123
7,23,4.956196424428694
8,0,8.658566113235642
8,1,6.40818641989878
8,2,7.941576978085574
8,3,9.316689643753168
8,4,4.079298964551809
8,5,4.017824982252744
8,6,4.92716641198506
8,7,2.82218818646711
8,8,0.0
8,9,0.8131110769014634
8,11,3.853993055734995
8,12,5.536120946203228
8,14,7.746531482427847
8,16,1.9618409966740158
8,17,54.26889214162624
8,18,54.26889214162624
8,19,7.976223688944174
8,21,5.1955487039389965
8,22,4.765119640290952
8,23,4.030448830524524
9,0,7.8454550363341795
9,1,5.595075342997317
9,2,7.128465901184111
9,3,8.503578566851704
9,4,3.2661878876503456
9,5,3.204713905351281
9,6,4.114055335083597
9,7,2.0090771095656463
9,8,0.8131110769014634
9,9,0.0
9,11,3.0408819788335313
9,12,4.723009869301765
9,14,6.933420405526384
9,16,1.1487299197725522
9,17,53.455781064724775
9,18,53.455781064724775
9,19,7.163112612042711
9,21,4.3824376270375325
9,22,3.952008563389488
9,23,3.2173377536230596
11,0,5.013998123804385
11,1,8.365738883070836
11,2,4.2970089886543175
11,3,5.672121654321911
11,4,6.036851427723866
11,5,5.975377445424801
11,6,6.884718875157116
11,7,4.779740649639166
11,8,3.853993055734995
11,9,3.0408819788335313
11,11,0.0
11,12,1.8915529567719713
11,14,4.101963492996591
11,16,4.189611898606083
11,17,56.226444604798296
11,18,56.226444604798296
11,19,4.122230633209179
11,21,1.3415556482040014
11,22,0.9111265845559571
11,23,0.17645577478952834
12,0,3.122445167032414
12,1,10.180596385844073
12,2,2.4054560318823457
12,3,3.7805686975499397
12,4,7.851708930497103
12,5,7.790234948198037
12,6,8.699576377930352
12,7,6.594598152412403
12,8,5.536120946203228
12,9,4.723009869301765
12,11,1.8915529567719713
12,12,0.0
12,14,2.210410536224619
12,16,5.871739789074317
12,17,58.04130210757153
12,18,58.04130210757153
12,19,6.01378358998115
12,21,3.233108604975973
12,22,2.8026795413279286
12,23,2.0680087315614997
14,0,5.332855703257033
14,1,12.39100692206869
14,2,4.615866568106965
14,3,5.990979233774558
14,4,10.062119466721722
14,5,10.000645484422655
14,6,10.90998691415497
14,7,8.805008688637022
14,8,7.746531482427847
14,9,6.933420405526384
14,11,4.101963492996591
14,12,2.210410536224619
14,14,0.0
14,16,8.082150325298937
14,17,60.251712643796154
14,18,60.251712643796154
14,19,8.22419412620577
14,21,5.443519141200592
14,22,5.0130900775525475
14,23,4.278419267786118
16,0,8.99418495610673
16,1,6.74380526276987
16,2,8.277195820956663
16,3,9.652308486624257
16,4,4.414917807422897
16,5,4.353443825123833
16,6,5.26278525485615
16,7,3.1578070293381986
16,8,1.9618409966740158
16,9,1.1487299197725522
16,11,4.189611898606083
16,12,5.871739789074317
16,14,8.082150325298937
16,16,0.0
16,17,54.604510984497324
16,18,54.604510984497324
16,19,8.311842531815262
16,21,5.531167546810084
16,22,5.10073848316204
16,23,4.366067673395611
17,0,61.16374727460395
17,1,55.032702188590804
17,2,60.44675813945388
17,3,61.82187080512147
17,4,52.70381473324383
17,5,52.64234075094476
17,6,53.551682180677076
17,7,51.44670395515913
17,8,54.26889214162624
17,9,53.455781064724775
17,11,56.226444604798296
17,12,58.04130210757153
17,14,60.251712643796154
17,16,54.604510984497324
17,17,0.0
17,18,102.89340791031826
17,19,60.34867523800747
17,21,57.568000253002296
17,22,57.137571189354254
17,23,56.40290037958783
18,0,61.16374727460395
18,1,55.032702188590804
18,2,60.44675813945388
18,3,61.82187080512147
18,4,52.70381473324383
18,5,52.64234075094476
18,6,53.551682180677076
18,7,51.44670395515913
18,8,54.26889214162624
18,9,53.455781064724775
18,11,56.226444604798296
18,12,58.04130210757153
18,14,60.251712643796154
18,16,54.604510984497324
18,17,102.89340791031826
18,18,0.0
18,19,60.34867523800747
18,21,57.568000253002296
18,22,57.137571189354254
18,23,56.40290037958783
19,0,9.136228757013564
19,1,12.487969516280016
19,2,8.419239621863497
19,3,9.79435228753109
19,4,10.159082060933045
19,5,10.09760807863398
19,6,11.006949508366295
19,7,8.901971282848345
19,8,7.976223688944174
19,9,7.163112612042711
19,11,4.122230633209179
19,12,6.01378358998115
19,14,8.22419412620577
19,16,8.311842531815262
19,17,60.34867523800747
19,18,60.34867523800747
19,19,0.0
19,21,5.463786281413181
19,22,5.033357217765136
19,23,4.298686407998708
21,0,6.355553772008387
21,1,9.707294531274838
21,2,5.638564636858319
21,3,7.013677302525913
21,4,7.378407075927867
21,5,7.316933093628802
21,6,8.226274523361118
21,7,6.121296297843167
21,8,5.1955487039389965
21,9,4.3824376270375325
21,11,1.3415556482040014
21,12,3.233108604975973
21,14,5.443519141200592
21,16,5.531167546810084
21,17,57.568000253002296
21,18,57.568000253002296
21,19,5.463786281413181
21,21,0.0
21,22,2.2526822327599585
21,23,1.5180114229935298
22,0,5.925124708360343
22,1,9.276865467626793
22,2,5.208135573210274
22,3,6.583248238877868
22,4,6.9479780122798225
22,5,6.886504029980758
22,6,7.795845459713073
22,7,5.690867234195123
22,8,4.765119640290952
22,9,3.952008563389488
22,11,0.9111265845559571
22,12,2.8026795413279286
22,14,5.0130900775525475
22,16,5.10073848316204
22,17,57.137571189354254
22,18,57.137571189354254
22,19,5.033357217765136
22,21,2.2526822327599585
22,22,0.0
22,23,1.0875823593454854
23,0,5.190453898593914
23,1,8.542194657860364
23,2,4.473464763443845
23,3,5.848577429111439
23,4,6.213307202513394
23,5,6.151833220214329
23,6,7.061174649946644
23,7,4.956196424428694
23,8,4.030448830524524
23,9,3.2173377536230596
23,11,0.17645577478952834
23,12,2.0680087315614997
23,14,4.278419267786118
23,16,4.366067673395611
23,17,56.40290037958783
23,18,56.40290037958783
23,19,4.298686407998708
23,21,1.5180114229935298
23,22,1.0875823593454854
23,23,0.0
