source_id,target_id,rtt
0,0,0.0
0,1,44.658631574534176
0,2,0.0
0,3,0.0
0,4,44.658631574534176
0,5,0.0
0,6,49.053156514938784
0,7,46.188481424409815
0,8,44.61528287533824
0,9,48.32763369027503
0,10,49.57477739335792
0,11,46.5222104683238
0,12,0.0
0,13,50.820045805325236
0,14,51.44670395515913
0,15,0.0
0,16,52.623088602223376
0,17,47.71485672352072
0,18,45.433368949721995
0,19,46.81767862127153
0,20,44.56449722614761
0,21,44.61528287533824
0,22,0.0
0,23,0.0
0,24,0.0
0,25,48.738257640551794
0,26,50.021868586395804
0,27,50.021868586395804
0,28,51.92513460794194
0,29,52.050374893760754
0,30,51.92513460794194
0,32,52.4628574515362
0,35,50.252724046178216
0,36,50.77657266735379
0,37,47.714410083391655
0,38,48.02062689733897
0,39,48.59624766845148
0,40,48.29339915509495
0,41,49.053156514938784
0,42,50.394358940003904
0,43,48.31824552308872
0,44,48.58315530060909
0,45,48.86070862859648
0,46,48.7714803769136
0,47,0.0
0,49,51.701266408632904
0,50,0.0
0,52,51.44670395515913
0,53,51.23839855588255
0,54,51.137880132966444
0,55,49.78392105235088
0,56,50.305087882148264
1,0,44.658631574534176
1,1,0.0
1,2,44.658631574534176
1,3,44.658631574534176
1,4,0.0
1,5,44.658631574534176
1,6,5.018903332792924
1,7,1.7626147867656956
1,8,3.8706609009776725
1,9,4.122230633209179
1,10,5.117076713895553
1,11,6.465060115371411
1,12,44.658631574534176
1,13,6.165703782164155
1,14,6.97010599865951
1,15,44.658631574534176
1,16,8.125097216676767
1,17,4.7238739289584375
1,18,5.688998610301983
1,19,6.136944228740089
1,20,5.534634058213142
1,21,3.8706609009776725
1,22,44.658631574534176
1,23,44.658631574534176
1,24,44.658631574534176
1,25,4.815684446987463
1,26,5.376388220848118
1,27,5.376388220848118
1,28,7.274939593425663
1,29,7.4209150320194555
1,30,7.274939593425663
1,32,7.813076984026107
1,35,5.793833138465266
1,36,6.639562876088197
1,37,5.079740290127491
1,38,5.920092935249971
1,39,5.375229694248468
1,40,4.171166812009201
1,41,5.018903332792924
1,42,6.104513432785961
1,43,6.579794164286222
1,44,7.838224647807234
1,45,6.902417663643604
1,46,5.9955808175663154
1,47,44.658631574534176
1,49,7.094392849500983
1,50,44.658631574534176
1,52,6.97010599865951
1,53,6.588381907071242
1,54,6.6582979516907805
1,55,5.13104773364984
1,56,5.819568496073571
2,0,0.0
2,1,44.658631574534176
2,2,0.0
2,3,0.0
2,4,44.658631574534176
2,5,0.0
2,6,49.053156514938784
2,7,46.188481424409815
2,8,44.61528287533824
2,9,48.32763369027503
2,10,49.57477739335792
2,11,46.5222104683238
2,12,0.0
2,13,50.820045805325236
2,14,51.44670395515913
2,15,0.0
2,16,52.623088602223376
2,17,47.71485672352072
2,18,45.433368949721995
2,19,46.81767862127153
2,20,44.56449722614761
2,21,44.61528287533824
2,22,0.0
2,23,0.0
2,24,0.0
2,25,48.738257640551794
2,26,50.021868586395804
2,27,50.021868586395804
2,28,51.92513460794194
2,29,52.050374893760754
2,30,51.92513460794194
2,32,52.4628574515362
2,35,50.252724046178216
2,36,50.77657266735379
2,37,47.714410083391655
2,38,48.02062689733897
2,39,48.59624766845148
2,40,48.29339915509495
2,41,49.053156514938784
2,42,50.394358940003904
2,43,48.31824552308872
2,44,48.58315530060909
2,45,48.86070862859648
2,46,48.7714803769136
2,47,0.0
2,49,51.701266408632904
2,50,0.0
2,52,51.44670395515913
2,53,51.23839855588255
2,54,51.137880132966444
2,55,49.78392105235088
2,56,50.305087882148264
3,0,0.0
3,1,44.658631574534176
3,2,0.0
3,3,0.0
3,4,44.658631574534176
3,5,0.0
3,6,49.053156514938784
3,7,46.188481424409815
3,8,44.61528287533824
3,9,48.32763369027503
3,10,49.57477739335792
3,11,46.5222104683238
3,12,0.0
3,13,50.820045805325236
3,14,51.44670395515913
3,15,0.0
3,16,52.623088602223376
3,17,47.71485672352072
3,18,45.433368949721995
3,19,46.81767862127153
3,20,44.56449722614761
3,21,44.61528287533824
3,22,0.0
3,23,0.0
3,24,0.0
3,25,48.738257640551794
3,26,50.021868586395804
3,27,50.021868586395804
3,28,51.92513460794194
3,29,52.050374893760754
3,30,51.92513460794194
3,32,52.4628574515362
3,35,50.252724046178216
3,36,50.77657266735379
3,37,47.714410083391655
3,38,48.02062689733897
3,39,48.59624766845148
3,40,48.29339915509495
3,41,49.053156514938784
3,42,50.394358940003904
3,43,48.31824552308872
3,44,48.58315530060909
3,45,48.86070862859648
3,46,48.7714803769136
3,47,0.0
3,49,51.701266408632904
3,50,0.0
3,52,51.44670395515913
3,53,51.23839855588255
3,54,51.137880132966444
3,55,49.78392105235088
3,56,50.305087882148264
4,0,44.658631574534176
4,1,0.0
4,2,44.658631574534176
4,3,44.658631574534176
4,4,0.0
4,5,44.658631574534176
4,6,5.018903332792924
4,7,1.7626147867656956
4,8,3.8706609009776725
4,9,4.122230633209179
4,10,5.117076713895553
4,11,6.465060115371411
4,12,44.658631574534176
4,13,6.165703782164155
4,14,6.97010599865951
4,15,44.658631574534176
4,16,8.125097216676767
4,17,4.7238739289584375
4,18,5.688998610301983
4,19,6.136944228740089
4,20,5.534634058213142
4,21,3.8706609009776725
4,22,44.658631574534176
4,23,44.658631574534176
4,24,44.658631574534176
4,25,4.815684446987463
4,26,5.376388220848118
4,27,5.376388220848118
4,28,7.274939593425663
4,29,7.4209150320194555
4,30,7.274939593425663
4,32,7.813076984026107
4,35,5.793833138465266
4,36,6.639562876088197
4,37,5.079740290127491
4,38,5.920092935249971
4,39,5.375229694248468
4,40,4.171166812009201
4,41,5.018903332792924
4,42,6.104513432785961
4,43,6.579794164286222
4,44,7.838224647807234
4,45,6.902417663643604
4,46,5.9955808175663154
4,47,44.658631574534176
4,49,7.094392849500983
4,50,44.658631574534176
4,52,6.97010599865951
4,53,6.588381907071242
4,54,6.6582979516907805
4,55,5.13104773364984
4,56,5.819568496073571
5,0,0.0
5,1,44.658631574534176
5,2,0.0
5,3,0.0
5,4,44.658631574534176
5,5,0.0
5,6,49.053156514938784
5,7,46.188481424409815
5,8,44.61528287533824
5,9,48.32763369027503
5,10,49.57477739335792
5,11,46.5222104683238
5,12,0.0
5,13,50.820045805325236
5,14,51.44670395515913
5,15,0.0
5,16,52.623088602223376
5,17,47.71485672352072
5,18,45.433368949721995
5,19,46.81767862127153
5,20,44.56449722614761
5,21,44.61528287533824
5,22,0.0
5,23,0.0
5,24,0.0
5,25,48.738257640551794
5,26,50.021868586395804
5,27,50.021868586395804
5,28,51.92513460794194
5,29,52.050374893760754
5,30,51.92513460794194
5,32,52.4628574515362
5,35,50.252724046178216
5,36,50.77657266735379
5,37,47.714410083391655
5,38,48.02062689733897
5,39,48.59624766845148
5,40,48.29339915509495
5,41,49.053156514938784
5,42,50.394358940003904
5,43,48.31824552308872
5,44,48.58315530060909
5,45,48.86070862859648
5,46,48.7714803769136
5,47,0.0
5,49,51.701266408632904
5,50,0.0
5,52,51.44670395515913
5,53,51.23839855588255
5,54,51.137880132966444
5,55,49.78392105235088
5,56,50.305087882148264
6,0,49.053156514938784
6,1,5.018903332792924
6,2,49.053156514938784
6,3,49.053156514938784
6,4,5.018903332792924
6,5,49.053156514938784
6,6,0.0
6,7,4.420810200021361
6,8,4.717464490605792
6,9,0.9111265845559571
6,10,1.1760685555759198
6,11,4.707751039772508
6,12,49.053156514938784
6,13,2.91186531416557
6,14,4.84091890351971
6,15,49.053156514938784
6,16,3.6865398620966237
6,17,1.8326123663578662
6,18,4.978126080307315
6,19,4.152187967069116
6,20,5.589732321364572
6,21,4.717464490605792
6,22,49.053156514938784
6,23,49.053156514938784
6,24,49.053156514938784
6,25,0.34720091808038755
6,26,2.3555849162316416
6,27,2.3555849162316416
6,28,3.624680474973289
6,29,3.5460668930387067
6,30,3.624680474973289
6,32,4.522485601208488
6,35,4.278956660499141
6,36,5.506095915687312
6,37,2.1841000915066218
6,38,2.7660922711647453
6,39,1.3706913542633956
6,40,0.8480887566384985
6,41,0.0
6,42,1.3927113352318654
6,43,3.2623765723800373
6,44,4.565956296572253
6,45,3.1806820486422795
6,46,2.0391432572164314
6,47,49.053156514938784
6,49,4.3556242293077565
6,50,49.053156514938784
6,52,4.84091890351971
6,53,3.1092852388405032
6,54,4.645221519577076
6,55,2.879126123621648
6,56,1.653612717152251
7,0,46.188481424409815
7,1,1.7626147867656956
7,2,46.188481424409815
7,3,46.188481424409815
7,4,1.7626147867656956
7,5,46.188481424409815
7,6,4.420810200021361
7,7,0.0
7,8,5.050464109927109
7,9,3.5308470756332526
7,10,4.123390575712527
7,11,7.173374899383407
7,12,46.188481424409815
7,13,4.773576035286686
7,14,5.301624113349724
7,15,46.188481424409815
7,16,6.926929561074202
7,17,4.799986982112228
7,18,6.638317951825963
7,19,6.745174217225436
7,20,6.6852202956998195
7,21,5.050464109927109
7,22,46.188481424409815
7,23,46.188481424409815
7,24,46.188481424409815
7,25,4.331113667682886
7,26,4.047096745107748
7,27,4.047096745107748
7,28,5.878930554947655
7,29,6.075720082948237
7,30,5.878930554947655
7,32,6.299097853749527
7,35,4.109821234594653
7,36,4.89038564720937
7,37,5.23993508074223
7,38,6.121704259538854
7,39,5.205424004886149
7,40,3.6469570944903205
7,41,4.420810200021361
7,42,5.188058148199952
7,43,6.789322307668277
7,44,8.14303013876581
7,45,6.989412915113146
7,46,5.922341221245193
7,47,46.188481424409815
7,49,5.513132812646265
7,50,46.188481424409815
7,52,5.301624113349724
7,53,5.206439882221444
7,54,4.989300094118664
7,55,3.6570934084277114
7,56,4.738610499576807
8,0,44.61528287533824
8,1,3.8706609009776725
8,2,44.61528287533824
8,3,44.61528287533824
8,4,3.8706609009776725
8,5,44.61528287533824
8,6,4.717464490605792
8,7,5.050464109927109
8,8,0.0
8,9,4.275339123203109
8,10,5.609622495829326
8,11,2.9523993282969947
8,12,44.61528287533824
8,13,7.3026950816982845
8,14,8.885265724878284
8,15,44.61528287533824
8,16,8.398468113001671
8,17,3.122445167032414
8,18,1.920193559372975
8,19,2.842639604159723
8,20,1.6669012119234417
8,21,0.0
8,22,44.61528287533824
8,23,44.61528287533824
8,24,44.61528287533824
8,25,4.372176034513266
8,26,6.5397530549489815
8,27,6.5397530549489815
8,28,8.223028491647849
8,29,8.202149207079973
8,30,8.223028491647849
8,32,9.04848880590533
8,35,7.924056848718304
8,36,9.069536463264514
8,37,3.100125861229926
8,38,3.518102994993195
8,39,3.9963290041585475
8,40,4.164195835191129
8,41,4.717464490605792
8,42,6.108447791597979
8,43,3.9837647868327144
8,44,4.843791119733891
8,45,4.489030695772362
8,46,4.170715082356464
8,47,44.61528287533824
8,49,8.651426249922702
8,50,44.61528287533824
8,52,8.885265724878284
8,53,7.614862438001047
8,54,8.611656299972962
8,55,6.716875913248415
8,56,6.279298924065088
9,0,48.32763369027503
9,1,4.122230633209179
9,2,48.32763369027503
9,3,48.32763369027503
9,4,4.122230633209179
9,5,48.32763369027503
9,6,0.9111265845559571
9,7,3.5308470756332526
9,8,4.275339123203109
9,9,0.0
9,10,1.3415556482040014
9,11,4.834690847192555
9,12,48.32763369027503
9,13,3.0408819788335313
9,14,4.779740649639166
9,15,48.32763369027503
9,16,4.309518829731928
9,17,1.8915529567719713
9,18,4.881514634355931
9,19,4.293059103795435
9,20,5.377210183995794
9,21,4.275339123203109
9,22,48.32763369027503
9,23,48.32763369027503
9,24,48.32763369027503
9,25,0.807336189376602
9,26,2.3160547981266606
9,27,2.3160547981266606
9,28,3.9515339715104076
9,29,3.9497792544045427
9,30,3.9515339715104076
9,32,4.775136831433505
9,35,4.018165465286203
9,36,5.2469671020264075
9,37,2.342129636718454
9,38,3.11239824763107
9,39,1.853252605031216
9,40,0.17645577478952834
9,41,0.9111265845559571
9,42,2.0749030867745435
9,43,3.707268141926357
9,44,5.0698033730527525
9,45,3.74425728051048
9,46,2.5956463011169686
9,47,48.32763369027503
9,49,4.432760081652466
9,50,48.32763369027503
9,52,4.779740649639166
9,53,3.3401126002750767
9,54,4.540848293294021
9,55,2.65011925893838
9,56,2.0439926453086588
10,0,49.57477739335792
10,1,5.117076713895553
10,2,49.57477739335792
10,3,49.57477739335792
10,4,5.117076713895553
10,5,49.57477739335792
10,6,1.1760685555759198
10,7,4.123390575712527
10,8,5.609622495829326
10,9,1.3415556482040014
10,10,0.0
10,11,5.873308369775029
10,12,49.57477739335792
10,13,1.7682566101387764
10,14,3.6656842438386965
10,15,49.57477739335792
10,16,3.0524990948367963
10,17,2.9576814362894766
10,18,6.081663036246445
10,19,5.318434640383076
10,20,6.641202329058419
10,21,5.609622495829326
10,22,49.57477739335792
10,23,49.57477739335792
10,24,49.57477739335792
10,25,1.4613392261787226
10,26,1.1818350477222817
10,27,1.1818350477222817
10,28,2.6134134506775912
10,29,2.609147343326207
10,30,2.6134134506775912
10,32,3.4576994693610223
10,35,3.134979476246857
10,36,4.352649855092271
10,37,3.3411969485822133
10,38,3.9412298647072186
10,39,2.54355267414799
10,40,1.4455552602615889
10,41,1.1760685555759198
10,42,1.0704137391315454
10,43,4.421538830165026
10,44,5.696985267681735
10,45,4.299889498518818
10,46,3.1825921080829973
10,47,49.57477739335792
10,49,3.204087531112508
10,50,49.57477739335792
10,52,3.6656842438386965
10,53,2.0217506387091784
10,54,3.4694265941194318
10,55,1.7489812331128356
10,56,0.7305907707805708
11,0,46.5222104683238
11,1,6.465060115371411
11,2,46.5222104683238
11,3,46.5222104683238
11,4,6.465060115371411
11,5,46.5222104683238
11,6,4.707751039772508
11,7,7.173374899383407
11,8,2.9523993282969947
11,9,4.834690847192555
11,10,5.873308369775029
11,11,0.0
11,12,46.5222104683238
11,13,7.618634653504016
11,14,9.532383728316164
11,15,46.5222104683238
11,16,7.876984294878173
11,17,2.952016492128797
11,18,1.1996212101040489
11,19,0.55572853782844
11,20,2.0356106073777043
11,21,2.9523993282969947
11,22,46.5222104683238
11,23,46.5222104683238
11,24,46.5222104683238
11,25,4.412926289274963
11,26,7.033804286756155
11,27,7.033804286756155
11,28,8.242381928410186
11,29,8.09913674141339
11,30,8.242381928410186
11,32,9.169106018820102
11,35,8.85006951097678
11,36,10.080710042860018
11,37,2.5345905036063447
11,38,2.06718705295596
11,39,3.396694901535769
11,40,4.662801370696109
11,41,4.707751039772508
11,42,5.846144990077303
11,43,1.9803315236201247
11,44,2.1189212639531974
11,45,2.4900681642045837
11,46,2.9990797205940853
11,47,46.5222104683238
11,49,9.06263267381736
11,50,46.5222104683238
11,52,9.532383728316164
11,53,7.792683763799915
11,54,9.31987698515008
11,55,7.46726269717596
11,56,6.323287691604862
12,0,0.0
12,1,44.658631574534176
12,2,0.0
12,3,0.0
12,4,44.658631574534176
12,5,0.0
12,6,49.053156514938784
12,7,46.188481424409815
12,8,44.61528287533824
12,9,48.32763369027503
12,10,49.57477739335792
12,11,46.5222104683238
12,12,0.0
12,13,50.820045805325236
12,14,51.44670395515913
12,15,0.0
12,16,52.623088602223376
12,17,47.71485672352072
12,18,45.433368949721995
12,19,46.81767862127153
12,20,44.56449722614761
12,21,44.61528287533824
12,22,0.0
12,23,0.0
12,24,0.0
12,25,48.738257640551794
12,26,50.021868586395804
12,27,50.021868586395804
12,28,51.92513460794194
12,29,52.050374893760754
12,30,51.92513460794194
12,32,52.4628574515362
12,35,50.252724046178216
12,36,50.77657266735379
12,37,47.714410083391655
12,38,48.02062689733897
12,39,48.59624766845148
12,40,48.29339915509495
12,41,49.053156514938784
12,42,50.394358940003904
12,43,48.31824552308872
12,44,48.58315530060909
12,45,48.86070862859648
12,46,48.7714803769136
12,47,0.0
12,49,51.701266408632904
12,50,0.0
12,52,51.44670395515913
12,53,51.23839855588255
12,54,51.137880132966444
12,55,49.78392105235088
12,56,50.305087882148264
13,0,50.820045805325236
13,1,6.165703782164155
13,2,50.820045805325236
13,3,50.820045805325236
13,4,6.165703782164155
13,5,50.820045805325236
13,6,2.91186531416557
13,7,4.773576035286686
13,8,7.3026950816982845
13,9,3.0408819788335313
13,10,1.7682566101387764
13,11,7.618634653504016
13,12,50.820045805325236
13,13,0.0
13,14,2.0090771095656463
13,15,50.820045805325236
13,16,2.311412066850781
13,17,4.723009869301765
13,18,7.849774655156764
13,19,7.062937762701074
13,20,8.399442686423104
13,21,7.3026950816982845
13,22,50.820045805325236
13,23,50.820045805325236
13,24,50.820045805325236
13,25,3.220312449119704
13,26,0.8131110769014634
13,27,0.8131110769014634
13,28,1.112080877040231
13,29,1.30916563885529
13,30,1.112080877040231
13,32,1.7617275506966406
13,35,1.914820805272971
13,36,2.9578273324169624
13,37,5.094946961551863
13,38,5.640447294749535
13,39,4.245259114234149
13,40,3.172275896169819
13,41,2.91186531416557
13,42,2.0044213157261677
13,43,6.063174982563338
13,44,7.262388588756997
13,45,5.866188677603089
13,46,4.814324058690221
13,47,50.820045805325236
13,49,1.4440002806818342
13,50,50.820045805325236
13,52,2.0090771095656463
13,53,0.43300259236939637
13,54,1.8840078328260597
13,55,1.1487299197725522
13,56,1.344694618553099
14,0,51.44670395515913
14,1,6.97010599865951
14,2,51.44670395515913
14,3,51.44670395515913
14,4,6.97010599865951
14,5,51.44670395515913
14,6,4.84091890351971
14,7,5.301624113349724
14,8,8.885265724878284
14,9,4.779740649639166
14,10,3.6656842438386965
14,11,9.532383728316164
14,12,51.44670395515913
14,13,2.0090771095656463
14,14,0.0
14,15,51.44670395515913
14,16,3.5859982334316705
14,17,6.594598152412403
14,18,9.661030904333112
14,19,8.978649815425252
14,20,10.136706389990957
14,21,8.885265724878284
14,22,51.44670395515913
14,23,51.44670395515913
14,24,51.44670395515913
14,25,5.120946901027853
14,26,2.498964347311371
14,27,2.498964347311371
14,28,2.10497822551795
14,29,2.451582002736264
14,30,2.10497822551795
14,32,1.6446664580144474
14,35,1.1956367957856346
14,36,1.2571107780846995
14,37,6.9978194509527025
14,38,7.601334575283002
14,39,6.202100252617487
14,40,4.936525283829921
14,41,4.84091890351971
14,42,4.010781997742952
14,43,8.051449386693072
14,44,9.268178869280542
14,45,7.87034122840346
14,46,6.802695663522363
14,47,51.44670395515913
14,49,0.8131430130980262
14,50,51.44670395515913
14,52,0.0
14,53,2.0377970432948396
14,54,0.3124725160614249
14,55,2.1706050164363258
14,56,3.349751642695641
15,0,0.0
15,1,44.658631574534176
15,2,0.0
15,3,0.0
15,4,44.658631574534176
15,5,0.0
15,6,49.053156514938784
15,7,46.188481424409815
15,8,44.61528287533824
15,9,48.32763369027503
15,10,49.57477739335792
15,11,46.5222104683238
15,12,0.0
15,13,50.820045805325236
15,14,51.44670395515913
15,15,0.0
15,16,52.623088602223376
15,17,47.71485672352072
15,18,45.433368949721995
15,19,46.81767862127153
15,20,44.56449722614761
15,21,44.61528287533824
15,22,0.0
15,23,0.0
15,24,0.0
15,25,48.738257640551794
15,26,50.021868586395804
15,27,50.021868586395804
15,28,51.92513460794194
15,29,52.050374893760754
15,30,51.92513460794194
15,32,52.4628574515362
15,35,50.252724046178216
15,36,50.77657266735379
15,37,47.714410083391655
15,38,48.02062689733897
15,39,48.59624766845148
15,40,48.29339915509495
15,41,49.053156514938784
15,42,50.394358940003904
15,43,48.31824552308872
15,44,48.58315530060909
15,45,48.86070862859648
15,46,48.7714803769136
15,47,0.0
15,49,51.701266408632904
15,50,0.0
15,52,51.44670395515913
15,53,51.23839855588255
15,54,51.137880132966444
15,55,49.78392105235088
15,56,50.305087882148264
16,0,52.623088602223376
16,1,8.125097216676767
16,2,52.623088602223376
16,3,52.623088602223376
16,4,8.125097216676767
16,5,52.623088602223376
16,6,3.6865398620966237
16,7,6.926929561074202
16,8,8.398468113001671
16,9,4.309518829731928
16,10,3.0524990948367963
16,11,7.876984294878173
16,12,52.623088602223376
16,13,2.311412066850781
16,14,3.5859982334316705
16,15,52.623088602223376
16,16,0.0
16,17,5.3775695347386305
16,18,8.432913517639848
16,19,7.345838942172658
16,20,9.139675702868804
16,21,8.398468113001671
16,22,52.623088602223376
16,23,52.623088602223376
16,24,52.623088602223376
16,25,4.028935885252482
16,26,2.899180479521714
16,27,2.899180479521714
16,28,1.5038567019641589
16,29,1.1577271921385897
16,30,1.5038567019641589
16,32,2.1149044404313573
16,35,4.057835901062068
16,36,4.8114135848285695
16,37,5.594648061612397
16,38,5.812757864973288
16,39,4.610372948214672
16,40,4.361621936981918
16,41,3.6865398620966237
16,42,2.2941300521337418
16,43,6.001735746391421
16,44,6.892985879629429
16,45,5.625344235767561
16,46,4.8783464153904035
16,47,52.623088602223376
16,49,2.7728619665476772
16,50,52.623088602223376
16,52,3.5859982334316705
16,53,1.9252696469267847
16,54,3.647747485710641
16,55,3.4372757518696075
16,56,2.325092754235538
17,0,47.71485672352072
17,1,4.7238739289584375
17,2,47.71485672352072
17,3,47.71485672352072
17,4,4.7238739289584375
17,5,47.71485672352072
17,6,1.8326123663578662
17,7,4.799986982112228
17,8,3.122445167032414
17,9,1.8915529567719713
17,10,2.9576814362894766
17,11,2.952016492128797
17,12,47.71485672352072
17,13,4.723009869301765
17,14,6.594598152412403
17,15,47.71485672352072
17,16,5.3775695347386305
17,17,0.0
17,18,3.145789674627105
17,19,2.4054560318823457
17,20,3.7805686975499397
17,21,3.122445167032414
17,22,47.71485672352072
17,23,47.71485672352072
17,24,47.71485672352072
17,25,1.505461841586927
17,26,4.096564102089456
17,27,4.096564102089456
17,28,5.45446192547846
17,29,5.362621875987633
17,30,5.45446192547846
17,32,6.355096060955636
17,35,5.899498133103819
17,36,7.131124575658499
17,37,0.4685409438954519
17,38,1.3322244579445466
17,39,0.8819288693267808
17,40,1.7172272670786404
17,41,1.8326123663578662
17,42,3.1397992841997358
17,43,1.9928869089599595
17,44,3.3593520631627483
17,45,2.210410536224619
17,46,1.2948043456836336
17,47,47.71485672352072
17,49,6.161716338480217
17,50,47.71485672352072
17,52,6.594598152412403
17,53,4.939291998429455
17,54,6.374943592406699
17,55,4.515258693892799
17,56,3.486029593088444
18,0,45.433368949721995
18,1,5.688998610301983
18,2,45.433368949721995
18,3,45.433368949721995
18,4,5.688998610301983
18,5,45.433368949721995
18,6,4.978126080307315
18,7,6.638317951825963
18,8,1.920193559372975
18,9,4.881514634355931
18,10,6.081663036246445
18,11,1.1996212101040489
18,12,45.433368949721995
18,13,7.849774655156764
18,14,9.661030904333112
18,15,45.433368949721995
18,16,8.432913517639848
18,17,3.145789674627105
18,18,0.0
18,19,1.3848497834951656
18,20,0.8707822814107724
18,21,1.920193559372975
18,22,45.433368949721995
18,23,45.433368949721995
18,24,45.433368949721995
18,25,4.6469555182379665
18,26,7.182276362975785
18,27,7.182276362975785
18,28,8.599700026367495
18,29,8.501105917707664
18,30,8.599700026367495
18,32,9.500438146582576
18,35,8.856769694553781
18,36,10.067111422008903
18,37,2.84877477665299
18,38,2.739454927064944
18,39,3.825459020621098
18,40,4.724986828491188
18,41,4.978126080307315
18,42,6.260444505289705
18,43,2.9020144524285874
18,44,3.3047312276729
18,45,3.443542644133248
18,46,3.6400607105553373
18,47,45.433368949721995
18,49,9.279191445842233
18,50,45.433368949721995
18,52,9.661030904333112
18,53,8.08112326975025
18,54,9.421326460563515
18,55,7.522254290912071
18,56,6.631704739833582
19,0,46.81767862127153
19,1,6.136944228740089
19,2,46.81767862127153
19,3,46.81767862127153
19,4,6.136944228740089
19,5,46.81767862127153
19,6,4.152187967069116
19,7,6.745174217225436
19,8,2.842639604159723
19,9,4.293059103795435
19,10,5.318434640383076
19,11,0.55572853782844
19,12,46.81767862127153
19,13,7.062937762701074
19,14,8.978649815425252
19,15,46.81767862127153
19,16,7.345838942172658
19,17,2.4054560318823457
19,18,1.3848497834951656
19,19,0.0
19,20,2.255257123149671
19,21,2.842639604159723
19,22,46.81767862127153
19,23,46.81767862127153
19,24,46.81767862127153
19,25,3.8584661981883217
19,26,6.480390160544156
19,27,6.480390160544156
19,28,7.6900131594555114
19,29,7.549690661822538
19,30,7.6900131594555114
19,32,8.615777566362613
19,35,8.30495389426894
19,36,9.5364816918425
19,37,1.981500650690268
19,38,1.5334511994537596
19,39,2.8429439754193186
19,40,4.1201433692882246
19,41,4.152187967069116
19,42,5.295621025420709
19,43,1.5427815582709647
19,44,2.015625079633245
19,45,2.0776261018866435
19,46,2.4687580187768434
19,47,46.81767862127153
19,49,8.506937292630397
19,50,46.81767862127153
19,52,8.978649815425252
19,53,7.237465550559612
19,54,8.767504610225867
19,55,6.919363659049085
19,56,5.768092043256522
20,0,44.56449722614761
20,1,5.534634058213142
20,2,44.56449722614761
20,3,44.56449722614761
20,4,5.534634058213142
20,5,44.56449722614761
20,6,5.589732321364572
20,7,6.6852202956998195
20,8,1.6669012119234417
20,9,5.377210183995794
20,10,6.641202329058419
20,11,2.0356106073777043
20,12,44.56449722614761
20,13,8.399442686423104
20,14,10.136706389990957
20,15,44.56449722614761
20,16,9.139675702868804
20,17,3.7805686975499397
20,18,0.8707822814107724
20,19,2.255257123149671
20,20,0.0
20,21,1.6669012119234417
20,22,44.56449722614761
20,23,44.56449722614761
20,24,44.56449722614761
20,25,5.248292814993568
20,26,7.693264791986036
20,27,7.693264791986036
20,28,9.209998254870081
20,29,9.134717918449496
20,30,9.209998254870081
20,32,10.091124291609463
20,35,9.264693649239842
20,36,10.451983473564017
20,37,3.5486514719568443
20,38,3.555411528358445
20,39,4.534699773586618
20,40,5.233703563261551
20,41,5.589732321364572
20,42,6.920339768164584
20,43,3.7622861209051583
20,44,4.153936783955406
20,45,4.304790919742515
20,46,4.427803543609212
20,47,44.56449722614761
20,49,9.808588591252974
20,50,44.56449722614761
20,52,10.136706389990957
20,53,8.659552867522281
20,54,9.882578272308287
20,55,7.974310324317605
20,56,7.235580386565268
21,0,44.61528287533824
21,1,3.8706609009776725
21,2,44.61528287533824
21,3,44.61528287533824
21,4,3.8706609009776725
21,5,44.61528287533824
21,6,4.717464490605792
21,7,5.050464109927109
21,8,0.0
21,9,4.275339123203109
21,10,5.609622495829326
21,11,2.9523993282969947
21,12,44.61528287533824
21,13,7.3026950816982845
21,14,8.885265724878284
21,15,44.61528287533824
21,16,8.398468113001671
21,17,3.122445167032414
21,18,1.920193559372975
21,19,2.842639604159723
21,20,1.6669012119234417
21,21,0.0
21,22,44.61528287533824
21,23,44.61528287533824
21,24,44.61528287533824
21,25,4.372176034513266
21,26,6.5397530549489815
21,27,6.5397530549489815
21,28,8.223028491647849
21,29,8.202149207079973
21,30,8.223028491647849
21,32,9.04848880590533
21,35,7.924056848718304
21,36,9.069536463264514
21,37,3.100125861229926
21,38,3.518102994993195
21,39,3.9963290041585475
21,40,4.164195835191129
21,41,4.717464490605792
21,42,6.108447791597979
21,43,3.9837647868327144
21,44,4.843791119733891
21,45,4.489030695772362
21,46,4.170715082356464
21,47,44.61528287533824
21,49,8.651426249922702
21,50,44.61528287533824
21,52,8.885265724878284
21,53,7.614862438001047
21,54,8.611656299972962
21,55,6.716875913248415
21,56,6.279298924065088
22,0,0.0
22,1,44.658631574534176
22,2,0.0
22,3,0.0
22,4,44.658631574534176
22,5,0.0
22,6,49.053156514938784
22,7,46.188481424409815
22,8,44.61528287533824
22,9,48.32763369027503
22,10,49.57477739335792
22,11,46.5222104683238
22,12,0.0
22,13,50.820045805325236
22,14,51.44670395515913
22,15,0.0
22,16,52.623088602223376
22,17,47.71485672352072
22,18,45.433368949721995
22,19,46.81767862127153
22,20,44.56449722614761
22,21,44.61528287533824
22,22,0.0
22,23,0.0
22,24,0.0
22,25,48.738257640551794
22,26,50.021868586395804
22,27,50.021868586395804
22,28,51.92513460794194
22,29,52.050374893760754
22,30,51.92513460794194
22,32,52.4628574515362
22,35,50.252724046178216
22,36,50.77657266735379
22,37,47.714410083391655
22,38,48.02062689733897
22,39,48.59624766845148
22,40,48.29339915509495
22,41,49.053156514938784
22,42,50.394358940003904
22,43,48.31824552308872
22,44,48.58315530060909
22,45,48.86070862859648
22,46,48.7714803769136
22,47,0.0
22,49,51.701266408632904
22,50,0.0
22,52,51.44670395515913
22,53,51.23839855588255
22,54,51.137880132966444
22,55,49.78392105235088
22,56,50.305087882148264
23,0,0.0
23,1,44.658631574534176
23,2,0.0
23,3,0.0
23,4,44.658631574534176
23,5,0.0
23,6,49.053156514938784
23,7,46.188481424409815
23,8,44.61528287533824
23,9,48.32763369027503
23,10,49.57477739335792
23,11,46.5222104683238
23,12,0.0
23,13,50.820045805325236
23,14,51.44670395515913
23,15,0.0
23,16,52.623088602223376
23,17,47.71485672352072
23,18,45.433368949721995
23,19,46.81767862127153
23,20,44.56449722614761
23,21,44.61528287533824
23,22,0.0
23,23,0.0
23,24,0.0
23,25,48.738257640551794
23,26,50.021868586395804
23,27,50.021868586395804
23,28,51.92513460794194
23,29,52.050374893760754
23,30,51.92513460794194
23,32,52.4628574515362
23,35,50.252724046178216
23,36,50.77657266735379
23,37,47.714410083391655
23,38,48.02062689733897
23,39,48.59624766845148
23,40,48.29339915509495
23,41,49.053156514938784
23,42,50.394358940003904
23,43,48.31824552308872
23,44,48.58315530060909
23,45,48.86070862859648
23,46,48.7714803769136
23,47,0.0
23,49,51.701266408632904
23,50,0.0
23,52,51.44670395515913
23,53,51.23839855588255
23,54,51.137880132966444
23,55,49.78392105235088
23,56,50.305087882148264
24,0,0.0
24,1,44.658631574534176
24,2,0.0
24,3,0.0
24,4,44.658631574534176
24,5,0.0
24,6,49.053156514938784
24,7,46.188481424409815
24,8,44.61528287533824
24,9,48.32763369027503
24,10,49.57477739335792
24,11,46.5222104683238
24,12,0.0
24,13,50.820045805325236
24,14,51.44670395515913
24,15,0.0
24,16,52.623088602223376
24,17,47.71485672352072
24,18,45.433368949721995
24,19,46.81767862127153
24,20,44.56449722614761
24,21,44.61528287533824
24,22,0.0
24,23,0.0
24,24,0.0
24,25,48.738257640551794
24,26,50.021868586395804
24,27,50.021868586395804
24,28,51.92513460794194
24,29,52.050374893760754
24,30,51.92513460794194
24,32,52.4628574515362
24,35,50.252724046178216
24,36,50.77657266735379
24,37,47.714410083391655
24,38,48.02062689733897
24,39,48.59624766845148
24,40,48.29339915509495
24,41,49.053156514938784
24,42,50.394358940003904
24,43,48.31824552308872
24,44,48.58315530060909
24,45,48.86070862859648
24,46,48.7714803769136
24,47,0.0
24,49,51.701266408632904
24,50,0.0
24,52,51.44670395515913
24,53,51.23839855588255
24,54,51.137880132966444
24,55,49.78392105235088
24,56,50.305087882148264
25,0,48.738257640551794
25,1,4.815684446987463
25,2,48.738257640551794
25,3,48.738257640551794
25,4,4.815684446987463
25,5,48.738257640551794
25,6,0.34720091808038755
25,7,4.331113667682886
25,8,4.372176034513266
25,9,0.807336189376602
25,10,1.4613392261787226
25,11,4.412926289274963
25,12,48.738257640551794
25,13,3.220312449119704
25,14,5.120946901027853
25,15,48.738257640551794
25,16,4.028935885252482
25,17,1.505461841586927
25,18,4.6469555182379665
25,19,3.8584661981883217
25,20,5.248292814993568
25,21,4.372176034513266
25,22,48.738257640551794
25,23,48.738257640551794
25,24,48.738257640551794
25,25,0.0
25,26,2.6244052464036205
25,27,2.6244052464036205
25,28,3.9627857671626594
25,29,3.889939525783363
25,30,3.9627857671626594
25,32,4.854632499113679
25,35,4.5065864952836785
25,36,5.738489867898636
25,37,1.8799054334071033
25,38,2.5189638086360118
25,39,1.1520757616995547
25,40,0.6852562200662156
25,41,0.34720091808038755
25,42,1.7364571788455554
25,43,3.05405891028371
25,44,4.387205058240089
25,45,3.0232341640143945
25,46,1.868824861086759
25,47,48.738257640551794
25,49,4.661549969919604
25,50,48.738257640551794
25,52,5.120946901027853
25,53,3.434660826272797
25,54,4.9148351657915645
25,55,3.10610971411714
25,56,1.9890399309760147
26,0,50.021868586395804
26,1,5.376388220848118
26,2,50.021868586395804
26,3,50.021868586395804
26,4,5.376388220848118
26,5,50.021868586395804
26,6,2.3555849162316416
26,7,4.047096745107748
26,8,6.5397530549489815
26,9,2.3160547981266606
26,10,1.1818350477222817
26,11,7.033804286756155
26,12,50.021868586395804
26,13,0.8131110769014634
26,14,2.498964347311371
26,15,50.021868586395804
26,16,2.899180479521714
26,17,4.096564102089456
26,18,7.182276362975785
26,19,6.480390160544156
26,20,7.693264791986036
26,21,6.5397530549489815
26,22,50.021868586395804
26,23,50.021868586395804
26,24,50.021868586395804
26,25,2.6244052464036205
26,26,0.0
26,27,0.0
26,28,1.9035465972903578
26,29,2.048866974923166
26,30,1.9035465972903578
26,32,2.565472872917363
26,35,1.9854315511509812
26,36,3.1850053777476925
26,37,4.499218054588518
26,38,5.1216713418962145
26,39,3.7249073376050386
26,40,2.4626688680279196
26,41,2.3555849162316416
26,42,1.830305503920282
26,43,5.601862734729216
26,44,6.866432011332297
26,45,5.466985852375949
26,46,4.360171658355978
26,47,50.021868586395804
26,49,2.1195332241554414
26,50,50.021868586395804
26,52,2.498964347311371
26,53,1.2173482470843557
26,54,2.2912273812634476
26,55,0.6891867952766513
26,56,1.1165272283872227
27,0,50.021868586395804
27,1,5.376388220848118
27,2,50.021868586395804
27,3,50.021868586395804
27,4,5.376388220848118
27,5,50.021868586395804
27,6,2.3555849162316416
27,7,4.047096745107748
27,8,6.5397530549489815
27,9,2.3160547981266606
27,10,1.1818350477222817
27,11,7.033804286756155
27,12,50.021868586395804
27,13,0.8131110769014634
27,14,2.498964347311371
27,15,50.021868586395804
27,16,2.899180479521714
27,17,4.096564102089456
27,18,7.182276362975785
27,19,6.480390160544156
27,20,7.693264791986036
27,21,6.5397530549489815
27,22,50.021868586395804
27,23,50.021868586395804
27,24,50.021868586395804
27,25,2.6244052464036205
27,26,0.0
27,27,0.0
27,28,1.9035465972903578
27,29,2.048866974923166
27,30,1.9035465972903578
27,32,2.565472872917363
27,35,1.9854315511509812
27,36,3.1850053777476925
27,37,4.499218054588518
27,38,5.1216713418962145
27,39,3.7249073376050386
27,40,2.4626688680279196
27,41,2.3555849162316416
27,42,1.830305503920282
27,43,5.601862734729216
27,44,6.866432011332297
27,45,5.466985852375949
27,46,4.360171658355978
27,47,50.021868586395804
27,49,2.1195332241554414
27,50,50.021868586395804
27,52,2.498964347311371
27,53,1.2173482470843557
27,54,2.2912273812634476
27,55,0.6891867952766513
27,56,1.1165272283872227
28,0,51.92513460794194
28,1,7.274939593425663
28,2,51.92513460794194
28,3,51.92513460794194
28,4,7.274939593425663
28,5,51.92513460794194
28,6,3.624680474973289
28,7,5.878930554947655
28,8,8.223028491647849
28,9,3.9515339715104076
28,10,2.6134134506775912
28,11,8.242381928410186
28,12,51.92513460794194
28,13,1.112080877040231
28,14,2.10497822551795
28,15,51.92513460794194
28,16,1.5038567019641589
28,17,5.45446192547846
28,18,8.599700026367495
28,19,7.6900131594555114
28,20,9.209998254870081
28,21,8.223028491647849
28,22,51.92513460794194
28,23,51.92513460794194
28,24,51.92513460794194
28,25,3.9627857671626594
28,26,1.9035465972903578
28,27,1.9035465972903578
28,28,0.0
28,29,0.3487690568822063
28,30,0.0
28,32,0.9372168567625376
28,35,2.5827747057559507
28,36,3.3122695814936343
28,37,5.7748443423661
28,38,6.2004989670598345
28,39,4.848123273413344
28,40,4.058872363980353
28,41,3.624680474973289
28,42,2.4020287822215716
28,43,6.533762226379263
28,44,7.618042994534259
28,45,6.2556746703461075
28,46,5.309326020853859
28,47,51.92513460794194
28,49,1.2982636081134047
28,50,51.92513460794194
28,52,2.10497822551795
28,53,0.6868460402587313
28,54,2.1468989378213363
28,55,2.2302036435255923
28,56,1.9744187734299476
29,0,52.050374893760754
29,1,7.4209150320194555
29,2,52.050374893760754
29,3,52.050374893760754
29,4,7.4209150320194555
29,5,52.050374893760754
29,6,3.5460668930387067
29,7,6.075720082948237
29,8,8.202149207079973
29,9,3.9497792544045427
29,10,2.609147343326207
29,11,8.09913674141339
29,12,52.050374893760754
29,13,1.30916563885529
29,14,2.451582002736264
29,15,52.050374893760754
29,16,1.1577271921385897
29,17,5.362621875987633
29,18,8.501105917707664
29,19,7.549690661822538
29,20,9.134717918449496
29,21,8.202149207079973
29,22,52.050374893760754
29,23,52.050374893760754
29,24,52.050374893760754
29,25,3.889939525783363
29,26,2.048866974923166
29,27,2.048866974923166
29,28,0.3487690568822063
29,29,0.0
29,30,0.3487690568822063
29,32,1.1702170806191823
29,35,2.912400457439349
29,36,3.6610140466567316
29,37,5.661914357634852
29,38,6.044895806446866
29,39,4.715955067221193
29,40,4.044507362743989
29,41,3.5460668930387067
29,42,2.2553348768118773
29,43,6.349508246923133
29,44,7.398314108002548
29,45,6.050273259179981
29,46,5.139535065787308
29,47,52.050374893760754
29,49,1.6424808702647358
29,50,52.050374893760754
29,52,2.451582002736264
29,53,0.8788054540682948
29,54,2.495570713644464
29,55,2.4553934553850723
29,56,1.9233069514386525
30,0,51.92513460794194
30,1,7.274939593425663
30,2,51.92513460794194
30,3,51.92513460794194
30,4,7.274939593425663
30,5,51.92513460794194
30,6,3.624680474973289
30,7,5.878930554947655
30,8,8.223028491647849
30,9,3.9515339715104076
30,10,2.6134134506775912
30,11,8.242381928410186
30,12,51.92513460794194
30,13,1.112080877040231
30,14,2.10497822551795
30,15,51.92513460794194
30,16,1.5038567019641589
30,17,5.45446192547846
30,18,8.599700026367495
30,19,7.6900131594555114
30,20,9.209998254870081
30,21,8.223028491647849
30,22,51.92513460794194
30,23,51.92513460794194
30,24,51.92513460794194
30,25,3.9627857671626594
30,26,1.9035465972903578
30,27,1.9035465972903578
30,28,0.0
30,29,0.3487690568822063
30,30,0.0
30,32,0.9372168567625376
30,35,2.5827747057559507
30,36,3.3122695814936343
30,37,5.7748443423661
30,38,6.2004989670598345
30,39,4.848123273413344
30,40,4.058872363980353
30,41,3.624680474973289
30,42,2.4020287822215716
30,43,6.533762226379263
30,44,7.618042994534259
30,45,6.2556746703461075
30,46,5.309326020853859
30,47,51.92513460794194
30,49,1.2982636081134047
30,50,51.92513460794194
30,52,2.10497822551795
30,53,0.6868460402587313
30,54,2.1468989378213363
30,55,2.2302036435255923
30,56,1.9744187734299476
32,0,52.4628574515362
32,1,7.813076984026107
32,2,52.4628574515362
32,3,52.4628574515362
32,4,7.813076984026107
32,5,52.4628574515362
32,6,4.522485601208488
32,7,6.299097853749527
32,8,9.04848880590533
32,9,4.775136831433505
32,10,3.4576994693610223
32,11,9.169106018820102
32,12,52.4628574515362
32,13,1.7617275506966406
32,14,1.6446664580144474
32,15,52.4628574515362
32,16,2.1149044404313573
32,17,6.355096060955636
32,18,9.500438146582576
32,19,8.615777566362613
32,20,10.091124291609463
32,21,9.04848880590533
32,22,52.4628574515362
32,23,52.4628574515362
32,24,52.4628574515362
32,25,4.854632499113679
32,26,2.565472872917363
32,27,2.565472872917363
32,28,0.9372168567625376
32,29,1.1702170806191823
32,30,0.9372168567625376
32,32,0.0
32,35,2.523592874007789
32,36,2.8991363127794614
32,37,6.688490253120125
32,38,7.13253906764139
32,39,5.7728617440337375
32,40,4.8957776232989225
32,41,4.522485601208488
32,42,3.335911615570512
32,43,7.470795626775867
32,44,8.551178434191446
32,45,7.191793769941892
32,46,6.244952840114287
32,47,52.4628574515362
32,49,0.9208100909605683
32,50,52.4628574515362
32,52,1.6446664580144474
32,53,1.4366055575238559
32,54,1.8162341432765097
32,55,2.6820417223381408
32,56,2.869367941856864
35,0,50.252724046178216
35,1,5.793833138465266
35,2,50.252724046178216
35,3,50.252724046178216
35,4,5.793833138465266
35,5,50.252724046178216
35,6,4.278956660499141
35,7,4.109821234594653
35,8,7.924056848718304
35,9,4.018165465286203
35,10,3.134979476246857
35,11,8.85006951097678
35,12,50.252724046178216
35,13,1.914820805272971
35,14,1.1956367957856346
35,15,50.252724046178216
35,16,4.057835901062068
35,17,5.899498133103819
35,18,8.856769694553781
35,19,8.30495389426894
35,20,9.264693649239842
35,21,7.924056848718304
