source_id,target_id,rtt
0,0,0.0
0,1,1.7379584160769277
0,2,6.219924401225079
0,3,9.960635407224911
0,4,3.6489506301500474
0,5,7.747561132052292
0,6,5.566653405167791
0,7,7.019721006153928
0,8,7.294332114593097
0,9,9.423974300094423
0,10,70.46258622656657
0,11,74.07714066266749
0,12,18.120962304494206
0,13,18.24903612924108
0,14,27.69397234273017
0,15,22.487705910752133
0,16,29.635065433663215
0,17,33.57708507660823
0,18,20.94378695244137
0,19,70.46258622656657
0,20,19.860730696997457
0,21,18.1800102309144
0,22,11.802982103714763
0,23,10.185905807883337
0,24,19.45989941754631
0,25,17.56327693274504
0,26,14.99904958033185
0,27,13.595873446666877
0,28,12.424726975510623
0,29,9.636073750637895
0,30,12.824125085045681
0,31,21.85375635521119
0,32,22.481457147392888
0,33,8.219534413974742
0,34,3.5757785635491297
0,35,13.416818768030879
0,36,11.45322033204128
0,37,14.111814409761966
0,38,14.60453933702065
0,39,15.106915746109935
1,0,1.7379584160769277
1,1,0.0
1,2,7.957882817302006
1,3,11.698593823301838
1,4,5.386909046226975
1,5,9.48551954812922
1,6,7.30461182124472
1,7,8.757679422230856
1,8,9.032290530670025
1,9,11.161932716171352
1,10,72.2005446426435
1,11,75.81509907874442
1,12,19.858920720571135
1,13,19.98699454531801
1,14,29.4319307588071
1,15,24.22566432682906
1,16,31.373023849740143
1,17,35.315043492685156
1,18,22.6817453685183
1,19,72.2005446426435
1,20,21.598689113074386
1,21,19.91796864699133
1,22,13.540940519791691
1,23,11.923864223960265
1,24,21.19785783362324
1,25,19.30123534882197
1,26,16.737007996408778
1,27,15.333831862743805
1,28,14.162685391587551
1,29,11.374032166714823
1,30,14.56208350112261
1,31,23.591714771288114
1,32,24.219415563469816
1,33,7.768567390850381
1,34,5.313736979626057
1,35,15.154777184107807
1,36,13.191178748118208
1,37,15.849772825838894
1,38,16.34249775309758
1,39,16.844874162186862
2,0,6.219924401225079
2,1,7.957882817302006
2,2,0.0
2,3,13.029008658378139
2,4,6.717323881303275
2,5,10.81593438320552
2,6,8.63502665632102
2,7,11.511913894641276
2,8,10.362705365746326
2,9,12.492347551247653
2,10,73.53095947771979
2,11,77.14551391382072
2,12,21.189335555647432
2,13,21.31740938039431
2,14,30.762345593883396
2,15,25.55607916190536
2,16,32.70343868481644
2,17,36.64545832776145
2,18,24.012160203594604
2,19,73.53095947771979
2,20,22.929103948150683
2,21,21.24838348206763
2,22,14.87135535486799
2,23,13.254279059036566
2,24,25.67982381877139
2,25,21.902864402707195
2,26,18.06742283148508
2,27,16.664246697820104
2,28,15.49310022666385
2,29,12.704447001791122
2,30,13.468147542916551
2,31,15.633831953986109
2,32,21.08014372085529
2,33,14.43945881519982
2,34,9.795702964774208
2,35,7.196894366805801
2,36,5.233295930816202
2,37,7.891890008536887
2,38,8.384614935795572
2,39,11.185356881852297
3,0,9.960635407224911
3,1,11.698593823301838
3,2,13.029008658378139
3,3,0.0
3,4,6.311684777074864
3,5,3.1427672903106574
3,6,8.229387552092607
3,7,11.106274790412863
3,8,9.957066261517912
3,9,12.08670844701924
3,10,60.50195081934166
3,11,69.94991735578095
3,12,13.993738997607664
3,13,14.121812822354538
3,14,23.56674903584363
3,15,19.260009372743
3,16,32.297799580588034
3,17,32.785663282022036
3,18,23.60652109936619
3,19,60.50195081934166
3,20,15.733507390110915
3,21,15.152451038518745
3,22,7.67575879682822
3,23,6.058682500996795
3,24,26.529458554960463
3,25,21.49722529847878
3,26,10.871826273445308
3,27,10.56831425427122
3,28,9.397167783114966
3,29,6.608514558242239
3,30,5.344430885688589
3,31,26.553958529256814
3,32,32.4420925546178
3,33,18.180169821199655
3,34,13.536413970774042
3,35,20.22590302518394
3,36,18.26230458919434
3,37,20.920898666915026
3,38,10.427963492809567
3,39,7.6272215467528435
4,0,3.6489506301500474
4,1,5.386909046226975
4,2,6.717323881303275
4,3,6.311684777074864
4,4,0.0
4,5,4.098610501902245
4,6,1.9177027750177444
4,7,4.794590013338
4,8,3.6453814844430497
4,9,5.775023669944376
4,10,66.81363559641652
4,11,70.42819003251745
4,12,14.47201167434416
4,13,14.600085499091033
4,14,24.045021712580123
4,15,18.838755280602086
4,16,25.986114803513168
4,17,29.92813444645818
4,18,17.294836322291324
4,19,66.81363559641652
4,20,16.21178006684741
4,21,14.531059600764355
4,22,8.154031473564714
4,23,6.53695517773329
4,24,20.217773777885597
4,25,15.185540521403917
4,26,11.350098950181803
4,27,9.946922816516828
4,28,8.775776345360574
4,29,5.987123120487847
4,30,11.656115662763453
4,31,20.24227375218195
4,32,26.130407777542935
4,33,11.86848504412479
4,34,7.2247291936991775
4,35,13.914218248109076
4,36,11.950619812119477
4,37,14.609213889840163
4,38,15.101938817098848
4,39,13.938906323827707
5,0,7.747561132052292
5,1,9.48551954812922
5,2,10.81593438320552
5,3,3.1427672903106574
5,4,4.098610501902245
5,5,0.0
5,6,6.016313276919989
5,7,8.893200515240245
5,8,7.743991986345295
5,9,9.731332177879075
5,10,63.64471810965232
5,11,66.8071500654703
5,12,10.850971707297006
5,13,10.97904553204388
5,14,20.42398174553297
5,15,16.11724208243234
5,16,30.08472530541541
5,17,34.026744948360424
5,18,21.251144830226025
5,19,63.64471810965232
5,20,12.590740099800257
5,21,12.009683748208088
5,22,4.532991506517563
5,23,2.915915210686138
5,24,24.31638427978784
5,25,19.284151023306162
5,26,7.72905898313465
5,27,7.425546963960564
5,28,6.25440049280431
5,29,3.4657472679315813
5,30,8.487198175999247
5,31,24.340884254084195
5,32,30.22901827944518
5,33,15.967095546027036
5,34,11.323339695601423
5,35,18.012828750011323
5,36,16.04923031402172
5,37,18.707824391742406
5,38,13.570730783120226
5,39,10.7699888370635
6,0,5.566653405167791
6,1,7.30461182124472
6,2,8.63502665632102
6,3,8.229387552092607
6,4,1.9177027750177444
6,5,6.016313276919989
6,6,0.0
6,7,2.8768872383202555
6,8,5.563084259460794
6,9,7.692726444962121
6,10,68.73133837143426
6,11,72.3458928075352
6,12,16.389714449361904
6,13,16.517788274108778
6,14,25.962724487597868
6,15,20.75645805561983
6,16,27.903817578530912
6,17,31.845837221475925
6,18,19.21253909730907
6,19,68.73133837143426
6,20,18.129482841865155
6,21,16.4487623757821
6,22,10.071734248582459
6,23,8.454657952751035
6,24,18.452676421393047
6,25,13.420443164911367
6,26,13.267801725199547
6,27,11.864625591534573
6,28,10.693479120378319
6,29,7.904825895505591
6,30,13.573818437781197
6,31,22.159976527199696
6,32,25.226508264768814
6,33,10.964585531350668
6,34,6.320829680925054
6,35,15.83192102312682
6,36,13.868322587137222
6,37,16.526916664857907
6,38,17.019641592116592
6,39,15.856609098845452
7,0,7.019721006153928
7,1,8.757679422230856
7,2,11.511913894641276
7,3,11.106274790412863
7,4,4.794590013338
7,5,8.893200515240245
7,6,2.8768872383202555
7,7,0.0
7,8,4.358034199457501
7,9,6.487676384958828
7,10,71.60822560975451
7,11,75.22278004585544
7,12,19.266601687682158
7,13,19.394675512429032
7,14,28.83961172591812
7,15,21.12843769393671
7,16,30.780704816851166
7,17,34.72272445979618
7,18,18.007489037305778
7,19,71.60822560975451
7,20,21.00637008018541
7,21,19.325649614102353
7,22,12.948621486902715
7,23,11.331545191071289
7,24,15.575789183072791
7,25,10.543555926591111
7,26,16.1446889635198
7,27,14.741512829854829
7,28,13.570366358698575
7,29,10.781713133825846
7,30,16.450705676101453
7,31,25.03686376551995
7,32,22.349621026448556
7,33,8.087698293030412
7,34,3.4439424426047984
7,35,18.708808261447075
7,36,16.745209825457476
7,37,19.40380390317816
7,38,19.896528830436846
7,39,18.733496337165708
8,0,7.294332114593097
8,1,9.032290530670025
8,2,10.362705365746326
8,3,9.957066261517912
8,4,3.6453814844430497
8,5,7.743991986345295
8,6,5.563084259460794
8,7,4.358034199457501
8,8,0.0
8,9,2.129642185501327
8,10,70.45901708085957
8,11,72.83629400747841
8,12,16.880115649305132
8,13,17.008189474052006
8,14,26.453125687541096
8,15,16.770403494479208
8,16,29.631496287956217
8,17,33.57351593090123
8,18,13.649454837848277
8,19,70.45901708085957
8,20,18.619884041808383
8,21,16.939163575725328
8,22,10.562135448525689
8,23,8.945059152694263
8,24,16.572392293442547
8,25,11.540159036960867
8,26,13.758202925142776
8,27,12.355026791477803
8,28,11.183880320321549
8,29,8.39522709544882
8,30,15.301497147206502
8,31,23.887655236625
8,32,26.70765522590606
8,33,12.445732492487913
8,34,7.8019766420623
8,35,17.559599732552126
8,36,15.596001296562527
8,37,18.254595374283213
8,38,18.747320301541897
8,39,17.58428780827076
9,0,9.423974300094423
9,1,11.161932716171352
9,2,12.492347551247653
9,3,12.08670844701924
9,4,5.775023669944376
9,5,9.731332177879075
9,6,7.692726444962121
9,7,6.487676384958828
9,8,2.129642185501327
9,9,0.0
9,10,72.58865926636089
9,11,70.70665182197709
9,12,14.750473463803804
9,13,14.878547288550678
9,14,24.323483502039768
9,15,14.640761308977881
9,16,31.761138473457542
9,17,35.703158116402555
9,18,11.51981265234695
9,19,72.58865926636089
9,20,16.490241856307055
9,21,14.809521390223999
9,22,8.432493263024362
9,23,6.815416967192936
9,24,16.93500003924965
9,25,11.902766782767973
9,26,11.628560739641449
9,27,10.225384605976474
9,28,9.05423813482022
9,29,6.265584909947493
9,30,17.43113933270783
9,31,26.017297422126326
9,32,28.837297411407384
9,33,14.57537467798924
9,34,9.931618827563627
9,35,19.689241918053455
9,36,17.72564348206385
9,37,20.384237559784538
9,38,20.876962487043222
9,39,19.713929993772084
10,0,70.46258622656657
10,1,72.2005446426435
10,2,73.53095947771979
10,3,60.50195081934166
10,4,66.81363559641652
10,5,63.64471810965232
10,6,68.73133837143426
10,7,71.60822560975451
10,8,70.45901708085957
10,9,72.58865926636089
10,10,0.0
10,11,130.45186817512263
10,12,74.49568981694932
10,13,74.6237636416962
10,14,84.06869985518529
10,15,79.76196019208466
10,16,92.79975039992968
10,17,93.2876141013637
10,18,84.10847191870783
10,19,121.00390163868332
10,20,76.23545820945257
10,21,75.65440185786039
10,22,68.17770961616988
10,23,66.56063332033845
10,24,87.03140937430211
10,25,81.99917611782044
10,26,71.37377709278697
10,27,71.07026507361287
10,28,69.89911860245662
10,29,67.11046537758389
10,30,65.84638170503025
10,31,87.05590934859848
10,32,92.94404337395946
10,33,78.68212064054131
10,34,74.0383647901157
10,35,80.7278538445256
10,36,78.764255408536
10,37,81.42284948625668
10,38,70.92991431215123
10,39,68.12917236609451
11,0,74.07714066266749
11,1,75.81509907874442
11,2,77.14551391382072
11,3,69.94991735578095
11,4,70.42819003251745
11,5,66.8071500654703
11,6,72.3458928075352
11,7,75.22278004585544
11,8,72.83629400747841
11,9,70.70665182197709
11,10,130.45186817512263
11,11,0.0
11,12,58.79042551823727
11,13,55.82810453342642
11,14,65.27304074691551
11,15,64.0566958933726
11,16,96.41430483603061
11,17,100.35632447897562
11,18,82.22646447432405
11,19,130.45186817512263
11,20,60.53019391074052
11,21,69.85759691418373
11,22,62.274158558952735
11,23,63.89123485478416
11,24,87.64165186122673
11,25,82.60941860474506
11,26,65.47022603556982
11,27,65.27346012993621
11,28,66.44460660109246
11,29,64.4410669120296
11,30,75.29434824146955
11,31,90.6704637846994
11,32,96.55859781006038
11,33,82.29667507664223
11,34,77.65291922621662
11,35,84.34240828062653
11,36,82.37880984463692
11,37,85.0374039223576
11,38,80.37788084859052
11,39,77.5771389025338
12,0,18.120962304494206
12,1,19.858920720571135
12,2,21.189335555647432
12,3,13.993738997607664
12,4,14.47201167434416
12,5,10.850971707297006
12,6,16.389714449361904
12,7,19.266601687682158
12,8,16.880115649305132
12,9,14.750473463803804
12,10,74.49568981694932
12,11,58.79042551823727
12,12,0.0
12,13,2.9623209848108534
12,14,10.55638654528916
12,15,5.266270375135334
12,16,40.45812647785733
12,17,44.40014612080233
12,18,26.270286116150753
12,19,74.49568981694932
12,20,1.7397683925032494
12,21,13.90141855601044
12,22,6.317980200779444
12,23,7.935056496610869
12,24,31.685473503053455
12,25,26.653240246571777
12,26,9.514047677396531
12,27,9.317281771762914
12,28,10.488428242919168
12,29,8.484888553856312
12,30,19.338169883296253
12,31,34.71428542652611
12,32,40.602419451887094
12,33,26.34049671846895
12,34,21.696740868043335
12,35,28.386229922453236
12,36,26.422631486463636
12,37,29.081225564184322
12,38,24.421702490417232
12,39,21.620960544360507
13,0,18.24903612924108
13,1,19.98699454531801
13,2,21.31740938039431
13,3,14.121812822354538
13,4,14.600085499091033
13,5,10.97904553204388
13,6,16.517788274108778
13,7,19.394675512429032
13,8,17.008189474052006
13,9,14.878547288550678
13,10,74.6237636416962
13,11,55.82810453342642
13,12,2.9623209848108534
13,13,0.0
13,14,9.44493621348909
13,15,8.228591359946186
13,16,40.5862003026042
13,17,44.52821994554921
13,18,26.398359940897627
13,19,74.6237636416962
13,20,4.702089377314103
13,21,14.029492380757315
13,22,6.446054025526318
13,23,8.063130321357743
13,24,31.81354732780033
13,25,26.78131407131865
13,26,9.642121502143405
13,27,9.445355596509788
13,28,10.616502067666042
13,29,8.612962378603186
13,30,19.466243708043127
13,31,34.84235925127298
13,32,40.730493276633965
13,33,26.468570543215822
13,34,21.82481469279021
13,35,28.51430374720011
13,36,26.55070531121051
13,37,29.209299388931196
13,38,24.549776315164106
13,39,21.74903436910738
14,0,27.69397234273017
14,1,29.4319307588071
14,2,30.762345593883396
14,3,23.56674903584363
14,4,24.045021712580123
14,5,20.42398174553297
14,6,25.962724487597868
14,7,28.83961172591812
14,8,26.453125687541096
14,9,24.323483502039768
14,10,84.06869985518529
14,11,65.27304074691551
14,12,10.55638654528916
14,13,9.44493621348909
14,14,0.0
14,15,15.822656920424492
14,16,50.03113651609329
14,17,53.9731561590383
14,18,35.84329615438672
14,19,84.06869985518529
14,20,12.296154937792409
14,21,23.474428594246405
14,22,15.890990239015409
14,23,17.508066534846833
14,24,41.25848354128942
14,25,36.22625028480774
14,26,19.087057715632497
14,27,18.890291809998878
14,28,20.061438281155134
14,29,18.057898592092275
14,30,28.911179921532216
14,31,44.287295464762074
14,32,50.17542949012306
14,33,35.91350675670491
14,34,31.2697509062793
14,35,37.9592399606892
14,36,35.9956415246996
14,37,38.654235602420286
14,38,33.994712528653196
14,39,31.19397058259647
15,0,22.487705910752133
15,1,24.22566432682906
15,2,25.55607916190536
15,3,19.260009372743
15,4,18.838755280602086
15,5,16.11724208243234
15,6,20.75645805561983
15,7,21.12843769393671
15,8,16.770403494479208
15,9,14.640761308977881
15,10,79.76196019208466
15,11,64.0566958933726
15,12,5.266270375135334
15,13,8.228591359946186
15,14,15.822656920424492
15,15,0.0
15,16,44.824870084115254
15,17,48.76688972706026
15,18,26.16057396132483
15,19,79.76196019208466
15,20,7.006038767638583
15,21,19.167688931145776
15,22,11.584250575914778
15,23,13.201326871746204
15,24,31.575761348227537
15,25,26.543528091745856
15,26,14.780318052531864
15,27,14.58355214689825
15,28,15.640285384986967
15,29,12.851632160114239
15,30,24.604440258431588
15,31,39.08102903278404
15,32,43.47805872038526
15,33,29.21613598696712
15,34,24.572380136541508
15,35,32.752973528711166
15,36,30.789375092721563
15,37,33.44796917044225
15,38,29.687972865552567
15,39,26.887230919495842
16,0,29.635065433663215
16,1,31.373023849740143
16,2,32.70343868481644
16,3,32.297799580588034
16,4,25.986114803513168
16,5,30.08472530541541
16,6,27.903817578530912
16,7,30.780704816851166
16,8,29.631496287956217
16,9,31.761138473457542
16,10,92.79975039992968
16,11,96.41430483603061
16,12,40.45812647785733
16,13,40.5862003026042
16,14,50.03113651609329
16,15,44.824870084115254
16,16,0.0
16,17,55.91424924997135
16,18,43.28095112580449
16,19,92.79975039992968
16,20,42.19789487036058
16,21,40.517174404277526
16,22,34.14014627707788
16,23,32.52306998124646
16,24,46.203888581398765
16,25,41.17165532491708
16,26,37.33621375369497
16,27,35.93303762003
16,28,34.761891148873744
16,29,31.973237924001015
16,30,37.64223046627662
16,31,46.22838855569512
16,32,51.14493808011625
16,33,36.8830153466981
16,34,32.23925949627249
16,35,39.90033305162224
16,36,37.936734615632645
16,37,40.59532869335333
16,38,41.088053620612015
16,39,39.92502112734088
17,0,33.57708507660823
17,1,35.315043492685156
17,2,36.64545832776145
17,3,32.785663282022036
17,4,29.92813444645818
17,5,34.026744948360424
17,6,31.845837221475925
17,7,34.72272445979618
17,8,33.57351593090123
17,9,35.703158116402555
17,10,93.2876141013637
17,11,100.35632447897562
17,12,44.40014612080233
17,13,44.52821994554921
17,14,53.9731561590383
17,15,48.76688972706026
17,16,55.91424924997135
17,17,0.0
17,18,47.222970768749505
17,19,93.2876141013637
17,20,46.139914513305584
17,21,44.45919404722253
17,22,38.082165920022895
17,23,36.46508962419147
17,24,50.14590822434378
17,25,45.113674967862096
17,26,41.27823339663998
17,27,39.875057262975005
17,28,38.70391079181875
17,29,35.915257566946025
17,30,27.441232396333444
17,31,50.17040819864013
17,32,56.058542224001116
17,33,41.79661949058297
17,34,37.152863640157356
17,35,43.84235269456725
17,36,41.87875425857766
17,37,44.537348336298344
17,38,32.52476500345442
17,39,29.724023057397698
18,0,20.94378695244137
18,1,22.6817453685183
18,2,24.012160203594604
18,3,23.60652109936619
18,4,17.294836322291324
18,5,21.251144830226025
18,6,19.21253909730907
18,7,18.007489037305778
18,8,13.649454837848277
18,9,11.51981265234695
18,10,84.10847191870783
18,11,82.22646447432405
18,12,26.270286116150753
18,13,26.398359940897627
18,14,35.84329615438672
18,15,26.16057396132483
18,16,43.28095112580449
18,17,47.222970768749505
18,18,0.0
18,19,84.10847191870783
18,20,28.010054508654004
18,21,26.32933404257095
18,22,19.952305915371312
18,23,18.335229619539884
18,24,28.4548126915966
18,25,23.422579435114923
18,26,23.148373391988397
18,27,21.745197258323422
18,28,20.57405078716717
18,29,17.785397562294442
18,30,28.95095198505478
18,31,37.537110074473276
18,32,40.357110063754334
18,33,26.095187330336188
18,34,21.451431479910575
18,35,31.209054570400404
18,36,29.2454561344108
18,37,31.904050212131487
18,38,32.39677513939017
18,39,31.233742646119033
19,0,70.46258622656657
19,1,72.2005446426435
19,2,73.53095947771979
19,3,60.50195081934166
19,4,66.81363559641652
19,5,63.64471810965232
19,6,68.73133837143426
19,7,71.60822560975451
19,8,70.45901708085957
19,9,72.58865926636089
19,10,121.00390163868332
19,11,130.45186817512263
19,12,74.49568981694932
19,13,74.6237636416962
19,14,84.06869985518529
19,15,79.76196019208466
19,16,92.79975039992968
19,17,93.2876141013637
19,18,84.10847191870783
19,19,0.0
19,20,76.23545820945257
19,21,75.65440185786039
19,22,68.17770961616988
19,23,66.56063332033845
19,24,87.03140937430211
19,25,81.99917611782044
19,26,71.37377709278697
19,27,71.07026507361287
19,28,69.89911860245662
19,29,67.11046537758389
19,30,65.84638170503025
19,31,87.05590934859848
19,32,92.94404337395946
19,33,78.68212064054131
19,34,74.0383647901157
19,35,80.7278538445256
19,36,78.764255408536
19,37,81.42284948625668
19,38,70.92991431215123
19,39,68.12917236609451
20,0,19.860730696997457
20,1,21.598689113074386
20,2,22.929103948150683
20,3,15.733507390110915
20,4,16.21178006684741
20,5,12.590740099800257
20,6,18.129482841865155
20,7,21.00637008018541
20,8,18.619884041808383
20,9,16.490241856307055
20,10,76.23545820945257
20,11,60.53019391074052
20,12,1.7397683925032494
20,13,4.702089377314103
20,14,12.296154937792409
20,15,7.006038767638583
20,16,42.19789487036058
20,17,46.139914513305584
20,18,28.010054508654004
20,19,76.23545820945257
20,20,0.0
20,21,15.641186948513692
20,22,8.057748593282694
20,23,9.67482488911412
20,24,33.42524189555671
20,25,28.393008639075028
20,26,11.25381606989978
20,27,11.057050164266165
20,28,12.22819663542242
20,29,10.224656946359563
20,30,21.077938275799504
20,31,36.45405381902936
20,32,42.342187844390345
20,33,28.0802651109722
20,34,23.436509260546586
20,35,30.125998314956487
20,36,28.162399878966887
20,37,30.820993956687573
20,38,26.161470882920483
20,39,23.360728936863758
21,0,18.1800102309144
21,1,19.91796864699133
21,2,21.24838348206763
21,3,15.152451038518745
21,4,14.531059600764355
21,5,12.009683748208088
21,6,16.4487623757821
21,7,19.325649614102353
21,8,16.939163575725328
21,9,14.809521390223999
21,10,75.65440185786039
21,11,69.85759691418373
21,12,13.90141855601044
21,13,14.029492380757315
21,14,23.474428594246405
21,15,19.167688931145776
21,16,40.517174404277526
21,17,44.45919404722253
21,18,26.32933404257095
21,19,75.65440185786039
21,20,15.641186948513692
21,21,0.0
21,22,7.583438355230997
21,23,9.09376853752195
21,24,31.74452142947365
21,25,26.712288172991972
21,26,10.779505831848084
21,27,4.584136784247526
21,28,5.755283255403779
21,29,8.543936480276507
21,30,20.496881924207333
21,31,34.77333335294631
21,32,40.66146737830729
21,33,26.399544644889144
21,34,21.75578879446353
21,35,28.44527784887343
21,36,26.48167941288383
21,37,29.140273490604518
21,38,25.580414531328312
21,39,22.779672585271587
22,0,11.802982103714763
22,1,13.540940519791691
22,2,14.87135535486799
22,3,7.67575879682822
22,4,8.154031473564714
22,5,4.532991506517563
22,6,10.071734248582459
22,7,12.948621486902715
22,8,10.562135448525689
22,9,8.432493263024362
22,10,68.17770961616988
22,11,62.274158558952735
22,12,6.317980200779444
22,13,6.446054025526318
22,14,15.890990239015409
22,15,11.584250575914778
22,16,34.14014627707788
22,17,38.082165920022895
22,18,19.952305915371312
22,19,68.17770961616988
22,20,8.057748593282694
22,21,7.583438355230997
22,22,0.0
22,23,1.617076295831425
22,24,25.367493302274013
22,25,20.33526004579233
22,26,3.1960674766170873
22,27,2.999301570983471
22,28,4.170448042139725
22,29,2.1669083530768685
22,30,13.020189682516808
22,31,28.396305225746666
22,32,34.28443925110765
22,33,20.022516517689503
22,34,15.378760667263892
22,35,22.068249721673794
22,36,20.10465128568419
22,37,22.763245363404877
22,38,18.103722289637787
22,39,15.302980343581062
23,0,10.185905807883337
23,1,11.923864223960265
23,2,13.254279059036566
23,3,6.058682500996795
23,4,6.53695517773329
23,5,2.915915210686138
23,6,8.454657952751035
23,7,11.331545191071289
23,8,8.945059152694263
23,9,6.815416967192936
23,10,66.56063332033845
23,11,63.89123485478416
23,12,7.935056496610869
23,13,8.063130321357743
23,14,17.508066534846833
23,15,13.201326871746204
23,16,32.52306998124646
23,17,36.46508962419147
23,18,18.335229619539884
23,19,66.56063332033845
23,20,9.67482488911412
23,21,9.09376853752195
23,22,1.617076295831425
23,23,0.0
23,24,23.750417006442586
23,25,18.718183749960907
23,26,4.813143772448512
23,27,4.509631753274425
23,28,3.3384852821181714
23,29,0.5498320572454434
23,30,11.403113386685384
23,31,26.77922892991524
23,32,32.667362955276225
23,33,18.40544022185808
23,34,13.761684371432466
23,35,20.451173425842367
23,36,18.487574989852767
23,37,21.146169067573453
23,38,16.486645993806363
23,39,13.685904047749638
24,0,19.45989941754631
24,1,21.19785783362324
24,2,25.67982381877139
24,3,26.529458554960463
24,4,20.217773777885597
24,5,24.31638427978784
24,6,18.452676421393047
24,7,15.575789183072791
24,8,16.572392293442547
24,9,16.93500003924965
24,10,87.03140937430211
24,11,87.64165186122673
24,12,31.685473503053455
24,13,31.81354732780033
24,14,41.25848354128942
24,15,31.575761348227537
24,16,46.203888581398765
24,17,50.14590822434378
24,18,28.4548126915966
24,19,87.03140937430211
24,20,33.42524189555671
24,21,31.74452142947365
24,22,25.367493302274013
24,23,23.750417006442586
24,24,0.0
24,25,5.03223325648168
24,26,28.563560778891098
24,27,27.160384645226124
24,28,25.98923817406987
24,29,23.200584949197143
24,30,31.87388944064905
24,31,40.46004753006755
24,32,34.78979943784094
24,33,20.527876704422795
24,34,15.88412085399718
24,35,32.87671818557719
24,36,30.913119749587587
24,37,33.57171382730827
24,38,34.06443875456696
24,39,34.156680101713306
25,0,17.56327693274504
25,1,19.30123534882197
25,2,21.902864402707195
25,3,21.49722529847878
25,4,15.185540521403917
25,5,19.284151023306162
25,6,13.420443164911367
25,7,10.543555926591111
25,8,11.540159036960867
25,9,11.902766782767973
25,10,81.99917611782044
25,11,82.60941860474506
25,12,26.653240246571777
25,13,26.78131407131865
25,14,36.22625028480774
25,15,26.543528091745856
25,16,41.17165532491708
25,17,45.113674967862096
25,18,23.422579435114923
25,19,81.99917611782044
25,20,28.393008639075028
25,21,26.712288172991972
25,22,20.33526004579233
25,23,18.718183749960907
25,24,5.03223325648168
25,25,0.0
25,26,23.53132752240942
25,27,22.128151388744445
25,28,20.957004917588193
25,29,18.168351692715465
25,30,26.84165618416737
25,31,35.42781427358587
25,32,32.89317695303967
25,33,18.631254219621525
25,34,13.98749836919591
25,35,29.099758769512995
25,36,27.136160333523392
25,37,29.794754411244078
25,38,30.287479338502763
25,39,29.124446845231624
26,0,14.99904958033185
26,1,16.737007996408778
26,2,18.06742283148508
26,3,10.871826273445308
26,4,11.350098950181803
26,5,7.72905898313465
26,6,13.267801725199547
26,7,16.1446889635198
26,8,13.758202925142776
26,9,11.628560739641449
26,10,71.37377709278697
26,11,65.47022603556982
26,12,9.514047677396531
26,13,9.642121502143405
26,14,19.087057715632497
26,15,14.780318052531864
26,16,37.33621375369497
26,17,41.27823339663998
26,18,23.148373391988397
26,19,71.37377709278697
26,20,11.25381606989978
26,21,10.779505831848084
26,22,3.1960674766170873
26,23,4.813143772448512
26,24,28.563560778891098
26,25,23.53132752240942
26,26,0.0
26,27,6.1953690476005585
26,28,7.366515518756812
26,29,5.362975829693956
26,30,16.216257159133896
26,31,31.592372702363754
26,32,37.48050672772474
26,33,23.21858399430659
26,34,18.57482814388098
26,35,25.26431719829088
26,36,23.30071876230128
26,37,25.959312840021965
26,38,21.299789766254875
26,39,18.49904782019815
27,0,13.595873446666877
27,1,15.333831862743805
27,2,16.664246697820104
27,3,10.56831425427122
27,4,9.946922816516828
27,5,7.425546963960564
27,6,11.864625591534573
27,7,14.741512829854829
27,8,12.355026791477803
27,9,10.225384605976474
27,10,71.07026507361287
27,11,65.27346012993621
27,12,9.317281771762914
27,13,9.445355596509788
27,14,18.890291809998878
27,15,14.58355214689825
27,16,35.93303762003
27,17,39.875057262975005
27,18,21.745197258323422
27,19,71.07026507361287
27,20,11.057050164266165
27,21,4.584136784247526
27,22,2.999301570983471
27,23,4.509631753274425
27,24,27.160384645226124
27,25,22.128151388744445
27,26,6.1953690476005585
27,27,0.0
27,28,1.1711464711562538
27,29,3.959799696028982
27,30,15.912745139959808
27,31,30.18919656869878
27,32,36.07733059405976
27,33,21.815407860641617
27,34,17.171652010216004
27,35,23.861141064625905
27,36,21.897542628636305
27,37,24.55613670635699
27,38,20.99627774708079
27,39,18.195535801024064
28,0,12.424726975510623
28,1,14.162685391587551
28,2,15.49310022666385
28,3,9.397167783114966
28,4,8.775776345360574
28,5,6.25440049280431
28,6,10.693479120378319
28,7,13.570366358698575
28,8,11.183880320321549
28,9,9.05423813482022
28,10,69.89911860245662
28,11,66.44460660109246
28,12,10.488428242919168
28,13,10.616502067666042
28,14,20.061438281155134
28,15,15.640285384986967
28,16,34.761891148873744
28,17,38.70391079181875
28,18,20.57405078716717
28,19,69.89911860245662
28,20,12.22819663542242
28,21,5.755283255403779
28,22,4.170448042139725
28,23,3.3384852821181714
28,24,25.98923817406987
28,25,20.957004917588193
28,26,7.366515518756812
28,27,1.1711464711562538
28,28,0.0
28,29,2.788653224872728
28,30,14.741598668803555
28,31,29.018050097542528
28,32,34.90618412290351
28,33,20.644261389485365
28,34,16.000505539059752
28,35,22.689994593469653
28,36,20.726396157480053
28,37,23.38499023520074
28,38,19.825131275924534
28,39,17.02438932986781
29,0,9.636073750637895
29,1,11.374032166714823
29,2,12.704447001791122
29,3,6.608514558242239
29,4,5.987123120487847
29,5,3.4657472679315813
29,6,7.904825895505591
29,7,10.781713133825846
29,8,8.39522709544882
29,9,6.265584909947493
29,10,67.11046537758389
29,11,64.4410669120296
29,12,8.484888553856312
29,13,8.612962378603186
29,14,18.057898592092275
29,15,12.851632160114239
29,16,31.973237924001015
29,17,35.915257566946025
29,18,17.785397562294442
29,19,67.11046537758389
29,20,10.224656946359563
29,21,8.543936480276507
29,22,2.1669083530768685
29,23,0.5498320572454434
29,24,23.200584949197143
29,25,18.168351692715465
29,26,5.362975829693956
29,27,3.959799696028982
29,28,2.788653224872728
29,29,0.0
29,30,11.952945443930826
29,31,26.2293968726698
29,32,32.11753089803078
29,33,17.855608164612637
29,34,13.211852314187023
29,35,19.901341368596924
29,36,17.937742932607325
29,37,20.59633701032801
29,38,17.036478051051805
29,39,14.23573610499508
30,0,12.824125085045681
30,1,14.56208350112261
30,2,13.468147542916551
30,3,5.344430885688589
30,4,11.656115662763453
30,5,8.487198175999247
30,6,13.573818437781197
30,7,16.450705676101453
30,8,15.301497147206502
30,9,17.43113933270783
30,10,65.84638170503025
30,11,75.29434824146955
30,12,19.338169883296253
30,13,19.466243708043127
30,14,28.911179921532216
30,15,24.604440258431588
30,16,37.64223046627662
30,17,27.441232396333444
30,18,28.95095198505478
30,19,65.84638170503025
30,20,21.077938275799504
30,21,20.496881924207333
30,22,13.020189682516808
30,23,11.403113386685384
30,24,31.87388944064905
30,25,26.84165618416737
30,26,16.216257159133896
30,27,15.912745139959808
30,28,14.741598668803555
30,29,11.952945443930826
30,30,0.0
30,31,29.101979496902658
30,32,34.54829126377184
30,33,21.043659499020425
30,34,16.39990364859481
30,35,20.66504190972235
30,36,18.701443473732752
30,37,21.360037551453438
30,38,5.083532607120979
30,39,2.2827906610642543
31,0,21.85375635521119
31,1,23.591714771288114
31,2,15.633831953986109
31,3,26.553958529256814
31,4,20.24227375218195
31,5,24.340884254084195
31,6,22.159976527199696
31,7,25.03686376551995
31,8,23.887655236625
31,9,26.017297422126326
31,10,87.05590934859848
31,11,90.6704637846994
31,12,34.71428542652611
31,13,34.84235925127298
31,14,44.287295464762074
31,15,39.08102903278404
31,16,46.22838855569512
31,17,50.17040819864013
31,18,37.537110074473276
31,19,87.05590934859848
31,20,36.45405381902936
31,21,34.77333335294631
31,22,28.396305225746666
31,23,26.77922892991524
31,24,40.46004753006755
31,25,35.42781427358587
31,26,31.592372702363754
31,27,30.18919656869878
31,28,29.018050097542528
31,29,26.2293968726698
31,30,29.101979496902658
31,31,0.0
31,32,36.7139756748414
31,33,30.07329076918593
31,34,25.429534918760318
31,35,22.83072632079191
31,36,20.86712788480231
31,37,23.525721962522997
31,38,24.01844688978168
31,39,26.819188835838403
32,0,22.481457147392888
32,1,24.219415563469816
32,2,21.08014372085529
32,3,32.4420925546178
32,4,26.130407777542935
32,5,30.22901827944518
32,6,25.226508264768814
32,7,22.349621026448556
32,8,26.70765522590606
32,9,28.837297411407384
32,10,92.94404337395946
32,11,96.55859781006038
32,12,40.602419451887094
32,13,40.730493276633965
32,14,50.17542949012306
32,15,43.47805872038526
32,16,51.14493808011625
32,17,56.058542224001116
32,18,40.357110063754334
32,19,92.94404337395946
32,20,42.342187844390345
32,21,40.66146737830729
32,22,34.28443925110765
32,23,32.667362955276225
32,24,34.78979943784094
32,25,32.89317695303967
32,26,37.48050672772474
32,27,36.07733059405976
32,28,34.90618412290351
32,29,32.11753089803078
32,30,34.54829126377184
32,31,36.7139756748414
32,32,0.0
32,33,23.549434434269372
32,34,18.90567858384376
32,35,28.27703808766109
32,36,26.31343965167149
32,37,28.972033729392177
32,38,29.46475865665086
32,39,32.26550060270758
33,0,8.219534413974742
33,1,7.768567390850381
33,2,14.43945881519982
33,3,18.180169821199655
33,4,11.86848504412479
33,5,15.967095546027036
33,6,10.964585531350668
33,7,8.087698293030412
33,8,12.445732492487913
33,9,14.57537467798924
33,10,78.68212064054131
33,11,82.29667507664223
33,12,26.34049671846895
33,13,26.468570543215822
33,14,35.91350675670491
33,15,29.21613598696712
33,16,36.8830153466981
33,17,41.79661949058297
33,18,26.095187330336188
33,19,78.68212064054131
33,20,28.0802651109722
33,21,26.399544644889144
33,22,20.022516517689503
33,23,18.40544022185808
33,24,20.527876704422795
33,25,18.631254219621525
33,26,23.21858399430659
33,27,21.815407860641617
33,28,20.644261389485365
33,29,17.855608164612637
33,30,21.043659499020425
33,31,30.07329076918593
33,32,23.549434434269372
33,33,0.0
33,34,4.643755850425613
33,35,21.63635318200562
33,36,19.67275474601602
33,37,22.331348823736707
33,38,22.824073750995392
33,39,23.32645016008468
34,0,3.5757785635491297
34,1,5.313736979626057
34,2,9.795702964774208
34,3,13.536413970774042
34,4,7.2247291936991775
34,5,11.323339695601423
34,6,6.320829680925054
34,7,3.4439424426047984
34,8,7.8019766420623
34,9,9.931618827563627
34,10,74.0383647901157
34,11,77.65291922621662
34,12,21.696740868043335
34,13,21.82481469279021
34,14,31.2697509062793
34,15,24.572380136541508
34,16,32.23925949627249
34,17,37.152863640157356
34,18,21.451431479910575
34,19,74.0383647901157
34,20,23.436509260546586
34,21,21.75578879446353
34,22,15.378760667263892
34,23,13.761684371432466
34,24,15.88412085399718
34,25,13.98749836919591
34,26,18.57482814388098
34,27,17.171652010216004
34,28,16.000505539059752
34,29,13.211852314187023
34,30,16.39990364859481
34,31,25.429534918760318
34,32,18.90567858384376
34,33,4.643755850425613
34,34,0.0
34,35,16.992597331580008
34,36,15.028998895590409
34,37,17.687592973311094
34,38,18.18031790056978
34,39,18.682694309659066
35,0,13.416818768030879
35,1,15.154777184107807
35,2,7.196894366805801
35,3,20.22590302518394
35,4,13.914218248109076
35,5,18.012828750011323
35,6,15.83192102312682
35,7,18.708808261447075
35,8,17.559599732552126
35,9,19.689241918053455
35,10,80.7278538445256
35,11,84.34240828062653
35,12,28.386229922453236
35,13,28.51430374720011
35,14,37.9592399606892
35,15,32.752973528711166
35,16,39.90033305162224
35,17,43.84235269456725
35,18,31.209054570400404
35,19,80.7278538445256
35,20,30.125998314956487
35,21,28.44527784887343
35,22,22.068249721673794
35,23,20.451173425842367
35,24,32.87671818557719
35,25,29.099758769512995
35,26,25.26431719829088
35,27,23.861141064625905
35,28,22.689994593469653
35,29,19.901341368596924
35,30,20.66504190972235
35,31,22.83072632079191
35,32,28.27703808766109
35,33,21.63635318200562
35,34,16.992597331580008
35,35,0.0
35,36,5.304631767353308
35,37,7.963225845073993
35,38,15.581509302601372
35,39,18.382251248658097
36,0,11.45322033204128
36,1,13.191178748118208
36,2,5.233295930816202
36,3,18.26230458919434
36,4,11.950619812119477
36,5,16.04923031402172
36,6,13.868322587137222
36,7,16.745209825457476
36,8,15.596001296562527
36,9,17.72564348206385
36,10,78.764255408536
36,11,82.37880984463692
36,12,26.422631486463636
36,13,26.55070531121051
36,14,35.9956415246996
36,15,30.789375092721563
36,16,37.936734615632645
36,17,41.87875425857766
36,18,29.2454561344108
36,19,78.764255408536
36,20,28.162399878966887
36,21,26.48167941288383
36,22,20.10465128568419
36,23,18.487574989852767
36,24,30.913119749587587
36,25,27.136160333523392
36,26,23.30071876230128
36,27,21.897542628636305
36,28,20.726396157480053
36,29,17.937742932607325
36,30,18.701443473732752
36,31,20.86712788480231
36,32,26.31343965167149
36,33,19.67275474601602
36,34,15.028998895590409
36,35,5.304631767353308
36,36,0.0
36,37,2.6585940777206853
36,38,13.617910866611773
36,39,16.418652812668498
37,0,14.111814409761966
37,1,15.849772825838894
37,2,7.891890008536887
37,3,20.920898666915026
37,4,14.609213889840163
37,5,18.707824391742406
37,6,16.526916664857907
37,7,19.40380390317816
37,8,18.254595374283213
37,9,20.384237559784538
37,10,81.42284948625668
37,11,85.0374039223576
37,12,29.081225564184322
37,13,29.209299388931196
37,14,38.654235602420286
37,15,33.44796917044225
37,16,40.59532869335333
37,17,44.537348336298344
37,18,31.904050212131487
37,19,81.42284948625668
37,20,30.820993956687573
37,21,29.140273490604518
37,22,22.763245363404877
37,23,21.146169067573453
37,24,33.57171382730827
37,25,29.794754411244078
37,26,25.959312840021965
37,27,24.55613670635699
37,28,23.38499023520074
37,29,20.59633701032801
37,30,21.360037551453438
37,31,23.525721962522997
37,32,28.972033729392177
37,33,22.331348823736707
37,34,17.687592973311094
37,35,7.963225845073993
37,36,2.6585940777206853
37,37,0.0
37,38,16.27650494433246
37,39,19.077246890389183
38,0,14.60453933702065
38,1,16.34249775309758
38,2,8.384614935795572
38,3,10.427963492809567
38,4,15.101938817098848
38,5,13.570730783120226
38,6,17.019641592116592
38,7,19.896528830436846
38,8,18.747320301541897
38,9,20.876962487043222
38,10,70.92991431215123
38,11,80.37788084859052
38,12,24.421702490417232
38,13,24.549776315164106
38,14,33.994712528653196
38,15,29.687972865552567
38,16,41.088053620612015
38,17,32.52476500345442
38,18,32.39677513939017
38,19,70.92991431215123
38,20,26.161470882920483
38,21,25.580414531328312
38,22,18.103722289637787
38,23,16.486645993806363
38,24,34.06443875456696
38,25,30.287479338502763
38,26,21.299789766254875
38,27,20.99627774708079
38,28,19.825131275924534
38,29,17.036478051051805
38,30,5.083532607120979
38,31,24.01844688978168
38,32,29.46475865665086
38,33,22.824073750995392
38,34,18.18031790056978
38,35,15.581509302601372
38,36,13.617910866611773
38,37,16.27650494433246
38,38,0.0
38,39,2.8007419460567244
39,0,15.106915746109935
39,1,16.844874162186862
39,2,11.185356881852297
39,3,7.6272215467528435
39,4,13.938906323827707
39,5,10.7699888370635
39,6,15.856609098845452
39,7,18.733496337165708
39,8,17.58428780827076
39,9,19.713929993772084
39,10,68.12917236609451
39,11,77.5771389025338
39,12,21.620960544360507
39,13,21.74903436910738
39,14,31.19397058259647
39,15,26.887230919495842
39,16,39.92502112734088
39,17,29.724023057397698
39,18,31.233742646119033
39,19,68.12917236609451
39,20,23.360728936863758
39,21,22.779672585271587
39,22,15.302980343581062
39,23,13.685904047749638
39,24,34.156680101713306
39,25,29.124446845231624
39,26,18.49904782019815
39,27,18.195535801024064
39,28,17.02438932986781
39,29,14.23573610499508
39,30,2.2827906610642543
39,31,26.819188835838403
39,32,32.26550060270758
39,33,23.32645016008468
39,34,18.682694309659066
39,35,18.382251248658097
39,36,16.418652812668498
39,37,19.077246890389183
39,38,2.8007419460567244
39,39,0.0
