source_id,target_id,rtt
0,0,0.0
0,1,1.7379584160769277
0,2,6.219924401225079
0,3,8.199940628362274
0,4,3.6489506301500474
0,5,7.112675196698164
0,6,3.197568274134839
0,7,4.312873519229884
0,8,6.318371693144109
0,9,8.312173098303893
0,10,17.47585962002421
0,11,17.916215847720498
0,12,27.360492074734964
0,13,21.680231217096352
0,14,29.53120038130637
0,15,33.51653022435873
0,16,19.821964381035446
0,17,16.967483256169416
0,18,15.433431898379158
0,19,11.480655978491761
0,20,9.874374618560704
0,21,18.668238227473886
0,22,14.84184303347538
0,23,14.19280092974329
0,24,10.87846362334547
0,25,9.91242962653297
0,26,9.38208561489413
0,27,12.824125085045681
0,28,21.514096146339767
0,29,20.18070141858307
0,30,7.573362473331419
0,31,3.5757785635491297
0,32,11.149459171582578
0,33,11.274921781857282
0,34,13.913109619176112
0,35,14.60256766495392
0,36,13.331473830040997
1,0,1.7379584160769277
1,1,0.0
1,2,7.663122337197943
1,3,8.884895543389652
1,4,3.1787422031176336
1,5,7.185946175800954
1,6,1.8748257827408155
1,7,2.6478769313610604
1,8,4.9026291583634345
1,9,6.9921835353126625
1,10,17.014405536522425
1,11,17.74127675153043
1,12,27.164279521451533
1,13,20.929958336743656
1,14,29.081443139089
1,15,32.97359357931259
1,16,18.496323333640895
1,17,16.34468070477515
1,18,14.71198378671248
1,19,11.30898581523716
1,20,9.69385666311981
1,21,17.15766951477097
1,22,13.188761177976952
1,23,13.765545770285788
1,24,10.26020231931663
1,25,9.200687117054336
1,26,9.165347069743264
1,27,13.842900164289658
1,28,22.57145603174025
1,29,21.296451923636678
1,30,7.768567390850381
1,31,3.208950988047834
1,32,12.887043443474878
1,33,12.82533328681186
1,34,15.438369911529257
1,35,16.02449158178194
1,36,14.564915610964462
2,0,6.219924401225079
2,1,7.663122337197943
2,2,0.0
2,3,4.631460673347914
2,4,6.717323881303275
2,5,6.347820860197198
2,6,8.027181243159818
2,7,10.288470896334537
2,8,10.348111907467265
2,9,11.619936555929078
2,10,16.399804949765485
2,11,15.77421441397822
2,12,24.81649121553572
2,13,21.40498727074342
2,14,27.80953659507479
2,15,32.029873606531844
2,16,22.064870688830723
2,17,16.53255692455678
2,18,15.515120225440963
2,19,10.142064617303964
2,20,8.942717383164618
2,21,24.820066589044227
2,22,20.762380620662736
2,23,13.334685549557552
2,24,11.242091094224698
2,25,10.807017362883487
2,26,8.716163033145088
2,27,7.2335234064398835
2,28,15.633831953986109
2,29,21.08014372085529
2,30,12.41222511767519
2,31,9.569380571074543
2,32,7.196894366805801
2,33,5.233295930816202
2,34,7.795570211071663
2,35,8.384614935795572
2,36,7.260486699900165
3,0,8.199940628362274
3,1,8.884895543389652
3,2,4.631460673347914
3,3,0.0
3,4,6.311684777074864
3,5,3.1427672903106574
3,6,8.20206237308836
3,7,11.04048353420644
3,8,9.16173028538663
3,9,9.598855791587166
3,10,11.823593511231323
3,11,11.15111860972224
3,12,20.28726643211044
3,13,16.9144997288808
3,14,23.186924166799983
3,15,27.40106184825164
3,16,18.497589259892045
3,17,12.080104266568393
3,18,11.244893709991732
3,19,5.676469608508814
3,20,4.756015770197921
3,21,25.206866786060097
3,22,20.621586690785428
3,23,8.860317570537342
3,24,7.389706592511627
3,25,7.312451108577702
3,26,4.706765673944751
3,27,5.344430885688589
3,28,13.93648075135155
3,29,25.660615378121197
3,30,15.583997967385795
3,31,11.748058451697704
3,32,11.457623283367484
3,33,7.734316974833763
3,34,9.520153125503356
3,35,9.193867301236565
3,36,6.819188421114771
4,0,3.6489506301500474
4,1,3.1787422031176336
4,2,6.717323881303275
4,3,6.311684777074864
4,4,0.0
4,5,4.098610501902245
4,6,1.9177027750177444
4,7,4.793582555835806
4,8,3.6453814844430497
4,9,5.19640517738985
4,10,13.915800673541373
4,11,14.565038312661914
4,12,23.993303651572862
4,13,18.0334892934714
4,14,25.986114803513168
4,15,29.92813444645818
4,16,16.49075144030093
4,17,13.341454900970525
4,18,11.787289484438846
4,19,8.130325016887596
4,20,6.515120010012173
4,21,18.943635083139192
4,22,14.49002145679378
4,23,10.646821360597238
4,24,7.244673886195835
4,25,6.263792631455549
4,26,5.987123120487847
4,27,11.578581091203112
4,28,20.24227375218195
4,29,23.793621505102735
4,30,10.899093128421743
4,31,6.386972129668482
4,32,13.262234160130959
4,33,11.883457555843076
4,34,14.3222420723229
4,35,14.570035777138044
4,36,12.686416115367326
5,0,7.112675196698164
5,1,7.185946175800954
5,2,6.347820860197198
5,3,3.1427672903106574
5,4,4.098610501902245
5,5,0.0
5,6,5.975544642430295
5,7,8.836309966210319
5,8,6.217680959299596
5,9,6.466998156862142
5,10,10.688484170735228
5,11,10.830943614511062
5,12,20.266830061344386
5,13,15.379026797770623
5,14,22.61782775740932
5,15,26.701577624548673
5,16,15.794773288544711
5,17,10.504805235184804
5,18,9.294101144741155
5,19,4.449950151553539
5,20,2.915915210686138
5,21,22.471184245056257
5,22,17.755956750498715
5,23,7.436747826213763
5,24,4.9000605236723445
5,25,4.497472059663766
5,26,2.530687504126473
5,27,8.358208451049224
5,28,16.70803052521263
5,29,26.390617160893235
5,30,14.6743048399966
5,31,10.34569842964396
5,32,13.543828392177609
5,33,10.55774456388733
5,34,12.552507916685267
5,35,12.320582250854732
5,36,9.956474526242145
6,0,3.197568274134839
6,1,1.8748257827408155
6,2,8.027181243159818
6,3,8.20206237308836
6,4,1.9177027750177444
6,5,5.975544642430295
6,6,0.0
6,7,2.8768872383202555
6,8,3.1236084652087874
6,9,5.160203316147643
6,10,15.289428394128024
6,11,16.170160569198085
6,12,25.551735532381016
6,13,19.092513413108286
6,14,27.339022033915455
6,15,31.190976923291807
6,16,16.67942625479483
6,17,14.553894607163727
6,18,12.89152266384739
6,19,9.792289124213623
6,20,8.197114248005072
6,21,17.14394809125654
6,22,12.817475186962339
6,23,12.071686699383052
6,24,8.497690066237134
6,25,7.406849004775967
6,26,7.653409411836069
6,27,13.422824389461677
6,28,22.11411585009759
6,29,23.157608852614363
6,30,9.536199063464085
6,31,4.903239182226671
6,32,14.005041198147307
6,33,13.259705296823462
6,34,15.787445649180476
6,35,16.169691152155142
6,36,14.42571046172071
7,0,4.312873519229884
7,1,2.6478769313610604
7,2,10.288470896334537
7,3,11.04048353420644
7,4,4.793582555835806
7,5,8.836309966210319
7,6,2.8768872383202555
7,7,0.0
7,8,4.358034199457501
7,9,6.407022006907455
7,10,17.60748506283415
7,11,18.73914421242247
7,12,28.029747604534478
7,13,20.992968094034985
7,14,29.55517589278609
7,15,33.276325174172996
7,16,17.46519876823619
7,17,16.696366960214206
7,18,14.937794902536465
7,19,12.464913144856299
7,20,10.904269125980754
7,21,14.553493845961423
7,22,10.543555926591111
7,23,14.484370606762175
7,24,10.814412687528332
7,25,9.661685329033542
7,26,10.354922962645835
7,27,16.193589662024564
7,28,24.91024056336766
7,29,22.348052452347684
7,30,7.823438745721321
7,31,3.4439424426047984
7,32,15.39762777167191
7,33,15.468680787251564
7,34,18.075077300421427
7,35,18.623228146196716
7,36,17.063313145169438
8,0,6.318371693144109
8,1,4.9026291583634345
8,2,10.348111907467265
8,3,9.16173028538663
8,4,3.6453814844430497
8,5,6.217680959299596
8,6,3.1236084652087874
8,7,4.358034199457501
8,8,0.0
8,9,2.129642185501327
8,10,13.379058587776852
8,11,14.750158406524465
8,12,23.88442817827576
8,13,16.63493406386653
8,14,25.243851998519645
8,15,28.92897082330416
8,16,13.594678820278968
8,17,12.384445871987023
8,18,10.603225840025758
8,19,8.78339342576488
8,20,7.379570897938425
8,21,16.304242200396487
8,22,11.540159036960867
8,23,10.361320898775894
8,24,6.672474409855197
8,25,5.501369510875513
8,26,6.847689191270779
8,27,14.497995592770533
8,28,22.92555136476853
8,29,26.166086978277526
8,30,12.075473135941595
8,31,7.486934487210593
8,32,16.84528622565406
8,33,15.470152957013013
8,34,17.848159245835006
8,35,17.970641779414713
8,36,15.88536919381148
9,0,8.312173098303893
9,1,6.9921835353126625
9,2,11.619936555929078
9,3,9.598855791587166
9,4,5.19640517738985
9,5,6.466998156862142
9,6,5.160203316147643
9,7,6.407022006907455
9,8,2.129642185501327
9,9,0.0
9,10,11.705830614703034
9,11,13.3617839721676
9,12,22.260497973819604
9,13,14.640761308977881
9,14,23.38963525140234
9,15,26.98909914579918
9,16,11.51981265234695
9,17,10.570414986361152
9,18,8.744902096601475
9,19,7.88193079504726
9,20,6.7320135518624875
9,21,16.85605156413514
9,22,11.902766782767973
9,23,8.884010369915408
9,24,5.299985504515435
9,25,4.181910340540493
9,26,6.265584909947493
9,27,14.795705307898256
9,28,22.897819769340533
9,29,28.27972874783467
9,30,14.182308175438788
9,31,9.610820789309734
9,32,18.42761975594616
9,33,16.550917774601018
9,34,18.782658471955976
9,35,18.71146282586632
9,36,16.41802775176014
10,0,17.47585962002421
10,1,17.014405536522425
10,2,16.399804949765485
10,3,11.823593511231323
10,4,13.915800673541373
10,5,10.688484170735228
10,6,15.289428394128024
10,7,17.60748506283415
10,8,13.379058587776852
10,9,11.705830614703034
10,10,0.0
10,11,2.9623209848108534
10,12,10.55638654528916
10,13,5.266270375135334
10,14,12.070924547719171
10,15,16.05096576152344
10,16,10.759421263858908
10,17,1.7397683925032494
10,18,3.343123184990575
10,19,6.317980200779444
10,20,7.772587290475848
10,21,27.59088363270022
10,22,22.574313027466637
10,23,3.285779069934472
10,24,6.808354225297373
10,25,7.947576024389391
10,26,8.190825636921566
10,27,13.59959705720605
10,28,17.801869179051227
10,29,37.0683133972775
10,30,24.78294673601773
10,31,20.182583602280786
10,32,23.22915258229308
10,33,18.879552456771915
10,34,19.79017861891388
10,35,18.672922776633683
10,36,15.88199961478127
11,0,17.916215847720498
11,1,17.74127675153043
11,2,15.77421441397822
11,3,11.15111860972224
11,4,14.565038312661914
11,5,10.830943614511062
11,6,16.170160569198085
11,7,18.73914421242247
11,8,14.750158406524465
11,9,13.3617839721676
11,10,2.9623209848108534
11,11,0.0
11,12,9.44493621348909
11,13,7.46111211519145
11,14,12.035968981200734
11,15,16.261155518909252
11,16,13.721742016359075
11,17,4.660588744752818
11,18,5.960436761423903
11,19,6.446054025526318
11,20,8.062283925856303
11,21,29.8059204195514
11,22,24.77368913952362
11,23,4.491204119611644
11,24,8.102430102942177
11,25,9.267563292117332
11,26,8.580226227524282
11,27,11.767158922836506
11,28,15.0123116078233
11,29,36.795525772463876
11,30,25.43035238924466
11,31,20.95017848138938
11,32,22.18402722227551
11,33,17.465275424641124
11,34,18.026593571827437
11,35,16.739658885990494
11,36,14.009630331540126
12,0,27.360492074734964
12,1,27.164279521451533
12,2,24.81649121553572
12,3,20.28726643211044
12,4,23.993303651572862
12,5,20.266830061344386
12,6,25.551735532381016
12,7,28.029747604534478
12,8,23.88442817827576
12,9,22.260497973819604
12,10,10.55638654528916
12,11,9.44493621348909
12,12,0.0
12,13,9.824891740820066
12,14,4.547712010265878
12,15,8.421753586655608
12,16,18.403995340414394
12,17,11.858313715478255
12,18,13.70940097309597
12,19,15.889094433158418
12,20,17.503950715763594
12,21,37.80929362121762
12,22,32.84766868533923
12,23,13.54762503572427
12,24,17.231777190106794
12,25,18.397649715748145
12,26,18.01676948815391
12,27,19.476232724916848
12,28,18.703469128195803
12,29,45.89209906236916
12,30,34.871995040345304
12,31,30.371367984551203
12,32,30.637023073917824
12,33,25.531733993424762
12,34,25.405720881701978
12,35,23.808898172765794
12,36,21.431147866924594
13,0,21.680231217096352
13,1,20.929958336743656
13,2,21.40498727074342
13,3,16.9144997288808
13,4,18.0334892934714
13,5,15.379026797770623
13,6,19.092513413108286
13,7,20.992968094034985
13,8,16.63493406386653
13,9,14.640761308977881
13,10,5.266270375135334
13,11,7.46111211519145
13,12,9.824891740820066
13,13,0.0
13,14,9.178946850957965
13,15,12.399433488627682
13,16,8.582668422468386
13,17,4.883688273531823
13,18,6.246965931019471
13,19,11.266992943481387
13,20,12.528339928364797
13,21,28.555571889532406
13,22,23.729332178615252
13,23,8.07138150951292
13,24,10.821227678373724
13,25,11.771908693904626
13,26,12.851632160114239
13,27,18.849421199406454
13,28,22.35511255484272
13,29,41.67721774618157
13,30,28.598775678312716
13,31,23.95576607826869
13,32,28.3673885249799
13,33,24.126863276057634
13,34,25.053773374247033
13,35,23.914384871453453
13,36,21.130035877721273
14,0,29.53120038130637
14,1,29.081443139089
14,2,27.80953659507479
14,3,23.186924166799983
14,4,25.986114803513168
14,5,22.61782775740932
14,6,27.339022033915455
14,7,29.55517589278609
14,8,25.243851998519645
14,9,23.38963525140234
14,10,12.070924547719171
14,11,12.035968981200734
14,12,4.547712010265878
14,13,9.178946850957965
14,14,0.0
14,15,4.282494499725507
14,16,17.16256035850537
14,17,12.860819681287888
14,18,14.65149265447308
14,19,18.16965292310187
14,20,19.724576313103164
14,21,37.706810159002764
14,22,32.904815074777126
14,23,15.343161848189194
14,24,18.84156715985659
14,25,19.95020502806904
14,26,20.183242460233316
14,27,23.162009238553356
14,28,23.1600284799308
14,29,48.8181365004921
14,30,36.849636881209626
14,31,32.23925949627249
14,32,34.07411172617847
14,33,29.139026545592703
14,34,29.27275501098105
14,35,27.755239522161418
14,36,25.242303343191136
15,0,33.51653022435873
15,1,32.97359357931259
15,2,32.029873606531844
15,3,27.40106184825164
15,4,29.92813444645818
15,5,26.701577624548673
15,6,31.190976923291807
15,7,33.276325174172996
15,8,28.92897082330416
15,9,26.98909914579918
15,10,16.05096576152344
15,11,16.261155518909252
15,12,8.421753586655608
15,13,12.399433488627682
15,14,4.282494499725507
15,15,0.0
15,16,19.424716915538237
15,17,16.63736359669489
15,18,18.3448055706511
15,19,22.268204829417186
15,20,23.792110578016917
15,21,40.396523176724834
15,22,35.75758497237616
15,23,19.33653839837589
15,24,22.713943817432106
15,25,23.784316164063107
15,26,24.23049891660413
15,27,27.441232396333444
15,28,27.109219041084014
15,29,52.99303440157912
15,30,40.72599309870579
15,31,36.09246120179222
15,32,38.34907077508296
15,33,33.42151519623176
15,34,33.537879086818364
15,35,32.00596304504209
15,36,29.512322683564538
16,0,19.821964381035446
16,1,18.496323333640895
16,2,22.064870688830723
16,3,18.497589259892045
16,4,16.49075144030093
16,5,15.794773288544711
16,6,16.67942625479483
16,7,17.46519876823619
16,8,13.594678820278968
16,9,11.51981265234695
16,10,10.759421263858908
16,11,13.721742016359075
16,12,18.403995340414394
16,13,8.582668422468386
16,14,17.16256035850537
16,15,19.424716915538237
16,16,0.0
16,17,9.097650855229599
16,18,8.386901817946264
16,19,13.461461098039996
16,20,13.81079473557504
16,21,21.046005512192078
16,22,16.61734062963964
16,23,11.14836762606116
16,24,11.110746201454779
16,25,11.297934897598767
16,26,13.794029932004184
16,27,22.367753144489086
16,28,28.225816568518997
16,29,39.729850824401126
16,30,25.233022090948598
16,31,20.87391552116111
16,32,29.228389191081842
16,33,26.22631104107738
16,34,27.907911069230142
16,35,27.256366379140825
16,36,24.528398297335045
17,0,16.967483256169416
17,1,16.34468070477515
17,2,16.53255692455678
17,3,12.080104266568393
17,4,13.341454900970525
17,5,10.504805235184804
17,6,14.553894607163727
17,7,16.696366960214206
17,8,12.384445871987023
17,9,10.570414986361152
17,10,1.7397683925032494
17,11,4.660588744752818
17,12,11.858313715478255
17,13,4.883688273531823
17,14,12.860819681287888
17,15,16.63736359669489
17,16,9.097650855229599
17,17,0.0
17,18,1.8560988783697048
17,19,6.409753517959107
17,20,7.644850950843554
17,21,26.062204641640566
17,22,21.063078688603195
17,23,3.220293014736058
17,24,6.0984572185184005
17,25,7.147935626450124
17,26,7.974970020075293
17,27,14.482915963837401
17,28,19.271135463811007
17,29,36.84758612176525
17,30,24.089589927180135
17,31,19.45509762592149
17,32,23.537306730683586
17,33,19.447701655045737
17,34,20.562166716430205
17,35,19.558820722589793
17,36,16.758086329740138
18,0,15.433431898379158
18,1,14.71198378671248
18,2,15.515120225440963
18,3,11.244893709991732
18,4,11.787289484438846
18,5,9.294101144741155
18,6,12.89152266384739
18,7,14.937794902536465
18,8,10.603225840025758
18,9,8.744902096601475
18,10,3.343123184990575
18,11,5.960436761423903
18,12,13.70940097309597
18,13,6.246965931019471
18,14,14.65149265447308
18,15,18.3448055706511
18,16,8.386901817946264
18,17,1.8560988783697048
18,18,0.0
18,19,5.635963396975144
18,20,6.577555535191721
18,21,24.26410457292221
18,22,19.254495411902976
18,23,2.8047613550043526
18,24,4.584136784247526
18,25,5.5288296171538
18,26,6.810794598464726
18,27,14.283756280391794
18,28,19.8531390818613
18,29,35.45785323740692
18,30,22.42144911025138
18,31,17.779000399299377
18,32,22.633631078051703
18,33,18.834602055789414
18,34,20.165984288951194
18,35,19.30508300119114
18,36,16.52007526046297
19,0,11.480655978491761
19,1,11.30898581523716
19,2,10.142064617303964
19,3,5.676469608508814
19,4,8.130325016887596
19,5,4.449950151553539
19,6,9.792289124213623
19,7,12.464913144856299
19,8,8.78339342576488
19,9,7.88193079504726
19,10,6.317980200779444
19,11,6.446054025526318
19,12,15.889094433158418
19,13,11.266992943481387
19,14,18.16965292310187
19,15,22.268204829417186
19,16,13.461461098039996
19,17,6.409753517959107
19,18,5.635963396975144
19,19,0.0
19,20,1.617076295831425
19,21,24.737941334301162
19,22,19.776289425082467
19,23,3.1960674766170873
19,24,2.999301570983471
19,25,3.8159284808116807
19,26,2.145384215617543
19,27,8.910875631525808
19,28,15.717147717727523
19,29,30.765457267785216
19,30,18.984300833077764
19,31,14.517217051989851
19,32,17.130089570911032
19,33,13.198821991120852
19,34,14.579550341411066
19,35,13.816273917883601
19,36,11.070423167071969
20,0,9.874374618560704
20,1,9.69385666311981
20,2,8.942717383164618
20,3,4.756015770197921
20,4,6.515120010012173
20,5,2.915915210686138
20,6,8.197114248005072
20,7,10.904269125980754
20,8,7.379570897938425
20,9,6.7320135518624875
20,10,7.772587290475848
20,11,8.062283925856303
20,12,17.503950715763594
20,13,12.528339928364797
20,14,19.724576313103164
20,15,23.792110578016917
20,16,13.81079473557504
20,17,7.644850950843554
20,18,6.577555535191721
20,19,1.617076295831425
20,20,0.0
20,21,23.525602561082792
20,22,18.614316049579426
20,23,4.5283644102213945
20,24,2.7374783584835427
20,25,3.0572761906619736
20,26,0.5498320572454434
20,27,8.864275511660125
20,28,16.3401771438067
20,29,29.30243938812549
20,30,17.368443001193768
20,31,12.901602979390514
20,32,16.059458716165235
20,33,12.474706808751195
20,34,14.099607140062679
20,35,13.523763877721857
20,36,10.873900417159076
21,0,18.668238227473886
21,1,17.15766951477097
21,2,24.820066589044227
21,3,25.206866786060097
21,4,18.943635083139192
21,5,22.471184245056257
21,6,17.14394809125654
21,7,14.553493845961423
21,8,16.304242200396487
21,9,16.85605156413514
21,10,27.59088363270022
21,11,29.8059204195514
21,12,37.80929362121762
21,13,28.555571889532406
21,14,37.706810159002764
21,15,40.396523176724834
21,16,21.046005512192078
21,17,26.062204641640566
21,18,24.26410457292221
21,19,24.737941334301162
21,20,23.525602561082792
21,21,0.0
21,22,5.03223325648168
21,23,25.3559532717521
21,24,22.045820485624898
21,25,20.995365509511725
21,26,23.02461153316666
21,27,30.517487586594143
21,28,39.12874794161139
21,29,29.54135675947448
21,30,16.440958475925306
21,31,15.88412085399718
21,32,29.03114981455197
21,33,29.94294463231058
21,34,32.576589916955726
21,35,33.17533311424655
21,36,31.564671306269066
22,0,14.84184303347538
22,1,13.188761177976952
22,2,20.762380620662736
22,3,20.621586690785428
22,4,14.49002145679378
22,5,17.755956750498715
22,6,12.817475186962339
22,7,10.543555926591111
22,8,11.540159036960867
22,9,11.902766782767973
22,10,22.574313027466637
22,11,24.77368913952362
22,12,32.84766868533923
22,13,23.729332178615252
22,14,32.904815074777126
22,15,35.75758497237616
22,16,16.61734062963964
22,17,21.063078688603195
22,18,19.254495411902976
22,19,19.776289425082467
22,20,18.614316049579426
22,21,5.03223325648168
22,22,0.0
22,23,20.32521967770844
22,24,17.041257098720227
22,25,16.008040306255587
22,26,18.12664130575456
22,27,25.964056583905734
22,28,34.46339763054155
22,29,28.943846606473162
22,30,14.530093863925972
22,31,12.658716268534631
22,32,25.75083506528061
22,33,25.978179758668958
22,34,28.556783572659814
22,35,28.98706972437423
22,36,27.17583848868594
23,0,14.19280092974329
23,1,13.765545770285788
23,2,13.334685549557552
23,3,8.860317570537342
23,4,10.646821360597238
23,5,7.436747826213763
23,6,12.071686699383052
23,7,14.484370606762175
23,8,10.361320898775894
23,9,8.884010369915408
23,10,3.285779069934472
23,11,4.491204119611644
23,12,13.54762503572427
23,13,8.07138150951292
23,14,15.343161848189194
23,15,19.33653839837589
23,16,11.14836762606116
23,17,3.220293014736058
23,18,2.8047613550043526
23,19,3.1960674766170873
23,20,4.5283644102213945
23,21,25.3559532717521
23,22,20.32521967770844
23,23,0.0
23,24,3.6905630787077355
23,25,4.860783940218925
23,26,4.921017582300973
23,27,11.51037632553027
23,28,17.167433683932156
23,29,33.82736436938566
23,30,21.530952366597774
23,31,16.94850930390144
23,32,20.31783921544031
23,33,16.264910832329097
23,34,17.47171502666828
23,35,16.553874253911633
23,36,13.760749037178208
24,0,10.87846362334547
24,1,10.26020231931663
24,2,11.242091094224698
24,3,7.389706592511627
24,4,7.244673886195835
24,5,4.9000605236723445
24,6,8.497690066237134
24,7,10.814412687528332
24,8,6.672474409855197
24,9,5.299985504515435
24,10,6.808354225297373
24,11,8.102430102942177
24,12,17.231777190106794
24,13,10.821227678373724
24,14,18.84156715985659
24,15,22.713943817432106
24,16,11.110746201454779
24,17,6.0984572185184005
24,18,4.584136784247526
24,19,2.999301570983471
24,20,2.7374783584835427
24,21,22.045820485624898
24,22,17.041257098720227
24,23,3.6905630787077355
24,24,0.0
24,25,1.1711464711562538
24,26,2.6836255112244216
24,27,11.564913227599693
24,28,18.706512380013972
24,29,30.87427748844665
24,30,18.020155959787452
24,31,13.399376145909738
24,32,18.43320458014457
24,33,15.122989831877499
24,34,16.819967965365073
24,35,16.26123932520486
24,36,13.604907204993852
25,0,9.91242962653297
25,1,9.200687117054336
25,2,10.807017362883487
25,3,7.312451108577702
25,4,6.263792631455549
25,5,4.497472059663766
25,6,7.406849004775967
25,7,9.661685329033542
25,8,5.501369510875513
25,9,4.181910340540493
25,10,7.947576024389391
25,11,9.267563292117332
25,12,18.397649715748145
25,13,11.771908693904626
25,14,19.95020502806904
25,15,23.784316164063107
25,16,11.297934897598767
25,17,7.147935626450124
25,18,5.5288296171538
25,19,3.8159284808116807
25,20,3.0572761906619736
25,21,20.995365509511725
25,22,16.008040306255587
25,23,4.860783940218925
25,24,1.1711464711562538
25,25,0.0
25,26,2.788653224872728
25,27,11.874010410781201
25,28,19.358171152769117
25,29,30.00367137966531
25,30,16.941834362907734
25,31,12.309351603018316
25,32,17.998900041185006
25,33,14.983703484054187
25,34,16.82783460350975
25,35,16.391645245910205
25,36,13.812774562847213
26,0,9.38208561489413
26,1,9.165347069743264
26,2,8.716163033145088
26,3,4.706765673944751
26,4,5.987123120487847
26,5,2.530687504126473
26,6,7.653409411836069
26,7,10.354922962645835
26,8,6.847689191270779
26,9,6.265584909947493
26,10,8.190825636921566
26,11,8.580226227524282
26,12,18.01676948815391
26,13,12.851632160114239
26,14,20.183242460233316
26,15,24.23049891660413
26,16,13.794029932004184
26,17,7.974970020075293
26,18,6.810794598464726
26,19,2.145384215617543
26,20,0.5498320572454434
26,21,23.02461153316666
26,22,18.12664130575456
26,23,4.921017582300973
26,24,2.6836255112244216
26,25,2.788653224872728
26,26,0.0
26,27,9.08561911141074
26,28,16.725619989021645
26,29,28.91212744336931
26,30,16.855956747945136
26,31,12.374014539858793
26,32,15.87249090427618
26,33,12.440833012737821
26,34,14.15212938326124
26,35,13.643617773365902
26,36,11.036037359455928
27,0,12.824125085045681
27,1,13.842900164289658
27,2,7.2335234064398835
27,3,5.344430885688589
27,4,11.578581091203112
27,5,8.358208451049224
27,6,13.422824389461677
27,7,16.193589662024564
27,8,14.497995592770533
27,9,14.795705307898256
27,10,13.59959705720605
27,11,11.767158922836506
27,12,19.476232724916848
27,13,18.849421199406454
27,14,23.162009238553356
27,15,27.441232396333444
27,16,22.367753144489086
27,17,14.482915963837401
27,18,14.283756280391794
27,19,8.910875631525808
27,20,8.864275511660125
27,21,30.517487586594143
27,22,25.964056583905734
27,23,11.51037632553027
27,24,11.564913227599693
27,25,11.874010410781201
27,26,9.08561911141074
27,27,0.0
27,28,8.729241919265203
27,29,27.118302629825926
27,30,19.616936284162517
27,31,16.38159925191813
27,32,11.278783418952774
27,33,6.064462486418463
27,34,6.259525398998984
27,35,5.080126350091611
27,36,2.2827906610642543
28,0,21.514096146339767
28,1,22.57145603174025
28,2,15.633831953986109
28,3,13.93648075135155
28,4,20.24227375218195
28,5,16.70803052521263
28,6,22.11411585009759
28,7,24.91024056336766
28,8,22.92555136476853
28,9,22.897819769340533
28,10,17.801869179051227
28,11,15.0123116078233
28,12,18.703469128195803
28,13,22.35511255484272
28,14,23.1600284799308
28,15,27.109219041084014
28,16,28.225816568518997
28,17,19.271135463811007
28,18,19.8531390818613
28,19,15.717147717727523
28,20,16.3401771438067
28,21,39.12874794161139
28,22,34.46339763054155
28,23,17.167433683932156
28,24,18.706512380013972
28,25,19.358171152769117
28,26,16.725619989021645
28,27,8.729241919265203
28,28,0.0
28,29,33.118211900953845
28,30,28.001327776456762
28,31,25.048132818475185
28,32,17.187194267311632
28,33,12.296450554338666
28,34,10.404771617864942
28,35,8.686667069017089
28,36,8.430262755871924
29,0,20.18070141858307
29,1,21.296451923636678
29,2,21.08014372085529
29,3,25.660615378121197
29,4,23.793621505102735
29,5,26.390617160893235
29,6,23.157608852614363
29,7,22.348052452347684
29,8,26.166086978277526
29,9,28.27972874783467
29,10,37.0683133972775
29,11,36.795525772463876
29,12,45.89209906236916
29,13,41.67721774618157
29,14,48.8181365004921
29,15,52.99303440157912
29,16,39.729850824401126
29,17,36.84758612176525
29,18,35.45785323740692
29,19,30.765457267785216
29,20,29.30243938812549
29,21,29.54135675947448
29,22,28.943846606473162
29,23,33.82736436938566
29,24,30.87427748844665
29,25,30.00367137966531
29,26,28.91212744336931
29,27,27.118302629825926
29,28,33.118211900953845
29,29,0.0
29,30,14.951727519730987
29,31,18.90567858384376
29,32,16.092418042543965
29,33,21.358184515645092
29,34,22.75379186407594
29,35,24.523198221687473
29,36,25.787997602556842
30,0,7.573362473331419
30,1,7.768567390850381
30,2,12.41222511767519
30,3,15.583997967385795
30,4,10.899093128421743
30,5,14.6743048399966
30,6,9.536199063464085
30,7,7.823438745721321
30,8,12.075473135941595
30,9,14.182308175438788
30,10,24.78294673601773
30,11,25.43035238924466
30,12,34.871995040345304
30,13,28.598775678312716
30,14,36.849636881209626
30,15,40.72599309870579
30,16,25.233022090948598
30,17,24.089589927180135
30,18,22.42144911025138
30,19,18.984300833077764
30,20,17.368443001193768
30,21,16.440958475925306
30,22,14.530093863925972
30,23,21.530952366597774
30,24,18.020155959787452
30,25,16.941834362907734
30,26,16.855956747945136
30,27,19.616936284162517
30,28,28.001327776456762
30,29,14.951727519730987
30,30,0.0
30,31,4.643755850425613
30,32,13.598499570431951
30,33,16.31825381552363
30,34,18.884042217584188
30,35,20.07655464467904
30,36,19.575782500927097
31,0,3.5757785635491297
31,1,3.208950988047834
31,2,9.569380571074543
31,3,11.748058451697704
31,4,6.386972129668482
31,5,10.34569842964396
31,6,4.903239182226671
31,7,3.4439424426047984
31,8,7.486934487210593
31,9,9.610820789309734
31,10,20.182583602280786
31,11,20.95017848138938
31,12,30.371367984551203
31,13,23.95576607826869
31,14,32.23925949627249
31,15,36.09246120179222
31,16,20.87391552116111
31,17,19.45509762592149
31,18,17.779000399299377
31,19,14.517217051989851
31,20,12.901602979390514
31,21,15.88412085399718
31,22,12.658716268534631
31,23,16.94850930390144
31,24,13.399376145909738
31,25,12.309351603018316
31,26,12.374014539858793
31,27,16.38159925191813
31,28,25.048132818475185
31,29,18.90567858384376
31,30,4.643755850425613
31,31,0.0
31,32,13.187345713579198
31,33,14.35182298195497
31,34,17.010367125463276
31,35,17.867656188266594
31,36,16.79200340697107
32,0,11.149459171582578
32,1,12.887043443474878
32,2,7.196894366805801
32,3,11.457623283367484
32,4,13.262234160130959
32,5,13.543828392177609
32,6,14.005041198147307
32,7,15.39762777167191
32,8,16.84528622565406
32,9,18.42761975594616
32,10,23.22915258229308
32,11,22.18402722227551
32,12,30.637023073917824
32,13,28.3673885249799
32,14,34.07411172617847
32,15,38.34907077508296
32,16,29.228389191081842
32,17,23.537306730683586
32,18,22.633631078051703
32,19,17.130089570911032
32,20,16.059458716165235
32,21,29.03114981455197
32,22,25.75083506528061
32,23,20.31783921544031
32,24,18.43320458014457
32,25,17.998900041185006
32,26,15.87249090427618
32,27,11.278783418952774
32,28,17.187194267311632
32,29,16.092418042543965
32,30,13.598499570431951
32,31,13.187345713579198
32,32,0.0
32,33,5.304631767353308
32,34,6.789628850060536
32,35,8.50775448638674
32,36,9.734808926212022
33,0,11.274921781857282
33,1,12.82533328681186
33,2,5.233295930816202
33,3,7.734316974833763
33,4,11.883457555843076
33,5,10.55774456388733
33,6,13.259705296823462
33,7,15.468680787251564
33,8,15.470152957013013
33,9,16.550917774601018
33,10,18.879552456771915
33,11,17.465275424641124
33,12,25.531733993424762
33,13,24.126863276057634
33,14,29.139026545592703
33,15,33.42151519623176
33,16,26.22631104107738
33,17,19.447701655045737
33,18,18.834602055789414
33,19,13.198821991120852
33,20,12.474706808751195
33,21,29.94294463231058
33,22,25.978179758668958
33,23,16.264910832329097
33,24,15.122989831877499
33,25,14.983703484054187
33,26,12.440833012737821
33,27,6.064462486418463
33,28,12.296450554338666
33,29,21.358184515645092
33,30,16.31825381552363
33,31,14.35182298195497
33,32,5.304631767353308
33,33,0.0
33,34,2.6585940777206853
33,35,3.7947036971907346
33,36,4.434136669335561
34,0,13.913109619176112
34,1,15.438369911529257
34,2,7.795570211071663
34,3,9.520153125503356
34,4,14.3222420723229
34,5,12.552507916685267
34,6,15.787445649180476
34,7,18.075077300421427
34,8,17.848159245835006
34,9,18.782658471955976
34,10,19.79017861891388
34,11,18.026593571827437
34,12,25.405720881701978
34,13,25.053773374247033
34,14,29.27275501098105
34,15,33.537879086818364
34,16,27.907911069230142
34,17,20.562166716430205
34,18,20.165984288951194
34,19,14.579550341411066
34,20,14.099607140062679
34,21,32.576589916955726
34,22,28.556783572659814
34,23,17.47171502666828
34,24,16.819967965365073
34,25,16.82783460350975
34,26,14.15212938326124
34,27,6.259525398998984
34,28,10.404771617864942
34,29,22.75379186407594
34,30,18.884042217584188
34,31,17.010367125463276
34,32,6.789628850060536
34,33,2.6585940777206853
34,34,0.0
34,35,1.7884203006902153
34,36,4.046747697049163
35,0,14.60256766495392
35,1,16.02449158178194
35,2,8.384614935795572
35,3,9.193867301236565
35,4,14.570035777138044
35,5,12.320582250854732
35,6,16.169691152155142
35,7,18.623228146196716
35,8,17.970641779414713
35,9,18.71146282586632
35,10,18.672922776633683
35,11,16.739658885990494
35,12,23.808898172765794
35,13,23.914384871453453
35,14,27.755239522161418
35,15,32.00596304504209
35,16,27.256366379140825
35,17,19.558820722589793
35,18,19.30508300119114
35,19,13.816273917883601
35,20,13.523763877721857
35,21,33.17533311424655
35,22,28.98706972437423
35,23,16.553874253911633
35,24,16.26123932520486
35,25,16.391645245910205
35,26,13.643617773365902
35,27,5.080126350091611
35,28,8.686667069017089
35,29,24.523198221687473
35,30,20.07655464467904
35,31,17.867656188266594
35,32,8.50775448638674
35,33,3.7947036971907346
35,34,1.7884203006902153
35,35,0.0
35,36,2.8007419460567244
36,0,13.331473830040997
36,1,14.564915610964462
36,2,7.260486699900165
36,3,6.819188421114771
36,4,12.686416115367326
36,5,9.956474526242145
36,6,14.42571046172071
36,7,17.063313145169438
36,8,15.88536919381148
36,9,16.41802775176014
36,10,15.88199961478127
36,11,14.009630331540126
36,12,21.431147866924594
36,13,21.130035877721273
36,14,25.242303343191136
36,15,29.512322683564538
36,16,24.528398297335045
36,17,16.758086329740138
36,18,16.52007526046297
36,19,11.070423167071969
36,20,10.873900417159076
36,21,31.564671306269066
36,22,27.17583848868594
36,23,13.760749037178208
36,24,13.604907204993852
36,25,13.812774562847213
36,26,11.036037359455928
36,27,2.2827906610642543
36,28,8.430262755871924
36,29,25.787997602556842
36,30,19.575782500927097
36,31,16.79200340697107
36,32,9.734808926212022
36,33,4.434136669335561
36,34,4.046747697049163
36,35,2.8007419460567244
36,36,0.0
