source_id,target_id,rtt
0,0,0.0
0,1,1.7379584160769277
0,2,6.219924401225079
0,3,8.199940628362274
0,4,5.784052562528218
0,5,7.112675196698164
0,6,3.197568274134839
0,7,4.312873519229884
0,8,6.318371693144109
0,9,12.998117687809406
0,10,20.4367439429243
0,11,29.53120038130637
0,12,33.51653022435873
0,13,19.821964381035446
0,14,27.360492074734964
0,15,17.916215847720498
0,16,11.480655978491761
0,17,9.874374618560704
0,18,18.668238227473886
0,19,14.84184303347538
0,20,17.47585962002421
0,21,11.651339329282132
0,22,9.91242962653297
0,23,8.062336442983408
0,24,14.687304696111514
0,25,21.514096146339767
0,26,20.18070141858307
0,27,7.573362473331419
0,28,3.5757785635491297
0,29,18.26879731563095
0,30,11.274921781857282
0,31,13.913109619176112
0,32,14.60256766495392
0,33,13.331473830040997
1,0,1.7379584160769277
1,1,0.0
1,2,7.663122337197943
1,3,8.884895543389652
1,4,6.524895418821913
1,5,7.185946175800954
1,6,1.8748257827408155
1,7,2.6478769313610604
1,8,4.9026291583634345
1,9,11.75779570611175
1,10,19.59511216388394
1,11,29.081443139089
1,12,32.97359357931259
1,13,18.496323333640895
1,14,27.164279521451533
1,15,17.74127675153043
1,16,11.30898581523716
1,17,9.69385666311981
1,18,17.15766951477097
1,19,13.188761177976952
1,20,17.014405536522425
1,21,11.005804482371378
1,22,9.200687117054336
1,23,7.709307349692137
1,24,15.562610034777824
1,25,22.57145603174025
1,26,21.296451923636678
1,27,7.768567390850381
1,28,3.208950988047834
1,29,19.919133997986208
1,30,12.82533328681186
1,31,15.438369911529257
1,32,16.02449158178194
1,33,14.564915610964462
2,0,6.219924401225079
2,1,7.663122337197943
2,2,0.0
2,3,4.631460673347914
2,4,3.5537906092823355
2,5,6.347820860197198
2,6,8.027181243159818
2,7,10.288470896334537
2,8,10.348111907467265
2,9,15.351896265753284
2,10,20.589499337147423
2,11,27.80953659507479
2,12,32.029873606531844
2,13,22.064870688830723
2,14,24.81649121553572
2,15,15.77421441397822
2,16,10.142064617303964
2,17,8.942717383164618
2,18,24.820066589044227
2,19,20.762380620662736
2,20,16.399804949765485
2,21,11.965996982966836
2,22,10.807017362883487
2,23,8.293142792847922
2,24,9.383635119884598
2,25,15.633831953986109
2,26,21.08014372085529
2,27,12.41222511767519
2,28,9.569380571074543
2,29,12.547358127557125
2,30,5.233295930816202
2,31,7.795570211071663
2,32,8.384614935795572
2,33,7.260486699900165
3,0,8.199940628362274
3,1,8.884895543389652
3,2,4.631460673347914
3,3,0.0
3,4,2.415909893658943
3,5,3.1427672903106574
3,6,8.20206237308836
3,7,11.04048353420644
3,8,9.16173028538663
3,9,12.196944421225224
3,10,16.21382191550735
3,11,23.186924166799983
3,12,27.40106184825164
3,13,18.497589259892045
3,14,20.28726643211044
3,15,11.15111860972224
3,16,5.676469608508814
3,17,4.756015770197921
3,18,25.206866786060097
3,19,20.621586690785428
3,20,11.823593511231323
3,21,8.009941409649866
3,22,7.312451108577702
3,23,4.958283383553463
3,24,6.742006114670802
3,25,13.93648075135155
3,26,25.660615378121197
3,27,15.583997967385795
3,28,11.748058451697704
3,29,14.83699768173233
3,30,7.734316974833763
3,31,9.520153125503356
3,32,9.193867301236565
3,33,6.819188421114771
4,0,5.784052562528218
4,1,6.524895418821913
4,2,3.5537906092823355
4,3,2.415909893658943
4,4,0.0
4,5,2.8036139047061073
4,6,6.037320611986843
4,7,8.799902437912934
4,8,7.545383006235961
4,9,11.861517780768839
4,10,17.161571693221116
4,11,24.944529069836353
4,12,29.09856098398189
4,13,18.52601307004132
4,14,22.29019191689526
4,15,12.97092821109606
4,16,6.894117637768045
4,17,5.536472516944386
4,18,23.170250956079187
4,19,18.730945225127513
4,20,13.212088832092293
4,21,8.438855539755595
4,22,7.254514445287645
4,23,4.739512378580856
4,24,9.038441113793622
4,25,16.110876260801867
4,26,23.897664089733475
4,27,13.201493378507331
4,28,9.334803291829619
4,29,15.496161033184135
4,30,8.116500473062128
4,31,10.3560191406527
4,32,10.42591206713967
4,33,8.445271842833588
5,0,7.112675196698164
5,1,7.185946175800954
5,2,6.347820860197198
5,3,3.1427672903106574
5,4,2.8036139047061073
5,5,0.0
5,6,5.975544642430295
5,7,8.836309966210319
5,8,6.217680959299596
5,9,9.248454850874596
5,10,14.412817201216717
5,11,22.61782775740932
5,12,26.701577624548673
5,13,15.794773288544711
5,14,20.266830061344386
5,15,10.830943614511062
5,16,4.449950151553539
5,17,2.915915210686138
5,18,22.471184245056257
5,19,17.755956750498715
5,20,10.688484170735228
5,21,5.63785173180652
5,22,4.497472059663766
5,23,1.9871145663663794
5,24,9.422632428688196
5,25,16.70803052521263
5,26,26.390617160893235
5,27,14.6743048399966
5,28,10.34569842964396
5,29,17.827458119328103
5,30,10.55774456388733
5,31,12.552507916685267
5,32,12.320582250854732
5,33,9.956474526242145
6,0,3.197568274134839
6,1,1.8748257827408155
6,2,8.027181243159818
6,3,8.20206237308836
6,4,6.037320611986843
6,5,5.975544642430295
6,6,0.0
6,7,2.8768872383202555
6,8,3.1236084652087874
6,9,9.905667389968086
6,10,17.738661547911754
6,11,27.339022033915455
6,12,31.190976923291807
6,13,16.67942625479483
6,14,25.551735532381016
6,15,16.170160569198085
6,16,9.792289124213623
6,17,8.197114248005072
6,18,17.14394809125654
6,19,12.817475186962339
6,20,15.289428394128024
6,21,9.226545251968256
6,22,7.406849004775967
6,23,6.136845501467879
6,24,14.94310809234257
6,25,22.11411585009759
6,26,23.157608852614363
6,27,9.536199063464085
6,28,4.903239182226671
6,29,20.54274463631506
6,30,13.259705296823462
6,31,15.787445649180476
6,32,16.169691152155142
6,33,14.42571046172071
7,0,4.312873519229884
7,1,2.6478769313610604
7,2,10.288470896334537
7,3,11.04048353420644
7,4,8.799902437912934
7,5,8.836309966210319
7,6,2.8768872383202555
7,7,0.0
7,8,4.358034199457501
7,9,11.072123671600016
7,10,19.51733876153746
7,11,29.55517589278609
7,12,33.276325174172996
7,13,17.46519876823619
7,14,28.029747604534478
7,15,18.73914421242247
7,16,12.464913144856299
7,17,10.904269125980754
7,18,14.553493845961423
7,19,10.543555926591111
7,20,17.60748506283415
7,21,11.481552818245236
7,22,9.661685329033542
7,23,8.809436595186188
7,24,17.78098528978593
7,25,24.91024056336766
7,26,22.348052452347684
7,27,7.823438745721321
7,28,3.4439424426047984
7,29,22.561565632628888
7,30,15.468680787251564
7,31,18.075077300421427
7,32,18.623228146196716
7,33,17.063313145169438
8,0,6.318371693144109
8,1,4.9026291583634345
8,2,10.348111907467265
8,3,9.16173028538663
8,4,7.545383006235961
8,5,6.217680959299596
8,6,3.1236084652087874
8,7,4.358034199457501
8,8,0.0
8,9,6.90647794991235
8,10,15.16588638521197
8,11,25.243851998519645
8,12,28.92897082330416
8,13,13.594678820278968
8,14,23.88442817827576
8,15,14.750158406524465
8,16,8.78339342576488
8,17,7.379570897938425
8,18,16.304242200396487
8,19,11.540159036960867
8,20,13.379058587776852
8,21,7.274798665263728
8,22,5.501369510875513
8,23,5.350383106738977
8,24,15.639697402697525
8,25,22.92555136476853
8,26,26.166086978277526
8,27,12.075473135941595
8,28,7.486934487210593
8,29,22.8561595573545
8,30,15.470152957013013
8,31,17.848159245835006
8,32,17.970641779414713
8,33,15.88536919381148
9,0,12.998117687809406
9,1,11.75779570611175
9,2,15.351896265753284
9,3,12.196944421225224
9,4,11.861517780768839
9,5,9.248454850874596
9,6,9.905667389968086
9,7,11.072123671600016
9,8,6.90647794991235
9,9,0.0
9,10,8.86566852918158
9,11,19.616192487868865
9,12,22.91086724700155
9,13,6.8763418928416655
9,14,19.20804474737492
9,15,11.408794503139438
9,16,8.112478143717933
9,17,7.856199050818838
9,18,18.649872798568783
9,19,13.654889511767216
9,20,8.97047365112268
9,21,4.951718098408937
9,22,4.9049208667122395
9,23,7.280996145713208
9,24,16.949216657107712
9,25,23.807010333970638
9,26,33.053106457535115
9,27,18.891666711054356
9,28,14.364439135388478
9,29,27.02934050334141
9,30,19.804879452903492
9,31,21.717097193516494
9,32,21.296129908570187
9,33,18.70346147917945
10,0,20.4367439429243
10,1,19.59511216388394
10,2,20.589499337147423
10,3,16.21382191550735
10,4,17.161571693221116
10,5,14.412817201216717
10,6,17.738661547911754
10,7,19.51733876153746
10,8,15.16588638521197
10,9,8.86566852918158
10,10,0.0
10,11,10.9304827014788
10,12,14.047889339864785
10,13,6.994708200653704
10,14,11.489268622470906
10,15,7.799862605967957
10,16,10.538463707314143
10,17,11.649268741063567
10,18,26.794549532561433
10,19,21.974496211359494
10,20,5.139954679707389
10,21,8.896560874003967
10,22,10.538695456085904
10,23,12.71843852093643
10,24,17.71850370296726
10,25,22.811881368142686
10,26,40.53695778260433
10,27,27.19597100409091
10,28,22.56089039579465
10,29,29.918179178480266
10,30,23.6367206996022
10,31,24.74072088202527
10,32,23.705407131258877
10,33,20.905798074125975
11,0,29.53120038130637
11,1,29.081443139089
11,2,27.80953659507479
11,3,23.186924166799983
11,4,24.944529069836353
11,5,22.61782775740932
11,6,27.339022033915455
11,7,29.55517589278609
11,8,25.243851998519645
11,9,19.616192487868865
11,10,10.9304827014788
11,11,0.0
11,12,4.282494499725507
11,13,17.16256035850537
11,14,4.547712010265878
11,15,12.035968981200734
11,16,18.16965292310187
11,17,19.724576313103164
11,18,37.706810159002764
11,19,32.904815074777126
11,20,12.070924547719171
11,21,18.122681229052308
11,22,19.95020502806904
11,23,21.471658037276377
11,24,21.345004230766882
11,25,23.1600284799308
11,26,48.8181365004921
11,27,36.849636881209626
11,28,32.23925949627249
11,29,33.66484444410571
11,30,29.139026545592703
11,31,29.27275501098105
11,32,27.755239522161418
11,33,25.242303343191136
12,0,33.51653022435873
12,1,32.97359357931259
12,2,32.029873606531844
12,3,27.40106184825164
12,4,29.09856098398189
12,5,26.701577624548673
12,6,31.190976923291807
12,7,33.276325174172996
12,8,28.92897082330416
12,9,22.91086724700155
12,10,14.047889339864785
12,11,4.282494499725507
12,12,0.0
12,13,19.424716915538237
12,14,8.421753586655608
12,15,16.261155518909252
12,16,22.268204829417186
12,17,23.792110578016917
12,18,40.396523176724834
12,19,35.75758497237616
12,20,16.05096576152344
12,21,21.96933894196245
12,22,23.784316164063107
12,23,25.45862867779956
12,24,25.607839247837553
12,25,27.109219041084014
12,26,52.99303440157912
12,27,40.72599309870579
12,28,36.09246120179222
12,29,37.873304207224
12,30,33.42151519623176
12,31,33.537879086818364
12,32,32.00596304504209
12,33,29.512322683564538
13,0,19.821964381035446
13,1,18.496323333640895
13,2,22.064870688830723
13,3,18.497589259892045
13,4,18.52601307004132
13,5,15.794773288544711
13,6,16.67942625479483
13,7,17.46519876823619
13,8,13.594678820278968
13,9,6.8763418928416655
13,10,6.994708200653704
13,11,17.16256035850537
13,12,19.424716915538237
13,13,0.0
13,14,18.403995340414394
13,15,13.721742016359075
13,16,13.461461098039996
13,17,13.81079473557504
13,18,21.046005512192078
13,19,16.61734062963964
13,20,10.759421263858908
13,21,10.53674410487747
13,22,11.297934897598767
13,23,13.810550447543074
13,24,22.090547559935874
13,25,28.225816568518997
13,26,39.729850824401126
13,27,25.233022090948598
13,28,20.87391552116111
13,29,33.241740165598095
13,30,26.22631104107738
13,31,27.907911069230142
13,32,27.256366379140825
13,33,24.528398297335045
14,0,27.360492074734964
14,1,27.164279521451533
14,2,24.81649121553572
14,3,20.28726643211044
14,4,22.29019191689526
14,5,20.266830061344386
14,6,25.551735532381016
14,7,28.029747604534478
14,8,23.88442817827576
14,9,19.20804474737492
14,10,11.489268622470906
14,11,4.547712010265878
14,12,8.421753586655608
14,13,18.403995340414394
14,14,0.0
14,15,9.44493621348909
14,16,15.889094433158418
14,17,17.503950715763594
14,18,37.80929362121762
14,19,32.84766868533923
14,20,10.55638654528916
14,21,16.60982104346672
14,22,18.397649715748145
14,23,19.455785037937936
14,24,17.501000871109802
14,25,18.703469128195803
14,26,45.89209906236916
14,27,34.871995040345304
14,28,30.371367984551203
14,29,29.552802109433213
14,30,25.531733993424762
14,31,25.405720881701978
14,32,23.808898172765794
14,33,21.431147866924594
15,0,17.916215847720498
15,1,17.74127675153043
15,2,15.77421441397822
15,3,11.15111860972224
15,4,12.97092821109606
15,5,10.830943614511062
15,6,16.170160569198085
15,7,18.73914421242247
15,8,14.750158406524465
15,9,11.408794503139438
15,10,7.799862605967957
15,11,12.035968981200734
15,12,16.261155518909252
15,13,13.721742016359075
15,14,9.44493621348909
15,15,0.0
15,16,6.446054025526318
15,17,8.062283925856303
15,18,29.8059204195514
15,19,24.77368913952362
15,20,2.9623209848108534
15,21,7.605696692424728
15,22,9.267563292117332
15,23,10.044014687664491
15,24,10.410389900712472
15,25,15.0123116078233
15,26,36.795525772463876
15,27,25.43035238924466
15,28,20.95017848138938
15,29,22.928930015484163
15,30,17.465275424641124
15,31,18.026593571827437
15,32,16.739658885990494
15,33,14.009630331540126
16,0,11.480655978491761
16,1,11.30898581523716
16,2,10.142064617303964
16,3,5.676469608508814
16,4,6.894117637768045
16,5,4.449950151553539
16,6,9.792289124213623
16,7,12.464913144856299
16,8,8.78339342576488
16,9,8.112478143717933
16,10,10.538463707314143
16,11,18.16965292310187
16,12,22.268204829417186
16,13,13.461461098039996
16,14,15.889094433158418
16,15,6.446054025526318
16,16,0.0
16,17,1.617076295831425
16,18,24.737941334301162
16,19,19.776289425082467
16,20,6.317980200779444
16,21,3.1728111501206593
16,22,3.8159284808116807
16,23,3.6618913140482032
16,24,8.867745248133376
16,25,15.717147717727523
16,26,30.765457267785216
16,27,18.984300833077764
16,28,14.517217051989851
16,29,19.88740427612641
16,30,13.198821991120852
16,31,14.579550341411066
16,32,13.816273917883601
16,33,11.070423167071969
17,0,9.874374618560704
17,1,9.69385666311981
17,2,8.942717383164618
17,3,4.756015770197921
17,4,5.536472516944386
17,5,2.915915210686138
17,6,8.197114248005072
17,7,10.904269125980754
17,8,7.379570897938425
17,9,7.856199050818838
17,10,11.649268741063567
17,11,19.724576313103164
17,12,23.792110578016917
17,13,13.81079473557504
17,14,17.503950715763594
17,15,8.062283925856303
17,16,1.617076295831425
17,17,0.0
17,18,23.525602561082792
17,19,18.614316049579426
17,20,7.772587290475848
17,21,3.2776611484509144
17,22,3.0572761906619736
17,23,2.1004741008798486
17,24,9.228328521118195
17,25,16.3401771438067
17,26,29.30243938812549
17,27,17.368443001193768
17,28,12.901602979390514
17,29,19.434404936289628
17,30,12.474706808751195
17,31,14.099607140062679
17,32,13.523763877721857
17,33,10.873900417159076
18,0,18.668238227473886
18,1,17.15766951477097
18,2,24.820066589044227
18,3,25.206866786060097
18,4,23.170250956079187
18,5,22.471184245056257
18,6,17.14394809125654
18,7,14.553493845961423
18,8,16.304242200396487
18,9,18.649872798568783
18,10,26.794549532561433
18,11,37.706810159002764
18,12,40.396523176724834
18,13,21.046005512192078
18,14,37.80929362121762
18,15,29.8059204195514
18,16,24.737941334301162
18,17,23.525602561082792
18,18,0.0
18,19,5.03223325648168
18,20,27.59088363270022
18,21,22.35247563681425
18,22,20.995365509511725
18,23,21.601394776552524
18,24,31.865650006823508
18,25,39.12874794161139
18,26,29.54135675947448
18,27,16.440958475925306
18,28,15.88412085399718
18,29,36.813446838959706
18,30,29.94294463231058
18,31,32.576589916955726
18,32,33.17533311424655
18,33,31.564671306269066
19,0,14.84184303347538
19,1,13.188761177976952
19,2,20.762380620662736
19,3,20.621586690785428
19,4,18.730945225127513
19,5,17.755956750498715
19,6,12.817475186962339
19,7,10.543555926591111
19,8,11.540159036960867
19,9,13.654889511767216
19,10,21.974496211359494
19,11,32.904815074777126
19,12,35.75758497237616
19,13,16.61734062963964
19,14,32.84766868533923
19,15,24.77368913952362
19,16,19.776289425082467
19,17,18.614316049579426
19,18,5.03223325648168
19,19,0.0
19,20,22.574313027466637
19,21,17.331621219524024
19,22,16.008040306255587
19,23,16.745621743665392
19,24,27.17857861302186
19,25,34.46339763054155
19,26,28.943846606473162
19,27,14.530093863925972
19,28,12.658716268534631
19,29,33.104738736913426
19,30,25.978179758668958
19,31,28.556783572659814
19,32,28.98706972437423
19,33,27.17583848868594
20,0,17.47585962002421
20,1,17.014405536522425
20,2,16.399804949765485
20,3,11.823593511231323
20,4,13.212088832092293
20,5,10.688484170735228
20,6,15.289428394128024
20,7,17.60748506283415
20,8,13.379058587776852
20,9,8.97047365112268
20,10,5.139954679707389
20,11,12.070924547719171
20,12,16.05096576152344
20,13,10.759421263858908
20,14,10.55638654528916
20,15,2.9623209848108534
20,16,6.317980200779444
20,17,7.772587290475848
20,18,27.59088363270022
20,19,22.574313027466637
20,20,0.0
20,21,6.126153793523943
20,22,7.947576024389391
20,23,9.413700878468795
20,24,12.593551175327406
20,25,17.801869179051227
20,26,37.0683133972775
20,27,24.78294673601773
20,28,20.182583602280786
20,29,24.89448206437542
20,30,18.879552456771915
20,31,19.79017861891388
20,32,18.672922776633683
20,33,15.88199961478127
21,0,11.651339329282132
21,1,11.005804482371378
21,2,11.965996982966836
21,3,8.009941409649866
21,4,8.438855539755595
21,5,5.63785173180652
21,6,9.226545251968256
21,7,11.481552818245236
21,8,7.274798665263728
21,9,4.951718098408937
21,10,8.896560874003967
21,11,18.122681229052308
21,12,21.96933894196245
21,13,10.53674410487747
21,14,16.60982104346672
21,15,7.605696692424728
21,16,3.1728111501206593
21,17,3.2776611484509144
21,18,22.35247563681425
21,19,17.331621219524024
21,20,6.126153793523943
21,21,0.0
21,22,1.8282381546897124
21,23,3.8319014890911527
21,24,12.037327708461644
21,25,18.85623775879105
21,26,31.657288046951347
21,27,18.75786073636383
21,28,14.129783134676432
21,29,22.705155673153993
21,30,15.741255665754549
21,31,17.37117349157412
21,32,16.75308739129889
21,33,14.062125929704933
22,0,9.91242962653297
22,1,9.200687117054336
22,2,10.807017362883487
22,3,7.312451108577702
22,4,7.254514445287645
22,5,4.497472059663766
22,6,7.406849004775967
22,7,9.661685329033542
22,8,5.501369510875513
22,9,4.9049208667122395
22,10,10.538695456085904
22,11,19.95020502806904
22,12,23.784316164063107
22,13,11.297934897598767
22,14,18.397649715748145
22,15,9.267563292117332
22,16,3.8159284808116807
22,17,3.0572761906619736
22,18,20.995365509511725
22,19,16.008040306255587
22,20,7.947576024389391
22,21,1.8282381546897124
22,22,0.0
22,23,2.5178019099818543
22,24,12.283331533233705
22,25,19.358171152769117
22,26,30.00367137966531
22,27,16.941834362907734
22,28,12.309351603018316
22,29,22.14916450745946
22,30,14.983703484054187
22,31,16.82783460350975
22,32,16.391645245910205
22,33,13.812774562847213
23,0,8.062336442983408
23,1,7.709307349692137
23,2,8.293142792847922
23,3,4.958283383553463
23,4,4.739512378580856
23,5,1.9871145663663794
23,6,6.136845501467879
23,7,8.809436595186188
23,8,5.350383106738977
23,9,7.280996145713208
23,10,12.71843852093643
23,11,21.471658037276377
23,12,25.45862867779956
23,13,13.810550447543074
23,14,19.455785037937936
23,15,10.044014687664491
23,16,3.6618913140482032
23,17,2.1004741008798486
23,18,21.601394776552524
23,19,16.745621743665392
23,20,9.413700878468795
23,21,3.8319014890911527
23,22,2.5178019099818543
23,23,0.0
23,24,10.645562174674508
23,25,17.892259240959557
23,26,27.877309211586986
23,27,15.445852208850681
23,28,10.915610788699196
23,29,19.75974930201543
23,30,12.526547730509979
23,31,14.461830637255705
23,32,14.139590781966339
23,33,11.66765843440047
24,0,14.687304696111514
24,1,15.562610034777824
24,2,9.383635119884598
24,3,6.742006114670802
24,4,9.038441113793622
24,5,9.422632428688196
24,6,14.94310809234257
24,7,17.78098528978593
24,8,15.639697402697525
24,9,16.949216657107712
24,10,17.71850370296726
24,11,21.345004230766882
24,12,25.607839247837553
24,13,22.090547559935874
24,14,17.501000871109802
24,15,10.410389900712472
24,16,8.867745248133376
24,17,9.228328521118195
24,18,31.865650006823508
24,19,27.17857861302186
24,20,12.593551175327406
24,21,12.037327708461644
24,22,12.283331533233705
24,23,10.645562174674508
24,24,0.0
24,25,7.286405947018875
24,26,29.36507196552176
24,27,21.68860962674892
24,28,18.262543202557925
24,29,12.54936824181002
24,30,8.185028465686877
24,31,7.930563909874533
24,32,6.439152763161325
24,33,3.930424355531147
25,0,21.514096146339767
25,1,22.57145603174025
25,2,15.633831953986109
25,3,13.93648075135155
25,4,16.110876260801867
25,5,16.70803052521263
25,6,22.11411585009759
25,7,24.91024056336766
25,8,22.92555136476853
25,9,23.807010333970638
25,10,22.811881368142686
25,11,23.1600284799308
25,12,27.109219041084014
25,13,28.225816568518997
25,14,18.703469128195803
25,15,15.0123116078233
25,16,15.717147717727523
25,17,16.3401771438067
25,18,39.12874794161139
25,19,34.46339763054155
25,20,17.801869179051227
25,21,18.85623775879105
25,22,19.358171152769117
25,23,17.892259240959557
25,24,7.286405947018875
25,25,0.0
25,26,33.118211900953845
25,27,28.001327776456762
25,28,25.048132818475185
25,29,12.247643275505885
25,30,12.296450554338666
25,31,10.404771617864942
25,32,8.686667069017089
25,33,8.430262755871924
26,0,20.18070141858307
26,1,21.296451923636678
26,2,21.08014372085529
26,3,25.660615378121197
26,4,23.897664089733475
26,5,26.390617160893235
26,6,23.157608852614363
26,7,22.348052452347684
26,8,26.166086978277526
26,9,33.053106457535115
26,10,40.53695778260433
26,11,48.8181365004921
26,12,52.99303440157912
26,13,39.729850824401126
26,14,45.89209906236916
26,15,36.795525772463876
26,16,30.765457267785216
26,17,29.30243938812549
26,18,29.54135675947448
26,19,28.943846606473162
26,20,37.0683133972775
26,21,31.657288046951347
26,22,30.00367137966531
26,23,27.877309211586986
26,24,29.36507196552176
26,25,33.118211900953845
26,26,0.0
26,27,14.951727519730987
26,28,18.90567858384376
26,29,22.14243684624259
26,30,21.358184515645092
26,31,22.75379186407594
26,32,24.523198221687473
26,33,25.787997602556842
27,0,7.573362473331419
27,1,7.768567390850381
27,2,12.41222511767519
27,3,15.583997967385795
27,4,13.201493378507331
27,5,14.6743048399966
27,6,9.536199063464085
27,7,7.823438745721321
27,8,12.075473135941595
27,9,18.891666711054356
27,10,27.19597100409091
27,11,36.849636881209626
27,12,40.72599309870579
27,13,25.233022090948598
27,14,34.871995040345304
27,15,25.43035238924466
27,16,18.984300833077764
27,17,17.368443001193768
27,18,16.440958475925306
27,19,14.530093863925972
27,20,24.78294673601773
27,21,18.75786073636383
27,22,16.941834362907734
27,23,15.445852208850681
27,24,21.68860962674892
27,25,28.001327776456762
27,26,14.951727519730987
27,27,0.0
27,28,4.643755850425613
27,29,21.915135793537246
27,30,16.31825381552363
27,31,18.884042217584188
27,32,20.07655464467904
27,33,19.575782500927097
28,0,3.5757785635491297
28,1,3.208950988047834
28,2,9.569380571074543
28,3,11.748058451697704
28,4,9.334803291829619
28,5,10.34569842964396
28,6,4.903239182226671
28,7,3.4439424426047984
28,8,7.486934487210593
28,9,14.364439135388478
28,10,22.56089039579465
28,11,32.23925949627249
28,12,36.09246120179222
28,13,20.87391552116111
28,14,30.371367984551203
28,15,20.95017848138938
28,16,14.517217051989851
28,17,12.901602979390514
28,18,15.88412085399718
28,19,12.658716268534631
28,20,20.182583602280786
28,21,14.129783134676432
28,22,12.309351603018316
28,23,10.915610788699196
28,24,18.262543202557925
28,25,25.048132818475185
28,26,18.90567858384376
28,27,4.643755850425613
28,28,0.0
28,29,20.960877763374103
28,30,14.35182298195497
28,31,17.010367125463276
28,32,17.867656188266594
28,33,16.79200340697107
29,0,18.26879731563095
29,1,19.919133997986208
29,2,12.547358127557125
29,3,14.83699768173233
29,4,15.496161033184135
29,5,17.827458119328103
29,6,20.54274463631506
29,7,22.561565632628888
29,8,22.8561595573545
29,9,27.02934050334141
29,10,29.918179178480266
29,11,33.66484444410571
29,12,37.873304207224
29,13,33.241740165598095
29,14,29.552802109433213
29,15,22.928930015484163
29,16,19.88740427612641
29,17,19.434404936289628
29,18,36.813446838959706
29,19,33.104738736913426
29,20,24.89448206437542
29,21,22.705155673153993
29,22,22.14916450745946
29,23,19.75974930201543
29,24,12.54936824181002
29,25,12.247643275505885
29,26,22.14243684624259
29,27,21.915135793537246
29,28,20.960877763374103
29,29,0.0
29,30,7.3955283160629905
29,31,5.334947682332822
29,32,6.221769673203938
29,33,9.015219300766244
30,0,11.274921781857282
30,1,12.82533328681186
30,2,5.233295930816202
30,3,7.734316974833763
30,4,8.116500473062128
30,5,10.55774456388733
30,6,13.259705296823462
30,7,15.468680787251564
30,8,15.470152957013013
30,9,19.804879452903492
30,10,23.6367206996022
30,11,29.139026545592703
30,12,33.42151519623176
30,13,26.22631104107738
30,14,25.531733993424762
30,15,17.465275424641124
30,16,13.198821991120852
30,17,12.474706808751195
30,18,29.94294463231058
30,19,25.978179758668958
30,20,18.879552456771915
30,21,15.741255665754549
30,22,14.983703484054187
30,23,12.526547730509979
30,24,8.185028465686877
30,25,12.296450554338666
30,26,21.358184515645092
30,27,16.31825381552363
30,28,14.35182298195497
30,29,7.3955283160629905
30,30,0.0
30,31,2.6585940777206853
30,32,3.7947036971907346
30,33,4.434136669335561
31,0,13.913109619176112
31,1,15.438369911529257
31,2,7.795570211071663
31,3,9.520153125503356
31,4,10.3560191406527
31,5,12.552507916685267
31,6,15.787445649180476
31,7,18.075077300421427
31,8,17.848159245835006
31,9,21.717097193516494
31,10,24.74072088202527
31,11,29.27275501098105
31,12,33.537879086818364
31,13,27.907911069230142
31,14,25.405720881701978
31,15,18.026593571827437
31,16,14.579550341411066
31,17,14.099607140062679
31,18,32.576589916955726
31,19,28.556783572659814
31,20,19.79017861891388
31,21,17.37117349157412
31,22,16.82783460350975
31,23,14.461830637255705
31,24,7.930563909874533
31,25,10.404771617864942
31,26,22.75379186407594
31,27,18.884042217584188
31,28,17.010367125463276
31,29,5.334947682332822
31,30,2.6585940777206853
31,31,0.0
31,32,1.7884203006902153
31,33,4.046747697049163
32,0,14.60256766495392
32,1,16.02449158178194
32,2,8.384614935795572
32,3,9.193867301236565
32,4,10.42591206713967
32,5,12.320582250854732
32,6,16.169691152155142
32,7,18.623228146196716
32,8,17.970641779414713
32,9,21.296129908570187
32,10,23.705407131258877
32,11,27.755239522161418
32,12,32.00596304504209
32,13,27.256366379140825
32,14,23.808898172765794
32,15,16.739658885990494
32,16,13.816273917883601
32,17,13.523763877721857
32,18,33.17533311424655
32,19,28.98706972437423
32,20,18.672922776633683
32,21,16.75308739129889
32,22,16.391645245910205
32,23,14.139590781966339
32,24,6.439152763161325
32,25,8.686667069017089
32,26,24.523198221687473
32,27,20.07655464467904
32,28,17.867656188266594
32,29,6.221769673203938
32,30,3.7947036971907346
32,31,1.7884203006902153
32,32,0.0
32,33,2.8007419460567244
33,0,13.331473830040997
33,1,14.564915610964462
33,2,7.260486699900165
33,3,6.819188421114771
33,4,8.445271842833588
33,5,9.956474526242145
33,6,14.42571046172071
33,7,17.063313145169438
33,8,15.88536919381148
33,9,18.70346147917945
33,10,20.905798074125975
33,11,25.242303343191136
33,12,29.512322683564538
33,13,24.528398297335045
33,14,21.431147866924594
33,15,14.009630331540126
33,16,11.070423167071969
33,17,10.873900417159076
33,18,31.564671306269066
33,19,27.17583848868594
33,20,15.88199961478127
33,21,14.062125929704933
33,22,13.812774562847213
33,23,11.66765843440047
33,24,3.930424355531147
33,25,8.430262755871924
33,26,25.787997602556842
33,27,19.575782500927097
33,28,16.79200340697107
33,29,9.015219300766244
33,30,4.434136669335561
33,31,4.046747697049163
33,32,2.8007419460567244
33,33,0.0
