source_id,target_id,rtt
0,0,0.0
0,1,6.217680959299596
0,2,8.836309966210319
0,3,2.8036139047061073
0,4,22.471184245056257
0,5,2.915915210686138
0,6,9.248454850874596
0,7,17.755956750498715
0,8,4.449950151553539
0,9,1.9871145663663794
0,10,10.830943614511062
0,11,10.688484170735228
0,12,5.63785173180652
0,13,4.497472059663766
0,14,26.701577624548673
0,15,22.61782775740932
0,16,14.412817201216717
0,17,7.185946175800954
0,18,5.975544642430295
0,19,14.6743048399966
0,20,10.34569842964396
0,21,10.55774456388733
0,22,12.320582250854732
0,23,9.956474526242145
0,24,9.422632428688196
0,25,3.1427672903106574
0,26,7.112675196698164
1,0,6.217680959299596
1,1,0.0
1,2,4.358034199457501
1,3,7.545383006235961
1,4,16.304242200396487
1,5,7.379570897938425
1,6,6.90647794991235
1,7,11.540159036960867
1,8,8.78339342576488
1,9,5.350383106738977
1,10,14.750158406524465
1,11,13.379058587776852
1,12,7.274798665263728
1,13,5.501369510875513
1,14,28.92897082330416
1,15,25.243851998519645
1,16,15.16588638521197
1,17,4.9026291583634345
1,18,3.1236084652087874
1,19,12.075473135941595
1,20,7.486934487210593
1,21,15.470152957013013
1,22,17.970641779414713
1,23,15.88536919381148
1,24,15.639697402697525
1,25,9.16173028538663
1,26,6.318371693144109
2,0,8.836309966210319
2,1,4.358034199457501
2,2,0.0
2,3,8.799902437912934
2,4,14.553493845961423
2,5,10.904269125980754
2,6,11.072123671600016
2,7,10.543555926591111
2,8,12.464913144856299
2,9,8.809436595186188
2,10,18.73914421242247
2,11,17.60748506283415
2,12,11.481552818245236
2,13,9.661685329033542
2,14,33.276325174172996
2,15,29.55517589278609
2,16,19.51733876153746
2,17,2.6478769313610604
2,18,2.8768872383202555
2,19,7.823438745721321
2,20,3.4439424426047984
2,21,15.468680787251564
2,22,18.623228146196716
2,23,17.063313145169438
2,24,17.78098528978593
2,25,11.04048353420644
2,26,4.312873519229884
3,0,2.8036139047061073
3,1,7.545383006235961
3,2,8.799902437912934
3,3,0.0
3,4,23.170250956079187
3,5,5.536472516944386
3,6,11.861517780768839
3,7,18.730945225127513
3,8,6.894117637768045
3,9,4.739512378580856
3,10,12.97092821109606
3,11,13.212088832092293
3,12,8.438855539755595
3,13,7.254514445287645
3,14,29.09856098398189
3,15,24.944529069836353
3,16,17.161571693221116
3,17,6.524895418821913
3,18,6.037320611986843
3,19,13.201493378507331
3,20,9.334803291829619
3,21,8.116500473062128
3,22,10.42591206713967
3,23,8.445271842833588
3,24,9.038441113793622
3,25,2.415909893658943
3,26,5.784052562528218
4,0,22.471184245056257
4,1,16.304242200396487
4,2,14.553493845961423
4,3,23.170250956079187
4,4,0.0
4,5,23.525602561082792
4,6,18.649872798568783
4,7,5.03223325648168
4,8,24.737941334301162
4,9,21.601394776552524
4,10,29.8059204195514
4,11,27.59088363270022
4,12,22.35247563681425
4,13,20.995365509511725
4,14,40.396523176724834
4,15,37.706810159002764
4,16,26.794549532561433
4,17,17.15766951477097
4,18,17.14394809125654
4,19,16.440958475925306
4,20,15.88412085399718
4,21,29.94294463231058
4,22,33.17533311424655
4,23,31.564671306269066
4,24,31.865650006823508
4,25,25.206866786060097
4,26,18.668238227473886
5,0,2.915915210686138
5,1,7.379570897938425
5,2,10.904269125980754
5,3,5.536472516944386
5,4,23.525602561082792
5,5,0.0
5,6,7.856199050818838
5,7,18.614316049579426
5,8,1.617076295831425
5,9,2.1004741008798486
5,10,8.062283925856303
5,11,7.772587290475848
5,12,3.2776611484509144
5,13,3.0572761906619736
5,14,23.792110578016917
5,15,19.724576313103164
5,16,11.649268741063567
5,17,9.69385666311981
5,18,8.197114248005072
5,19,17.368443001193768
5,20,12.901602979390514
5,21,12.474706808751195
5,22,13.523763877721857
5,23,10.873900417159076
5,24,9.228328521118195
5,25,4.756015770197921
5,26,9.874374618560704
6,0,9.248454850874596
6,1,6.90647794991235
6,2,11.072123671600016
6,3,11.861517780768839
6,4,18.649872798568783
6,5,7.856199050818838
6,6,0.0
6,7,13.654889511767216
6,8,8.112478143717933
6,9,7.280996145713208
6,10,11.408794503139438
6,11,8.97047365112268
6,12,4.951718098408937
6,13,4.9049208667122395
6,14,22.91086724700155
6,15,19.616192487868865
6,16,8.86566852918158
6,17,11.75779570611175
6,18,9.905667389968086
6,19,18.891666711054356
6,20,14.364439135388478
6,21,19.804879452903492
6,22,21.296129908570187
6,23,18.70346147917945
6,24,16.949216657107712
6,25,12.196944421225224
6,26,12.998117687809406
7,0,17.755956750498715
7,1,11.540159036960867
7,2,10.543555926591111
7,3,18.730945225127513
7,4,5.03223325648168
7,5,18.614316049579426
7,6,13.654889511767216
7,7,0.0
7,8,19.776289425082467
7,9,16.745621743665392
7,10,24.77368913952362
7,11,22.574313027466637
7,12,17.331621219524024
7,13,16.008040306255587
7,14,35.75758497237616
7,15,32.904815074777126
7,16,21.974496211359494
7,17,13.188761177976952
7,18,12.817475186962339
7,19,14.530093863925972
7,20,12.658716268534631
7,21,25.978179758668958
7,22,28.98706972437423
7,23,27.17583848868594
7,24,27.17857861302186
7,25,20.621586690785428
7,26,14.84184303347538
8,0,4.449950151553539
8,1,8.78339342576488
8,2,12.464913144856299
8,3,6.894117637768045
8,4,24.737941334301162
8,5,1.617076295831425
8,6,8.112478143717933
8,7,19.776289425082467
8,8,0.0
8,9,3.6618913140482032
8,10,6.446054025526318
8,11,6.317980200779444
8,12,3.1728111501206593
8,13,3.8159284808116807
8,14,22.268204829417186
8,15,18.16965292310187
8,16,10.538463707314143
8,17,11.30898581523716
8,18,9.792289124213623
8,19,18.984300833077764
8,20,14.517217051989851
8,21,13.198821991120852
8,22,13.816273917883601
8,23,11.070423167071969
8,24,8.867745248133376
8,25,5.676469608508814
8,26,11.480655978491761
9,0,1.9871145663663794
9,1,5.350383106738977
9,2,8.809436595186188
9,3,4.739512378580856
9,4,21.601394776552524
9,5,2.1004741008798486
9,6,7.280996145713208
9,7,16.745621743665392
9,8,3.6618913140482032
9,9,0.0
9,10,10.044014687664491
9,11,9.413700878468795
9,12,3.8319014890911527
9,13,2.5178019099818543
9,14,25.45862867779956
9,15,21.471658037276377
9,16,12.71843852093643
9,17,7.709307349692137
9,18,6.136845501467879
9,19,15.445852208850681
9,20,10.915610788699196
9,21,12.526547730509979
9,22,14.139590781966339
9,23,11.66765843440047
9,24,10.645562174674508
9,25,4.958283383553463
9,26,8.062336442983408
10,0,10.830943614511062
10,1,14.750158406524465
10,2,18.73914421242247
10,3,12.97092821109606
10,4,29.8059204195514
10,5,8.062283925856303
10,6,11.408794503139438
10,7,24.77368913952362
10,8,6.446054025526318
10,9,10.044014687664491
10,10,0.0
10,11,2.9623209848108534
10,12,7.605696692424728
10,13,9.267563292117332
10,14,16.261155518909252
10,15,12.035968981200734
10,16,7.799862605967957
10,17,17.74127675153043
10,18,16.170160569198085
10,19,25.43035238924466
10,20,20.95017848138938
10,21,17.465275424641124
10,22,16.739658885990494
10,23,14.009630331540126
10,24,10.410389900712472
10,25,11.15111860972224
10,26,17.916215847720498
11,0,10.688484170735228
11,1,13.379058587776852
11,2,17.60748506283415
11,3,13.212088832092293
11,4,27.59088363270022
11,5,7.772587290475848
11,6,8.97047365112268
11,7,22.574313027466637
11,8,6.317980200779444
11,9,9.413700878468795
11,10,2.9623209848108534
11,11,0.0
11,12,6.126153793523943
11,13,7.947576024389391
11,14,16.05096576152344
11,15,12.070924547719171
11,16,5.139954679707389
11,17,17.014405536522425
11,18,15.289428394128024
11,19,24.78294673601773
11,20,20.182583602280786
11,21,18.879552456771915
11,22,18.672922776633683
11,23,15.88199961478127
11,24,12.593551175327406
11,25,11.823593511231323
11,26,17.47585962002421
12,0,5.63785173180652
12,1,7.274798665263728
12,2,11.481552818245236
12,3,8.438855539755595
12,4,22.35247563681425
12,5,3.2776611484509144
12,6,4.951718098408937
12,7,17.331621219524024
12,8,3.1728111501206593
12,9,3.8319014890911527
12,10,7.605696692424728
12,11,6.126153793523943
12,12,0.0
12,13,1.8282381546897124
12,14,21.96933894196245
12,15,18.122681229052308
12,16,8.896560874003967
12,17,11.005804482371378
12,18,9.226545251968256
12,19,18.75786073636383
12,20,14.129783134676432
12,21,15.741255665754549
12,22,16.75308739129889
12,23,14.062125929704933
12,24,12.037327708461644
12,25,8.009941409649866
12,26,11.651339329282132
13,0,4.497472059663766
13,1,5.501369510875513
13,2,9.661685329033542
13,3,7.254514445287645
13,4,20.995365509511725
13,5,3.0572761906619736
13,6,4.9049208667122395
13,7,16.008040306255587
13,8,3.8159284808116807
13,9,2.5178019099818543
13,10,9.267563292117332
13,11,7.947576024389391
13,12,1.8282381546897124
13,13,0.0
13,14,23.784316164063107
13,15,19.95020502806904
13,16,10.538695456085904
13,17,9.200687117054336
13,18,7.406849004775967
13,19,16.941834362907734
13,20,12.309351603018316
13,21,14.983703484054187
13,22,16.391645245910205
13,23,13.812774562847213
13,24,12.283331533233705
13,25,7.312451108577702
13,26,9.91242962653297
14,0,26.701577624548673
14,1,28.92897082330416
14,2,33.276325174172996
14,3,29.09856098398189
14,4,40.396523176724834
14,5,23.792110578016917
14,6,22.91086724700155
14,7,35.75758497237616
14,8,22.268204829417186
14,9,25.45862867779956
14,10,16.261155518909252
14,11,16.05096576152344
14,12,21.96933894196245
14,13,23.784316164063107
14,14,0.0
14,15,4.282494499725507
14,16,14.047889339864785
14,17,32.97359357931259
14,18,31.190976923291807
14,19,40.72599309870579
14,20,36.09246120179222
14,21,33.42151519623176
14,22,32.00596304504209
14,23,29.512322683564538
14,24,25.607839247837553
14,25,27.40106184825164
14,26,33.51653022435873
15,0,22.61782775740932
15,1,25.243851998519645
15,2,29.55517589278609
15,3,24.944529069836353
15,4,37.706810159002764
15,5,19.724576313103164
15,6,19.616192487868865
15,7,32.904815074777126
15,8,18.16965292310187
15,9,21.471658037276377
15,10,12.035968981200734
15,11,12.070924547719171
15,12,18.122681229052308
15,13,19.95020502806904
15,14,4.282494499725507
15,15,0.0
15,16,10.9304827014788
15,17,29.081443139089
15,18,27.339022033915455
15,19,36.849636881209626
15,20,32.23925949627249
15,21,29.139026545592703
15,22,27.755239522161418
15,23,25.242303343191136
15,24,21.345004230766882
15,25,23.186924166799983
15,26,29.53120038130637
16,0,14.412817201216717
16,1,15.16588638521197
16,2,19.51733876153746
16,3,17.161571693221116
16,4,26.794549532561433
16,5,11.649268741063567
16,6,8.86566852918158
16,7,21.974496211359494
16,8,10.538463707314143
16,9,12.71843852093643
16,10,7.799862605967957
16,11,5.139954679707389
16,12,8.896560874003967
16,13,10.538695456085904
16,14,14.047889339864785
16,15,10.9304827014788
16,16,0.0
16,17,19.59511216388394
16,18,17.738661547911754
16,19,27.19597100409091
16,20,22.56089039579465
16,21,23.6367206996022
16,22,23.705407131258877
16,23,20.905798074125975
16,24,17.71850370296726
16,25,16.21382191550735
16,26,20.4367439429243
17,0,7.185946175800954
17,1,4.9026291583634345
17,2,2.6478769313610604
17,3,6.524895418821913
17,4,17.15766951477097
17,5,9.69385666311981
17,6,11.75779570611175
17,7,13.188761177976952
17,8,11.30898581523716
17,9,7.709307349692137
17,10,17.74127675153043
17,11,17.014405536522425
17,12,11.005804482371378
17,13,9.200687117054336
17,14,32.97359357931259
17,15,29.081443139089
17,16,19.59511216388394
17,17,0.0
17,18,1.8748257827408155
17,19,7.768567390850381
17,20,3.208950988047834
17,21,12.82533328681186
17,22,16.02449158178194
17,23,14.564915610964462
17,24,15.562610034777824
17,25,8.884895543389652
17,26,1.7379584160769277
18,0,5.975544642430295
18,1,3.1236084652087874
18,2,2.8768872383202555
18,3,6.037320611986843
18,4,17.14394809125654
18,5,8.197114248005072
18,6,9.905667389968086
18,7,12.817475186962339
18,8,9.792289124213623
18,9,6.136845501467879
18,10,16.170160569198085
18,11,15.289428394128024
18,12,9.226545251968256
18,13,7.406849004775967
18,14,31.190976923291807
18,15,27.339022033915455
18,16,17.738661547911754
18,17,1.8748257827408155
18,18,0.0
18,19,9.536199063464085
18,20,4.903239182226671
18,21,13.259705296823462
18,22,16.169691152155142
18,23,14.42571046172071
18,24,14.94310809234257
18,25,8.20206237308836
18,26,3.197568274134839
19,0,14.6743048399966
19,1,12.075473135941595
19,2,7.823438745721321
19,3,13.201493378507331
19,4,16.440958475925306
19,5,17.368443001193768
19,6,18.891666711054356
19,7,14.530093863925972
19,8,18.984300833077764
19,9,15.445852208850681
19,10,25.43035238924466
19,11,24.78294673601773
19,12,18.75786073636383
19,13,16.941834362907734
19,14,40.72599309870579
19,15,36.849636881209626
19,16,27.19597100409091
19,17,7.768567390850381
19,18,9.536199063464085
19,19,0.0
19,20,4.643755850425613
19,21,16.31825381552363
19,22,20.07655464467904
19,23,19.575782500927097
19,24,21.68860962674892
19,25,15.583997967385795
19,26,7.573362473331419
20,0,10.34569842964396
20,1,7.486934487210593
20,2,3.4439424426047984
20,3,9.334803291829619
20,4,15.88412085399718
20,5,12.901602979390514
20,6,14.364439135388478
20,7,12.658716268534631
20,8,14.517217051989851
20,9,10.915610788699196
20,10,20.95017848138938
20,11,20.182583602280786
20,12,14.129783134676432
20,13,12.309351603018316
20,14,36.09246120179222
20,15,32.23925949627249
20,16,22.56089039579465
20,17,3.208950988047834
20,18,4.903239182226671
20,19,4.643755850425613
20,20,0.0
20,21,14.35182298195497
20,22,17.867656188266594
20,23,16.79200340697107
20,24,18.262543202557925
20,25,11.748058451697704
20,26,3.5757785635491297
21,0,10.55774456388733
21,1,15.470152957013013
21,2,15.468680787251564
21,3,8.116500473062128
21,4,29.94294463231058
21,5,12.474706808751195
21,6,19.804879452903492
21,7,25.978179758668958
21,8,13.198821991120852
21,9,12.526547730509979
21,10,17.465275424641124
21,11,18.879552456771915
21,12,15.741255665754549
21,13,14.983703484054187
21,14,33.42151519623176
21,15,29.139026545592703
21,16,23.6367206996022
21,17,12.82533328681186
21,18,13.259705296823462
21,19,16.31825381552363
21,20,14.35182298195497
21,21,0.0
21,22,3.7947036971907346
21,23,4.434136669335561
21,24,8.185028465686877
21,25,7.734316974833763
21,26,11.274921781857282
22,0,12.320582250854732
22,1,17.970641779414713
22,2,18.623228146196716
22,3,10.42591206713967
22,4,33.17533311424655
22,5,13.523763877721857
22,6,21.296129908570187
22,7,28.98706972437423
22,8,13.816273917883601
22,9,14.139590781966339
22,10,16.739658885990494
22,11,18.672922776633683
22,12,16.75308739129889
22,13,16.391645245910205
22,14,32.00596304504209
22,15,27.755239522161418
22,16,23.705407131258877
22,17,16.02449158178194
22,18,16.169691152155142
22,19,20.07655464467904
22,20,17.867656188266594
22,21,3.7947036971907346
22,22,0.0
22,23,2.8007419460567244
22,24,6.439152763161325
22,25,9.193867301236565
22,26,14.60256766495392
23,0,9.956474526242145
23,1,15.88536919381148
23,2,17.063313145169438
23,3,8.445271842833588
23,4,31.564671306269066
23,5,10.873900417159076
23,6,18.70346147917945
23,7,27.17583848868594
23,8,11.070423167071969
23,9,11.66765843440047
23,10,14.009630331540126
23,11,15.88199961478127
23,12,14.062125929704933
23,13,13.812774562847213
23,14,29.512322683564538
23,15,25.242303343191136
23,16,20.905798074125975
23,17,14.564915610964462
23,18,14.42571046172071
23,19,19.575782500927097
23,20,16.79200340697107
23,21,4.434136669335561
23,22,2.8007419460567244
23,23,0.0
23,24,3.930424355531147
23,25,6.819188421114771
23,26,13.331473830040997
24,0,9.422632428688196
24,1,15.639697402697525
24,2,17.78098528978593
24,3,9.038441113793622
24,4,31.865650006823508
24,5,9.228328521118195
24,6,16.949216657107712
24,7,27.17857861302186
24,8,8.867745248133376
24,9,10.645562174674508
24,10,10.410389900712472
24,11,12.593551175327406
24,12,12.037327708461644
24,13,12.283331533233705
24,14,25.607839247837553
24,15,21.345004230766882
24,16,17.71850370296726
24,17,15.562610034777824
24,18,14.94310809234257
24,19,21.68860962674892
24,20,18.262543202557925
24,21,8.185028465686877
24,22,6.439152763161325
24,23,3.930424355531147
24,24,0.0
24,25,6.742006114670802
24,26,14.687304696111514
25,0,3.1427672903106574
25,1,9.16173028538663
25,2,11.04048353420644
25,3,2.415909893658943
25,4,25.206866786060097
25,5,4.756015770197921
25,6,12.196944421225224
25,7,20.621586690785428
25,8,5.676469608508814
25,9,4.958283383553463
25,10,11.15111860972224
25,11,11.823593511231323
25,12,8.009941409649866
25,13,7.312451108577702
25,14,27.40106184825164
25,15,23.186924166799983
25,16,16.21382191550735
25,17,8.884895543389652
25,18,8.20206237308836
25,19,15.583997967385795
25,20,11.748058451697704
25,21,7.734316974833763
25,22,9.193867301236565
25,23,6.819188421114771
25,24,6.742006114670802
25,25,0.0
25,26,8.199940628362274
26,0,7.112675196698164
26,1,6.318371693144109
26,2,4.312873519229884
26,3,5.784052562528218
26,4,18.668238227473886
26,5,9.874374618560704
26,6,12.998117687809406
26,7,14.84184303347538
26,8,11.480655978491761
26,9,8.062336442983408
26,10,17.916215847720498
26,11,17.47585962002421
26,12,11.651339329282132
26,13,9.91242962653297
26,14,33.51653022435873
26,15,29.53120038130637
26,16,20.4367439429243
26,17,1.7379584160769277
26,18,3.197568274134839
26,19,7.573362473331419
26,20,3.5757785635491297
26,21,11.274921781857282
26,22,14.60256766495392
26,23,13.331473830040997
26,24,14.687304696111514
26,25,8.199940628362274
26,26,0.0
