source_id,target_id,rtt
0,0,0.0
0,1,1.1106570523150523
0,2,0.3192542765206988
0,3,0.3192542765206988
0,4,0.5477895500214593
0,5,0.9837087910935856
0,6,1.1156239144505757
0,7,63.863702663756314
0,8,2.2206750455484245
0,10,2.429496664694472
0,11,2.8081560491391833
0,14,1.5428706222593225
1,0,1.1106570523150523
1,1,0.0
1,2,1.4299113288357512
1,3,1.4299113288357512
1,4,0.562867502293593
1,5,0.9987867433657192
1,6,2.226280966765628
1,7,64.97435971607138
1,8,3.331332097863476
1,10,3.540153717009524
1,11,3.9188131014542353
1,14,2.6535276745743746
2,0,0.3192542765206988
2,1,1.4299113288357512
2,2,0.0
2,3,0.0
2,4,0.8670438265421582
2,5,1.3029630676142843
2,6,0.7963696379298769
2,7,63.54444838723561
2,8,1.9014207690277254
2,10,2.110242388173773
2,11,2.488901772618484
2,14,1.2236163457386235
3,0,0.3192542765206988
3,1,1.4299113288357512
3,2,0.0
3,3,0.0
3,4,0.8670438265421582
3,5,1.3029630676142843
3,6,0.7963696379298769
3,7,63.54444838723561
3,8,1.9014207690277254
3,10,2.110242388173773
3,11,2.488901772618484
3,14,1.2236163457386235
4,0,0.5477895500214593
4,1,0.562867502293593
4,2,0.8670438265421582
4,3,0.8670438265421582
4,4,0.0
4,5,0.43591924107212615
4,6,1.663413464472035
4,7,64.41149221377778
4,8,2.768464595569884
4,10,2.977286214715931
4,11,3.3559455991606426
4,14,2.090660172280782
5,0,0.9837087910935856
5,1,0.9987867433657192
5,2,1.3029630676142843
5,3,1.3029630676142843
5,4,0.43591924107212615
5,5,0.0
5,6,2.0993327055441613
5,7,64.8474114548499
5,8,3.20438383664201
5,10,3.413205455788057
5,11,3.7918648402327686
5,14,2.526579413352908
6,0,1.1156239144505757
6,1,2.226280966765628
6,2,0.7963696379298769
6,3,0.7963696379298769
6,4,1.663413464472035
6,5,2.0993327055441613
6,6,0.0
6,7,64.34081802516549
6,8,1.1050511310978486
6,10,1.313872750243896
6,11,1.6925321346886073
6,14,0.42724670780874663
7,0,63.863702663756314
7,1,64.97435971607138
7,2,63.54444838723561
7,3,63.54444838723561
7,4,64.41149221377778
7,5,64.8474114548499
7,6,64.34081802516549
7,7,0.0
7,8,64.86923520677729
7,10,64.66041358763124
7,11,65.45671621036804
7,14,64.76806473297424
8,0,2.2206750455484245
8,1,3.331332097863476
8,2,1.9014207690277254
8,3,1.9014207690277254
8,4,2.768464595569884
8,5,3.20438383664201
8,6,1.1050511310978486
8,7,64.86923520677729
8,8,0.0
8,10,0.20882161914604758
8,11,0.587481003590759
8,14,0.6778044232891018
10,0,2.429496664694472
10,1,3.540153717009524
10,2,2.110242388173773
10,3,2.110242388173773
10,4,2.977286214715931
10,5,3.413205455788057
10,6,1.313872750243896
10,7,64.66041358763124
10,8,0.20882161914604758
10,10,0.0
10,11,0.7963026227368066
10,14,0.8866260424351494
11,0,2.8081560491391833
11,1,3.9188131014542353
11,2,2.488901772618484
11,3,2.488901772618484
11,4,3.3559455991606426
11,5,3.7918648402327686
11,6,1.6925321346886073
11,7,65.45671621036804
11,8,0.587481003590759
11,10,0.7963026227368066
11,11,0.0
11,14,1.2652854268798608
14,0,1.5428706222593225
14,1,2.6535276745743746
14,2,1.2236163457386235
14,3,1.2236163457386235
14,4,2.090660172280782
14,5,2.526579413352908
14,6,0.42724670780874663
14,7,64.76806473297424
14,8,0.6778044232891018
14,10,0.8866260424351494
14,11,1.2652854268798608
14,14,0.0
