source_id,target_id,rtt
0,0,0.0
0,1,1.0676876209017625
0,2,0.5246490131523088
0,3,1.0923615394420336
0,4,6.296304970512577
0,5,5.392932610624768
0,6,4.3477847157384915
0,7,4.671732231607823
0,8,3.9222058828221984
0,9,4.263825717446776
0,10,4.749899101756371
0,11,51.48747159608283
0,12,51.48747159608283
0,13,51.48747159608283
0,14,5.448305354824406
0,15,5.904202623366757
0,16,6.516196375474482
0,17,6.230062307888238
0,18,5.832871260993885
0,19,3.235879028872319
0,20,2.68694380759018
0,21,7.556468359711323
0,22,5.537089136373838
0,23,4.057153232890745
0,24,4.448792293990493
0,25,4.855741224359218
0,26,3.421918458864362
0,27,7.198633500569741
0,28,3.813296576775723
0,29,2.4394198666930507
0,30,1.727706030660877
0,31,2.5055096041821914
0,32,3.237009297258895
0,33,3.9167407672309134
0,34,3.4538684904600974
0,35,3.884606604199025
0,36,4.390211099845932
1,0,1.0676876209017625
1,1,0.0
1,2,0.5430386077494537
1,3,1.1107511340391785
1,4,6.314694565109722
1,5,5.4113222052219125
1,6,4.366174310335636
1,7,4.690121826204968
1,8,3.9405954774193432
1,9,4.282215312043922
1,10,4.768288696353517
1,11,51.505861190679965
1,12,51.505861190679965
1,13,51.505861190679965
1,14,5.466694949421551
1,15,5.922592217963901
1,16,6.5345859700716264
1,17,6.2484519024853835
1,18,5.851260855591031
1,19,3.2542686234694638
1,20,2.7053334021873248
1,21,7.574857954308467
1,22,5.555478730970982
1,23,4.07554282748789
1,24,4.467181888587639
1,25,4.874130818956364
1,26,3.4403080534615067
1,27,7.217023095166886
1,28,3.831686171372868
1,29,2.4578094612901955
1,30,1.7460956252580218
1,31,2.523899198779336
1,32,3.2553988918560397
1,33,3.935130361828058
1,34,3.472258085057242
1,35,3.9029961987961697
1,36,4.408600694443077
2,0,0.5246490131523088
2,1,0.5430386077494537
2,2,0.0
2,3,0.5677125262897249
2,4,5.771655957360268
2,5,4.868283597472459
2,6,3.8231357025861827
2,7,4.147083218455514
2,8,3.3975568696698897
2,9,3.739176704294468
2,10,4.225250088604063
2,11,50.962822582930514
2,12,50.962822582930514
2,13,50.962822582930514
2,14,4.923656341672097
2,15,5.3795536102144474
2,16,5.991547362322173
2,17,5.70541329473593
2,18,5.308222247841576
2,19,2.71123001572001
2,20,2.162294794437871
2,21,7.031819346559013
2,22,5.012440123221529
2,23,3.532504219738436
2,24,3.924143280838185
2,25,4.33109221120691
2,26,2.897269445712053
2,27,6.6739844874174326
2,28,3.2886475636234143
2,29,1.9147708535407422
2,30,1.2030570175085682
2,31,1.9808605910298824
2,32,2.712360284106586
2,33,3.3920917540786046
2,34,2.9292194773077886
2,35,3.359957591046716
2,36,3.8655620866936236
3,0,1.0923615394420336
3,1,1.1107511340391785
3,2,0.5677125262897249
3,3,0.0
3,4,6.339368483649993
3,5,5.435996123762184
3,6,4.390848228875908
3,7,4.714795744745239
3,8,3.9652693959596146
3,9,4.3068892305841935
3,10,4.7929626148937885
3,11,51.53053510922024
3,12,51.53053510922024
3,13,51.53053510922024
3,14,5.491368867961822
3,15,5.947266136504172
3,16,6.559259888611898
3,17,6.273125821025655
3,18,5.875934774131302
3,19,3.278942542009735
3,20,2.730007320727596
3,21,7.599531872848738
3,22,5.580152649511254
3,23,4.1002167460281616
3,24,4.49185580712791
3,25,4.8988047374966355
3,26,3.464981972001778
3,27,7.2416970137071575
3,28,3.856360089913139
3,29,2.482483379830467
3,30,1.770769543798293
3,31,2.5485731173196076
3,32,3.280072810396311
3,33,3.9598042803683295
3,34,3.4969320035975135
3,35,3.927670117336441
3,36,4.4332746129833485
4,0,6.296304970512577
4,1,6.314694565109722
4,2,5.771655957360268
4,3,6.339368483649993
4,4,0.0
4,5,0.9033723598878094
4,6,7.666031105471097
4,7,7.989978621340429
4,8,2.3740990876903787
4,9,2.715718922314957
4,10,5.67231645708859
4,11,52.40988895141504
4,12,52.40988895141504
4,13,52.40988895141504
4,14,5.780594208781896
4,15,4.736348432772517
4,16,5.3483421848802415
4,17,7.152479663220456
4,18,6.755288616326103
4,19,4.158296384204536
4,20,3.609361162922397
4,21,6.008361564579502
4,22,3.9889823412420182
4,23,4.979570588222963
4,24,5.3712096493227115
4,25,5.7781585796914365
4,26,4.3443358141965795
4,27,0.902328530057164
4,28,7.131542966508328
4,29,7.3589384507588465
4,30,6.647224614726673
4,31,7.425028188247987
4,32,8.15652788132469
4,33,6.957975857526663
4,34,6.495103580755847
4,35,6.925841694494775
4,36,7.431446190141682
5,0,5.392932610624768
5,1,5.4113222052219125
5,2,4.868283597472459
5,3,5.435996123762184
5,4,0.9033723598878094
5,5,0.0
5,6,6.762658745583288
5,7,7.086606261452619
5,8,1.4707267278025695
5,9,1.8123465624271478
5,10,4.76894409720078
5,11,51.50651659152723
5,12,51.50651659152723
5,13,51.50651659152723
5,14,4.877221848894086
5,15,3.8329760728847075
5,16,4.444969824992432
5,17,6.2491073033326465
5,18,5.851916256438294
5,19,3.254924024316727
5,20,2.7059888030345878
5,21,5.104989204691693
5,22,3.085609981354209
5,23,4.076198228335153
5,24,4.467837289434902
5,25,4.874786219803627
5,26,3.4409634543087697
5,27,1.8057008899449734
5,28,6.228170606620519
5,29,6.455566090871037
5,30,5.743852254838863
5,31,6.521655828360178
5,32,7.253155521436882
5,33,6.054603497638854
5,34,5.591731220868038
5,35,6.022469334606965
5,36,6.528073830253873
6,0,4.3477847157384915
6,1,4.366174310335636
6,2,3.8231357025861827
6,3,4.390848228875908
6,4,7.666031105471097
6,5,6.762658745583288
6,6,0.0
6,7,0.3239475158693317
6,8,5.291932017780717
6,9,5.633551852405296
6,10,2.5959282639142627
6,11,52.857197731041346
6,12,52.857197731041346
6,13,52.857197731041346
6,14,6.818031489782925
6,15,7.273928758325276
6,16,7.8859225104330015
6,17,4.07609147004613
6,18,3.678900423151776
6,19,4.605605163830838
6,20,4.056669942548699
6,21,8.92619449466984
6,22,6.906815271332357
6,23,5.426879367849264
6,24,2.294821456148385
6,25,2.7017703865171097
6,26,4.791644593822881
6,27,8.568359635528259
6,28,0.5344881389627686
6,29,3.3317925211097883
6,30,2.6200786850776145
6,31,3.397882258598929
6,32,4.129381951675633
6,33,4.809113421647651
6,34,4.346241144876835
6,35,4.7769792586157624
6,36,5.28258375426267
7,0,4.671732231607823
7,1,4.690121826204968
7,2,4.147083218455514
7,3,4.714795744745239
7,4,7.989978621340429
7,5,7.086606261452619
7,6,0.3239475158693317
7,7,0.0
7,8,5.615879533650049
7,9,5.957499368274628
7,10,2.9198757797835944
7,11,53.181145246910674
7,12,53.181145246910674
7,13,53.181145246910674
7,14,7.1419790056522565
7,15,7.597876274194608
7,16,8.209870026302333
7,17,4.400038985915462
7,18,4.002847939021108
7,19,4.92955267970017
7,20,4.380617458418031
7,21,9.250142010539172
7,22,7.230762787201689
7,23,5.750826883718596
7,24,2.6187689720177167
7,25,3.0257179023864413
7,26,5.115592109692213
7,27,8.89230715139759
7,28,0.8584356548321003
7,29,3.65574003697912
7,30,2.9440262009469462
7,31,3.7218297744682607
7,32,4.453329467544965
7,33,5.133060937516983
7,34,4.670188660746167
7,35,5.100926774485094
7,36,5.606531270132002
8,0,3.9222058828221984
8,1,3.9405954774193432
8,2,3.3975568696698897
8,3,3.9652693959596146
8,4,2.3740990876903787
8,5,1.4707267278025695
8,6,5.291932017780717
8,7,5.615879533650049
8,8,0.0
8,9,0.34161983462457834
8,10,3.2982173693982104
8,11,50.03578986372466
8,12,50.03578986372466
8,13,50.03578986372466
8,14,3.4064951210915173
8,15,2.3622493450821382
8,16,2.974243097189863
8,17,4.778380575530077
8,18,4.381189528635724
8,19,1.7841972965141575
8,20,1.2352620752320185
8,21,3.6342624768891234
8,22,1.6148832535516395
8,23,2.6054715005325835
8,24,2.9971105616323324
8,25,3.4040594920010574
8,26,1.9702367265062004
8,27,3.276427617747543
8,28,4.7574438788179485
8,29,4.984839363068468
8,30,4.273125527036294
8,31,5.0509291005576085
8,32,5.782428793634312
8,33,4.583876769836285
8,34,4.121004493065469
8,35,4.551742606804396
8,36,5.0573471024513035
9,0,4.263825717446776
9,1,4.282215312043922
9,2,3.739176704294468
9,3,4.3068892305841935
9,4,2.715718922314957
9,5,1.8123465624271478
9,6,5.633551852405296
9,7,5.957499368274628
9,8,0.34161983462457834
9,9,0.0
9,10,3.639837204022789
9,11,50.37740969834924
9,12,50.37740969834924
9,13,50.37740969834924
9,14,3.7481149557160958
9,15,2.7038691797067167
9,16,3.3158629318144417
9,17,5.120000410154655
9,18,4.722809363260302
9,19,2.125817131138736
9,20,1.576881909856597
9,21,3.292642642264545
9,22,1.273263418927061
9,23,2.947091335157162
9,24,3.338730396256911
9,25,3.745679326625636
9,26,2.311856561130779
9,27,3.6180474523721213
9,28,5.099063713442527
9,29,5.326459197693047
9,30,4.614745361660873
9,31,5.392548935182187
9,32,6.124048628258891
9,33,4.925496604460863
9,34,4.462624327690047
9,35,4.893362441428974
9,36,5.3989669370758815
10,0,4.749899101756371
10,1,4.768288696353517
10,2,4.225250088604063
10,3,4.7929626148937885
10,4,5.67231645708859
10,5,4.76894409720078
10,6,2.5959282639142627
10,7,2.9198757797835944
10,8,3.2982173693982104
10,9,3.639837204022789
10,10,0.0
10,11,50.86348308265883
10,12,50.86348308265883
10,13,50.86348308265883
10,14,4.824316841400417
10,15,5.280214109942769
10,16,5.892207862050494
10,17,2.0823768216636225
10,18,1.6851857747692693
10,19,2.611890515448331
10,20,2.062955294166192
10,21,6.932479846287334
10,22,4.91310062294985
10,23,3.433164719466757
10,24,0.30110680776587795
10,25,0.7080557381346029
10,26,2.797929945440374
10,27,6.574644987145753
10,28,2.061440124951494
10,29,4.858744507098514
10,30,4.14703067106634
10,31,4.924834244587655
10,32,5.656333937664359
10,33,6.336065407636377
10,34,5.873193130865561
10,35,6.303931244604488
10,36,6.809535740251396
11,0,51.48747159608283
11,1,51.505861190679965
11,2,50.962822582930514
11,3,51.53053510922024
11,4,52.40988895141504
11,5,51.50651659152723
11,6,52.857197731041346
11,7,53.181145246910674
11,8,50.03578986372466
11,9,50.37740969834924
11,10,50.86348308265883
11,11,0.0
11,12,97.60105557698529
11,13,97.60105557698529
11,14,51.56188933572687
11,15,52.01778660426922
11,16,52.62978035637695
11,17,52.3436462887907
11,18,51.946455241896345
11,19,49.34946300977478
11,20,48.800527788492644
11,21,53.670052340613786
11,22,51.650673117276305
11,23,50.17073721379321
11,24,50.562376274892955
11,25,50.96932520526168
11,26,49.53550243976682
11,27,53.3122174814722
11,28,52.322709592078574
11,29,52.550105076329096
11,30,51.83839124029692
11,31,52.61619481381823
11,32,53.34769450689494
11,33,54.02742597686696
11,34,53.56455370009614
11,35,53.99529181383507
11,36,54.50089630948197
12,0,51.48747159608283
12,1,51.505861190679965
12,2,50.962822582930514
12,3,51.53053510922024
12,4,52.40988895141504
12,5,51.50651659152723
12,6,52.857197731041346
12,7,53.181145246910674
12,8,50.03578986372466
12,9,50.37740969834924
12,10,50.86348308265883
12,11,97.60105557698529
12,12,0.0
12,13,97.60105557698529
12,14,51.56188933572687
12,15,52.01778660426922
12,16,52.62978035637695
12,17,52.3436462887907
12,18,51.946455241896345
12,19,49.34946300977478
12,20,48.800527788492644
12,21,53.670052340613786
12,22,51.650673117276305
12,23,50.17073721379321
12,24,50.562376274892955
12,25,50.96932520526168
12,26,49.53550243976682
12,27,53.3122174814722
12,28,52.322709592078574
12,29,52.550105076329096
12,30,51.83839124029692
12,31,52.61619481381823
12,32,53.34769450689494
12,33,54.02742597686696
12,34,53.56455370009614
12,35,53.99529181383507
12,36,54.50089630948197
13,0,51.48747159608283
13,1,51.505861190679965
13,2,50.962822582930514
13,3,51.53053510922024
13,4,52.40988895141504
13,5,51.50651659152723
13,6,52.857197731041346
13,7,53.181145246910674
13,8,50.03578986372466
13,9,50.37740969834924
13,10,50.86348308265883
13,11,97.60105557698529
13,12,97.60105557698529
13,13,0.0
13,14,51.56188933572687
13,15,52.01778660426922
13,16,52.62978035637695
13,17,52.3436462887907
13,18,51.946455241896345
13,19,49.34946300977478
13,20,48.800527788492644
13,21,53.670052340613786
13,22,51.650673117276305
13,23,50.17073721379321
13,24,50.562376274892955
13,25,50.96932520526168
13,26,49.53550243976682
13,27,53.3122174814722
13,28,52.322709592078574
13,29,52.550105076329096
13,30,51.83839124029692
13,31,52.61619481381823
13,32,53.34769450689494
13,33,54.02742597686696
13,34,53.56455370009614
13,35,53.99529181383507
13,36,54.50089630948197
14,0,5.448305354824406
14,1,5.466694949421551
14,2,4.923656341672097
14,3,5.491368867961822
14,4,5.780594208781896
14,5,4.877221848894086
14,6,6.818031489782925
14,7,7.1419790056522565
14,8,3.4064951210915173
14,9,3.7481149557160958
14,10,4.824316841400417
14,11,51.56188933572687
14,12,51.56188933572687
14,13,51.56188933572687
14,14,0.0
14,15,1.044245776009379
14,16,1.6562395281171038
14,17,6.304480047532284
14,18,5.907289000637931
14,19,3.310296768516365
14,20,2.761361547234226
14,21,4.087046612776119
14,22,5.021378374643157
14,23,4.131570972534791
14,24,4.523210033634539
14,25,4.930158964003264
14,26,3.496336198508408
14,27,6.682922738839061
14,28,6.283543350820156
14,29,6.510938835070676
14,30,5.799224999038502
14,31,6.577028572559817
14,32,7.308528265636521
14,33,7.988259735608539
14,34,7.525387458837723
14,35,7.95612557257665
14,36,8.461730068223558
15,0,5.904202623366757
15,1,5.922592217963901
15,2,5.3795536102144474
15,3,5.947266136504172
15,4,4.736348432772517
15,5,3.8329760728847075
15,6,7.273928758325276
15,7,7.597876274194608
15,8,2.3622493450821382
15,9,2.7038691797067167
15,10,5.280214109942769
15,11,52.01778660426922
15,12,52.01778660426922
15,13,52.01778660426922
15,14,1.044245776009379
15,15,0.0
15,16,0.6119937521077248
15,17,6.760377316074635
15,18,6.363186269180282
15,19,3.7661940370587157
15,20,3.2172588157765767
15,21,3.0428008367667396
15,22,3.9771325986337778
15,23,4.587468241077142
15,24,4.979107302176891
15,25,5.386056232545616
15,26,3.9522334670507586
15,27,5.638676962829681
15,28,6.739440619362507
15,29,6.966836103613026
15,30,6.255122267580853
15,31,7.032925841102167
15,32,7.764425534178871
15,33,6.946126114918423
15,34,6.483253838147607
15,35,6.913991951886534
15,36,7.419596447533442
16,0,6.516196375474482
16,1,6.5345859700716264
16,2,5.991547362322173
16,3,6.559259888611898
16,4,5.3483421848802415
16,5,4.444969824992432
16,6,7.8859225104330015
16,7,8.209870026302333
16,8,2.974243097189863
16,9,3.3158629318144417
16,10,5.892207862050494
16,11,52.62978035637695
16,12,52.62978035637695
16,13,52.62978035637695
16,14,1.6562395281171038
16,15,0.6119937521077248
16,16,0.0
16,17,7.37237106818236
16,18,6.975180021288008
16,19,4.37818778916644
16,20,3.8292525678843017
16,21,3.6547945888744646
16,22,4.589126350741503
16,23,5.199461993184867
16,24,5.591101054284616
16,25,5.998049984653341
16,26,4.564227219158484
16,27,6.250670714937406
16,28,7.351434371470233
16,29,7.578829855720751
16,30,6.867116019688577
16,31,7.644919593209892
16,32,8.376419286286595
16,33,7.558119867026147
16,34,7.095247590255331
16,35,7.525985703994259
16,36,8.031590199641165
17,0,6.230062307888238
17,1,6.2484519024853835
17,2,5.70541329473593
17,3,6.273125821025655
17,4,7.152479663220456
17,5,6.2491073033326465
17,6,4.07609147004613
17,7,4.400038985915462
17,8,4.778380575530077
17,9,5.120000410154655
17,10,2.0823768216636225
17,11,52.3436462887907
17,12,52.3436462887907
17,13,52.3436462887907
17,14,6.304480047532284
17,15,6.760377316074635
17,16,7.37237106818236
17,17,0.0
17,18,0.3971910468943533
17,19,4.092053721580197
17,20,3.5431185002980587
17,21,8.4126430524192
17,22,6.393263829081716
17,23,4.913327925598623
17,24,1.7812700138977446
17,25,2.1882189442664695
17,26,4.27809315157224
17,27,8.05480819327762
17,28,3.541603331083361
17,29,6.338907713230381
17,30,5.6271938771982075
17,31,6.404997450719522
17,32,7.136497143796226
17,33,7.816228613768244
17,34,7.353356336997428
17,35,7.784094450736355
17,36,8.289698946383263
18,0,5.832871260993885
18,1,5.851260855591031
18,2,5.308222247841576
18,3,5.875934774131302
18,4,6.755288616326103
18,5,5.851916256438294
18,6,3.678900423151776
18,7,4.002847939021108
18,8,4.381189528635724
18,9,4.722809363260302
18,10,1.6851857747692693
18,11,51.946455241896345
18,12,51.946455241896345
18,13,51.946455241896345
18,14,5.907289000637931
18,15,6.363186269180282
18,16,6.975180021288008
18,17,0.3971910468943533
18,18,0.0
18,19,3.694862674685844
18,20,3.145927453403705
18,21,8.015452005524848
18,22,5.996072782187364
18,23,4.516136878704271
18,24,1.3840789670033913
18,25,1.791027897372116
18,26,3.880902104677887
18,27,7.6576171463832665
18,28,3.1444122841890074
18,29,5.941716666336027
18,30,5.230002830303853
18,31,6.0078064038251675
18,32,6.739306096901871
18,33,7.4190375668738895
18,34,6.9561652901030735
18,35,7.386903403842001
18,36,7.892507899488908
19,0,3.235879028872319
19,1,3.2542686234694638
19,2,2.71123001572001
19,3,3.278942542009735
19,4,4.158296384204536
19,5,3.254924024316727
19,6,4.605605163830838
19,7,4.92955267970017
19,8,1.7841972965141575
19,9,2.125817131138736
19,10,2.611890515448331
19,11,49.34946300977478
19,12,49.34946300977478
19,13,49.34946300977478
19,14,3.310296768516365
19,15,3.7661940370587157
19,16,4.37818778916644
19,17,4.092053721580197
19,18,3.694862674685844
19,19,0.0
19,20,0.5489352212821389
19,21,5.418459773403281
19,22,3.399080550065797
19,23,1.919144646582704
19,24,2.310783707682453
19,25,2.717732638051178
19,26,1.283909872556321
19,27,5.0606249142617
19,28,4.0711170248680695
19,29,4.298512509118589
19,30,3.586798673086415
19,31,4.364602246607729
19,32,5.096101939684433
19,33,5.775833409656451
19,34,5.312961132885635
19,35,5.743699246624563
19,36,6.24930374227147
20,0,2.68694380759018
20,1,2.7053334021873248
20,2,2.162294794437871
20,3,2.730007320727596
20,4,3.609361162922397
20,5,2.7059888030345878
20,6,4.056669942548699
20,7,4.380617458418031
20,8,1.2352620752320185
20,9,1.576881909856597
20,10,2.062955294166192
20,11,48.800527788492644
20,12,48.800527788492644
20,13,48.800527788492644
20,14,2.761361547234226
20,15,3.2172588157765767
20,16,3.8292525678843017
20,17,3.5431185002980587
20,18,3.145927453403705
20,19,0.5489352212821389
20,20,0.0
20,21,4.869524552121142
20,22,2.850145328783658
20,23,1.3702094253005652
20,24,1.7618484864003139
20,25,2.168797416769039
20,26,0.734974651274182
20,27,4.511689692979561
20,28,3.52218180358593
20,29,3.74957728783645
20,30,3.037863451804276
20,31,3.81566702532559
20,32,4.547166718402294
20,33,5.226898188374313
20,34,4.764025911603497
20,35,5.194764025342424
20,36,5.700368520989332
21,0,7.556468359711323
21,1,7.574857954308467
21,2,7.031819346559013
21,3,7.599531872848738
21,4,6.008361564579502
21,5,5.104989204691693
21,6,8.92619449466984
21,7,9.250142010539172
21,8,3.6342624768891234
21,9,3.292642642264545
21,10,6.932479846287334
21,11,53.670052340613786
21,12,53.670052340613786
21,13,53.670052340613786
21,14,4.087046612776119
21,15,3.0428008367667396
21,16,3.6547945888744646
21,17,8.4126430524192
21,18,8.015452005524848
21,19,5.418459773403281
21,20,4.869524552121142
21,21,0.0
21,22,2.019379223337484
21,23,6.239733977421707
21,24,6.631373038521456
21,25,7.038321968890181
21,26,5.604499203395324
21,27,6.910690094636667
21,28,8.391706355707072
21,29,8.619101839957592
21,30,7.907388003925417
21,31,8.685191577446732
21,32,9.416691270523435
21,33,8.218139246725407
21,34,7.755266969954592
21,35,8.18600508369352
21,36,8.691609579340426
22,0,5.537089136373838
22,1,5.555478730970982
22,2,5.012440123221529
22,3,5.580152649511254
22,4,3.9889823412420182
22,5,3.085609981354209
22,6,6.906815271332357
22,7,7.230762787201689
22,8,1.6148832535516395
22,9,1.273263418927061
22,10,4.91310062294985
22,11,51.650673117276305
22,12,51.650673117276305
22,13,51.650673117276305
22,14,5.021378374643157
22,15,3.9771325986337778
22,16,4.589126350741503
22,17,6.393263829081716
22,18,5.996072782187364
22,19,3.399080550065797
22,20,2.850145328783658
22,21,2.019379223337484
22,22,0.0
22,23,4.220354754084223
22,24,4.611993815183972
22,25,5.018942745552697
22,26,3.58511998005784
22,27,4.891310871299183
22,28,6.3723271323695885
22,29,6.599722616620108
22,30,5.888008780587934
22,31,6.665812354109248
22,32,7.397312047185952
22,33,6.198760023387924
22,34,5.735887746617108
22,35,6.166625860356035
22,36,6.672230356002943
23,0,4.057153232890745
23,1,4.07554282748789
23,2,3.532504219738436
23,3,4.1002167460281616
23,4,4.979570588222963
23,5,4.076198228335153
23,6,5.426879367849264
23,7,5.750826883718596
23,8,2.6054715005325835
23,9,2.947091335157162
23,10,3.433164719466757
23,11,50.17073721379321
23,12,50.17073721379321
23,13,50.17073721379321
23,14,4.131570972534791
23,15,4.587468241077142
23,16,5.199461993184867
23,17,4.913327925598623
23,18,4.516136878704271
23,19,1.919144646582704
23,20,1.3702094253005652
23,21,6.239733977421707
23,22,4.220354754084223
23,23,0.0
23,24,3.132057911700879
23,25,3.539006842069604
23,26,0.6352347740263832
23,27,5.881899118280127
23,28,4.8923912288864955
23,29,5.119786713137015
23,30,4.408072877104841
23,31,5.185876450626155
23,32,5.917376143702859
23,33,6.597107613674877
23,34,6.134235336904061
23,35,6.564973450642989
23,36,7.070577946289896
24,0,4.448792293990493
24,1,4.467181888587639
24,2,3.924143280838185
24,3,4.49185580712791
24,4,5.3712096493227115
24,5,4.467837289434902
24,6,2.294821456148385
24,7,2.6187689720177167
24,8,2.9971105616323324
24,9,3.338730396256911
24,10,0.30110680776587795
24,11,50.562376274892955
24,12,50.562376274892955
24,13,50.562376274892955
24,14,4.523210033634539
24,15,4.979107302176891
24,16,5.591101054284616
24,17,1.7812700138977446
24,18,1.3840789670033913
24,19,2.310783707682453
24,20,1.7618484864003139
24,21,6.631373038521456
24,22,4.611993815183972
24,23,3.132057911700879
24,24,0.0
24,25,0.40694893036872487
24,26,2.496823137674496
24,27,6.273538179379875
24,28,1.7603333171856164
24,29,4.557637699332636
24,30,3.845923863300462
24,31,4.623727436821777
24,32,5.355227129898481
24,33,6.034958599870499
24,34,5.572086323099683
24,35,6.00282443683861
24,36,6.508428932485518
25,0,4.855741224359218
25,1,4.874130818956364
25,2,4.33109221120691
25,3,4.8988047374966355
25,4,5.7781585796914365
25,5,4.874786219803627
25,6,2.7017703865171097
25,7,3.0257179023864413
25,8,3.4040594920010574
25,9,3.745679326625636
25,10,0.7080557381346029
25,11,50.96932520526168
25,12,50.96932520526168
25,13,50.96932520526168
25,14,4.930158964003264
25,15,5.386056232545616
25,16,5.998049984653341
25,17,2.1882189442664695
25,18,1.791027897372116
25,19,2.717732638051178
25,20,2.168797416769039
25,21,7.038321968890181
25,22,5.018942745552697
25,23,3.539006842069604
25,24,0.40694893036872487
25,25,0.0
25,26,2.903772068043221
25,27,6.6804871097486
25,28,2.167282247554341
25,29,4.964586629701361
25,30,4.252872793669187
25,31,5.030676367190502
25,32,5.762176060267206
25,33,6.441907530239224
25,34,5.979035253468408
25,35,6.409773367207335
25,36,6.915377862854243
26,0,3.421918458864362
26,1,3.4403080534615067
26,2,2.897269445712053
26,3,3.464981972001778
26,4,4.3443358141965795
26,5,3.4409634543087697
26,6,4.791644593822881
26,7,5.115592109692213
26,8,1.9702367265062004
26,9,2.311856561130779
26,10,2.797929945440374
26,11,49.53550243976682
26,12,49.53550243976682
26,13,49.53550243976682
26,14,3.496336198508408
26,15,3.9522334670507586
26,16,4.564227219158484
26,17,4.27809315157224
26,18,3.880902104677887
26,19,1.283909872556321
26,20,0.734974651274182
26,21,5.604499203395324
26,22,3.58511998005784
26,23,0.6352347740263832
26,24,2.496823137674496
26,25,2.903772068043221
26,26,0.0
26,27,5.246664344253744
26,28,4.257156454860112
26,29,4.484551939110632
26,30,3.772838103078458
26,31,4.550641676599772
26,32,5.282141369676476
26,33,5.961872839648494
26,34,5.499000562877678
26,35,5.929738676616606
26,36,6.435343172263513
27,0,7.198633500569741
27,1,7.217023095166886
27,2,6.6739844874174326
27,3,7.2416970137071575
27,4,0.902328530057164
27,5,1.8057008899449734
27,6,8.568359635528259
27,7,8.89230715139759
27,8,3.276427617747543
27,9,3.6180474523721213
27,10,6.574644987145753
27,11,53.3122174814722
27,12,53.3122174814722
27,13,53.3122174814722
27,14,6.682922738839061
27,15,5.638676962829681
27,16,6.250670714937406
27,17,8.05480819327762
27,18,7.6576171463832665
27,19,5.0606249142617
27,20,4.511689692979561
27,21,6.910690094636667
27,22,4.891310871299183
27,23,5.881899118280127
27,24,6.273538179379875
27,25,6.6804871097486
27,26,5.246664344253744
27,27,0.0
27,28,8.03387149656549
27,29,8.261266980816012
27,30,7.549553144783838
27,31,8.327356718305152
27,32,9.058856411381855
27,33,7.860304387583827
27,34,7.397432110813011
27,35,7.828170224551939
27,36,8.333774720198846
28,0,3.813296576775723
28,1,3.831686171372868
28,2,3.2886475636234143
28,3,3.856360089913139
28,4,7.131542966508328
28,5,6.228170606620519
28,6,0.5344881389627686
28,7,0.8584356548321003
28,8,4.7574438788179485
28,9,5.099063713442527
28,10,2.061440124951494
28,11,52.322709592078574
28,12,52.322709592078574
28,13,52.322709592078574
28,14,6.283543350820156
28,15,6.739440619362507
28,16,7.351434371470233
28,17,3.541603331083361
28,18,3.1444122841890074
28,19,4.0711170248680695
28,20,3.52218180358593
28,21,8.391706355707072
28,22,6.3723271323695885
28,23,4.8923912288864955
28,24,1.7603333171856164
28,25,2.167282247554341
28,26,4.257156454860112
28,27,8.03387149656549
28,28,0.0
28,29,2.7973043821470203
28,30,2.085590546114846
28,31,2.86339411963616
28,32,3.5948938127128636
28,33,4.274625282684883
28,34,3.811753005914067
28,35,4.242491119652994
28,36,4.748095615299902
29,0,2.4394198666930507
29,1,2.4578094612901955
29,2,1.9147708535407422
29,3,2.482483379830467
29,4,7.3589384507588465
29,5,6.455566090871037
29,6,3.3317925211097883
29,7,3.65574003697912
29,8,4.984839363068468
29,9,5.326459197693047
29,10,4.858744507098514
29,11,52.550105076329096
29,12,52.550105076329096
29,13,52.550105076329096
29,14,6.510938835070676
29,15,6.966836103613026
29,16,7.578829855720751
29,17,6.338907713230381
29,18,5.941716666336027
29,19,4.298512509118589
29,20,3.74957728783645
29,21,8.619101839957592
29,22,6.599722616620108
29,23,5.119786713137015
29,24,4.557637699332636
29,25,4.964586629701361
29,26,4.484551939110632
29,27,8.261266980816012
29,28,2.7973043821470203
29,29,0.0
29,30,0.711713836032174
29,31,1.4895174095534882
29,32,2.2210171026301917
29,33,2.9007485726022106
29,34,2.4378762958313946
29,35,2.868614409570322
29,36,3.3742189052172296
30,0,1.727706030660877
30,1,1.7460956252580218
30,2,1.2030570175085682
30,3,1.770769543798293
30,4,6.647224614726673
30,5,5.743852254838863
30,6,2.6200786850776145
30,7,2.9440262009469462
30,8,4.273125527036294
30,9,4.614745361660873
30,10,4.14703067106634
30,11,51.83839124029692
30,12,51.83839124029692
30,13,51.83839124029692
30,14,5.799224999038502
30,15,6.255122267580853
30,16,6.867116019688577
30,17,5.6271938771982075
30,18,5.230002830303853
30,19,3.586798673086415
30,20,3.037863451804276
30,21,7.907388003925417
30,22,5.888008780587934
30,23,4.408072877104841
30,24,3.845923863300462
30,25,4.252872793669187
30,26,3.772838103078458
30,27,7.549553144783838
30,28,2.085590546114846
30,29,0.711713836032174
30,30,0.0
30,31,0.7778035735213142
30,32,1.509303266598018
30,33,2.1890347365700364
30,34,1.7261624597992207
30,35,2.156900573538148
30,36,2.6625050691850554
31,0,2.5055096041821914
31,1,2.523899198779336
31,2,1.9808605910298824
31,3,2.5485731173196076
31,4,7.425028188247987
31,5,6.521655828360178
31,6,3.397882258598929
31,7,3.7218297744682607
31,8,5.0509291005576085
31,9,5.392548935182187
31,10,4.924834244587655
31,11,52.61619481381823
31,12,52.61619481381823
31,13,52.61619481381823
31,14,6.577028572559817
31,15,7.032925841102167
31,16,7.644919593209892
31,17,6.404997450719522
31,18,6.0078064038251675
31,19,4.364602246607729
31,20,3.81566702532559
31,21,8.685191577446732
31,22,6.665812354109248
31,23,5.185876450626155
31,24,4.623727436821777
31,25,5.030676367190502
31,26,4.550641676599772
31,27,8.327356718305152
31,28,2.86339411963616
31,29,1.4895174095534882
31,30,0.7778035735213142
31,31,0.0
31,32,0.7314996930767036
31,33,2.966838310091351
31,34,2.503966033320535
31,35,2.9347041470594624
31,36,3.44030864270637
32,0,3.237009297258895
32,1,3.2553988918560397
32,2,2.712360284106586
32,3,3.280072810396311
32,4,8.15652788132469
32,5,7.253155521436882
32,6,4.129381951675633
32,7,4.453329467544965
32,8,5.782428793634312
32,9,6.124048628258891
32,10,5.656333937664359
32,11,53.34769450689494
32,12,53.34769450689494
32,13,53.34769450689494
32,14,7.308528265636521
32,15,7.764425534178871
32,16,8.376419286286595
32,17,7.136497143796226
32,18,6.739306096901871
32,19,5.096101939684433
32,20,4.547166718402294
32,21,9.416691270523435
32,22,7.397312047185952
32,23,5.917376143702859
32,24,5.355227129898481
32,25,5.762176060267206
32,26,5.282141369676476
32,27,9.058856411381855
32,28,3.5948938127128636
32,29,2.2210171026301917
32,30,1.509303266598018
32,31,0.7314996930767036
32,32,0.0
32,33,3.6983380031680544
32,34,3.2354657263972384
32,35,3.666203840136166
32,36,4.171808335783073
33,0,3.9167407672309134
33,1,3.935130361828058
33,2,3.3920917540786046
33,3,3.9598042803683295
33,4,6.957975857526663
33,5,6.054603497638854
33,6,4.809113421647651
33,7,5.133060937516983
33,8,4.583876769836285
33,9,4.925496604460863
33,10,6.336065407636377
33,11,54.02742597686696
33,12,54.02742597686696
33,13,54.02742597686696
33,14,7.988259735608539
33,15,6.946126114918423
33,16,7.558119867026147
33,17,7.816228613768244
33,18,7.4190375668738895
33,19,5.775833409656451
33,20,5.226898188374313
33,21,8.218139246725407
33,22,6.198760023387924
33,23,6.597107613674877
33,24,6.034958599870499
33,25,6.441907530239224
33,26,5.961872839648494
33,27,7.860304387583827
33,28,4.274625282684883
33,29,2.9007485726022106
33,30,2.1890347365700364
33,31,2.966838310091351
33,32,3.6983380031680544
33,33,0.0
33,34,0.4628722767708159
33,35,0.8936103905097432
33,36,1.3992148861566507
34,0,3.4538684904600974
34,1,3.472258085057242
34,2,2.9292194773077886
34,3,3.4969320035975135
34,4,6.495103580755847
34,5,5.591731220868038
34,6,4.346241144876835
34,7,4.670188660746167
34,8,4.121004493065469
34,9,4.462624327690047
34,10,5.873193130865561
34,11,53.56455370009614
34,12,53.56455370009614
34,13,53.56455370009614
34,14,7.525387458837723
34,15,6.483253838147607
34,16,7.095247590255331
34,17,7.353356336997428
34,18,6.9561652901030735
34,19,5.312961132885635
34,20,4.764025911603497
34,21,7.755266969954592
34,22,5.735887746617108
34,23,6.134235336904061
34,24,5.572086323099683
34,25,5.979035253468408
34,26,5.499000562877678
34,27,7.397432110813011
34,28,3.811753005914067
34,29,2.4378762958313946
34,30,1.7261624597992207
34,31,2.503966033320535
34,32,3.2354657263972384
34,33,0.4628722767708159
34,34,0.0
34,35,0.4307381137389274
34,36,0.9363426093858349
35,0,3.884606604199025
35,1,3.9029961987961697
35,2,3.359957591046716
35,3,3.927670117336441
35,4,6.925841694494775
35,5,6.022469334606965
35,6,4.7769792586157624
35,7,5.100926774485094
35,8,4.551742606804396
35,9,4.893362441428974
35,10,6.303931244604488
35,11,53.99529181383507
35,12,53.99529181383507
35,13,53.99529181383507
35,14,7.95612557257665
35,15,6.913991951886534
35,16,7.525985703994259
35,17,7.784094450736355
35,18,7.386903403842001
35,19,5.743699246624563
35,20,5.194764025342424
35,21,8.18600508369352
35,22,6.166625860356035
35,23,6.564973450642989
35,24,6.00282443683861
35,25,6.409773367207335
35,26,5.929738676616606
35,27,7.828170224551939
35,28,4.242491119652994
35,29,2.868614409570322
35,30,2.156900573538148
35,31,2.9347041470594624
35,32,3.666203840136166
35,33,0.8936103905097432
35,34,0.4307381137389274
35,35,0.0
35,36,0.5056044956469075
36,0,4.390211099845932
36,1,4.408600694443077
36,2,3.8655620866936236
36,3,4.4332746129833485
36,4,7.431446190141682
36,5,6.528073830253873
36,6,5.28258375426267
36,7,5.606531270132002
36,8,5.0573471024513035
36,9,5.3989669370758815
36,10,6.809535740251396
36,11,54.50089630948197
36,12,54.50089630948197
36,13,54.50089630948197
36,14,8.461730068223558
36,15,7.419596447533442
36,16,8.031590199641165
36,17,8.289698946383263
36,18,7.892507899488908
36,19,6.24930374227147
36,20,5.700368520989332
36,21,8.691609579340426
36,22,6.672230356002943
36,23,7.070577946289896
36,24,6.508428932485518
36,25,6.915377862854243
36,26,6.435343172263513
36,27,8.333774720198846
36,28,4.748095615299902
36,29,3.3742189052172296
36,30,2.6625050691850554
36,31,3.44030864270637
36,32,4.171808335783073
36,33,1.3992148861566507
36,34,0.9363426093858349
36,35,0.5056044956469075
36,36,0.0
