source_id,target_id,rtt
0,0,0.0
0,1,1.8934502059790859
0,2,2.0557853522449565
0,3,1.4775225765680953
0,4,3.8722718788580375
0,5,1.8407950710020673
0,6,3.5836497347435006
0,7,3.077742633057005
0,8,54.70388036015777
0,10,2.549138781200705
0,11,2.5784491908556038
0,12,1.6751684160203562
0,13,4.335637237272503
0,14,3.5045370717781332
0,15,3.48554609367182
0,16,1.8831964368896497
0,17,2.7336700120084205
0,18,3.390051282530163
0,19,3.4794118099995073
0,20,2.8487125672554985
1,0,1.8934502059790859
1,1,0.0
1,2,0.8420891975625132
1,3,0.44720079419324366
1,4,2.2575137332136617
1,5,0.5811029978042449
1,6,1.690375301625813
1,7,1.2380946798805947
1,8,56.261114425629714
1,10,2.1055110896213205
1,11,3.853165127513168
1,12,1.7406821963872177
1,13,2.755825583958228
1,14,2.2044909602940286
1,15,1.9272966027887855
1,16,2.6493306433768176
1,17,2.7584424087032056
1,18,3.941317724693881
1,19,4.045725380162873
1,20,3.9136234467245323
2,0,2.0557853522449565
2,1,0.8420891975625132
2,2,0.0
2,3,0.8061365784419519
2,4,2.903083302120186
2,5,1.4110039163020234
2,6,1.9191922568336361
2,7,1.2289560994210176
2,8,56.72353092496313
2,10,1.2835857063881968
2,11,3.4083223341991307
2,12,1.1448640268174273
2,13,2.2813343628736638
2,14,1.5194530268444588
2,15,1.4298031509443299
2,16,2.1189994459596897
2,17,1.9856016157250063
2,18,3.2350190691532354
2,19,3.3392765366586703
2,20,3.3768308319585687
3,0,1.4775225765680953
3,1,0.44720079419324366
3,2,0.8061365784419519
3,3,0.0
3,4,2.673628117223094
3,5,0.762718687272389
3,6,2.1206208220934712
3,7,1.6039739347179258
3,8,55.9939426881589
3,10,1.9221003215647172
3,11,3.4286081829227055
3,12,1.4025436981678832
3,13,2.9917882387832644
3,14,2.3129253022935776
3,15,2.140210074744399
3,16,2.2574895618788307
3,17,2.4961162419833145
3,18,3.6122290884073287
3,19,3.7158805422641077
3,20,3.5112039128398456
4,0,3.8722718788580375
4,1,2.2575137332136617
4,2,2.903083302120186
4,3,2.673628117223094
4,4,0.0
4,5,2.046530327483301
4,6,1.4885409319249707
4,7,2.047321451342799
4,8,56.812804004704965
4,10,4.142278677733901
4,11,6.102226131855299
4,12,3.9755116595617026
4,13,3.4222625339820985
4,14,3.540390965503522
4,15,2.987124664614797
4,16,4.905272880118382
4,17,4.881234026579327
4,18,6.136548741361433
4,19,6.2409447559369085
4,20,6.170954389021755
5,0,1.8407950710020673
5,1,0.5811029978042449
5,2,1.4110039163020234
5,3,0.762718687272389
5,4,2.046530327483301
5,5,0.0
5,6,1.9063042450106171
5,7,1.6469323545877486
5,8,55.82810453342642
5,10,2.6434882313232966
5,11,4.107205370039619
5,12,2.164651261330198
5,13,3.2593083851768188
5,14,2.7731925573255594
5,15,2.457075481141465
5,16,2.992319928831419
5,17,3.2520289000836473
5,18,4.373070590326456
5,19,4.476526109257475
5,20,4.228112856525306
6,0,3.5836497347435006
6,1,1.690375301625813
6,2,1.9191922568336361
6,3,2.1206208220934712
6,4,1.4885409319249707
6,5,1.9063042450106171
6,6,0.0
6,7,0.7309133907046654
6,8,57.644963371508375
6,10,2.9637744047238304
6,11,5.326532153547017
6,12,3.0629058806011424
6,13,1.9433997424174254
6,14,2.10282026483302
6,15,1.5293558609224573
6,16,4.037373189185201
6,17,3.735962489923596
6,18,5.041858775960563
6,19,5.143558782494052
6,20,5.289425979563079
7,0,3.077742633057005
7,1,1.2380946798805947
7,2,1.2289560994210176
7,3,1.6039739347179258
7,4,2.047321451342799
7,5,1.6469323545877486
7,6,0.7309133907046654
7,7,0.0
7,8,57.47027351126798
7,10,2.2340052966357766
7,11,4.631124619943373
7,12,2.3603391160588876
7,13,1.6648351543061097
7,14,1.5048782766209343
7,15,0.9899037871781348
7,16,3.3328671318692917
7,17,3.0056018758257896
7,18,4.310966916244681
7,19,4.412705329376073
7,20,4.575263156889628
8,0,54.70388036015777
8,1,56.261114425629714
8,2,56.72353092496313
8,3,55.9939426881589
8,4,56.812804004704965
8,5,55.82810453342642
8,6,57.644963371508375
8,7,57.47027351126798
8,8,0.0
8,10,57.11717198037353
8,11,55.056876634458504
8,12,56.24953268452112
8,13,58.98529737001994
8,14,58.2077874740492
8,15,58.131817920627995
8,16,55.82568621912877
8,17,56.946692033364606
8,18,56.60463825671889
8,19,56.61095137472306
8,20,55.51487821649177
10,0,2.549138781200705
10,1,2.1055110896213205
10,2,1.2835857063881968
10,3,1.9221003215647172
10,4,4.142278677733901
10,5,2.6434882313232966
10,6,2.9637744047238304
10,7,2.2340052966357766
10,8,57.11717198037353
10,10,0.0
10,11,2.7175392310888107
10,12,0.8847789891832675
10,13,2.4196377508577527
10,14,1.41856996169545
10,15,1.7945932924178314
10,16,1.4735515367915717
10,17,0.7735306314602706
10,18,2.084254542793789
10,19,2.1844878691340424
10,20,2.52304122502191
11,0,2.5784491908556038
11,1,3.853165127513168
11,2,3.4083223341991307
11,3,3.4286081829227055
11,4,6.102226131855299
11,5,4.107205370039619
11,6,5.326532153547017
11,7,4.631124619943373
11,8,55.056876634458504
11,10,2.7175392310888107
11,11,0.0
11,12,2.2714845663300545
11,13,5.137176596838298
11,14,4.136109085106301
11,15,4.4697866680390925
11,16,1.3072402702353427
11,17,2.1501887449744626
11,18,1.5643566757583085
11,19,1.5888454048896115
11,20,0.488275611162187
12,0,1.6751684160203562
12,1,1.7406821963872177
12,2,1.1448640268174273
12,3,1.4025436981678832
12,4,3.9755116595617026
12,5,2.164651261330198
12,6,3.0629058806011424
12,7,2.3603391160588876
12,8,56.24953268452112
12,10,0.8847789891832675
12,11,2.2714845663300545
12,12,0.0
12,13,3.052545152566985
12,14,2.0890922728193204
12,15,2.2862892975414013
12,16,0.974467308752618
12,17,1.157083901058742
12,18,2.210550257634508
12,19,2.314433207291359
12,20,2.2338930545099083
13,0,4.335637237272503
13,1,2.755825583958228
13,2,2.2813343628736638
13,3,2.9917882387832644
13,4,3.4222625339820985
13,5,3.2593083851768188
13,6,1.9433997424174254
13,7,1.6648351543061097
13,8,58.98529737001994
13,10,2.4196377508577527
13,11,5.137176596838298
13,12,3.052545152566985
13,13,0.0
13,14,1.0010704934245107
13,15,0.8549542724940394
13,16,3.874823316032473
13,17,3.0729061988990813
13,18,4.296189675061936
13,19,4.381416795278678
13,20,4.924395756209666
14,0,3.5045370717781332
14,1,2.2044909602940286
14,2,1.5194530268444588
14,3,2.3129253022935776
14,4,3.540390965503522
14,5,2.7731925573255594
14,6,2.10282026483302
14,7,1.5048782766209343
14,8,58.2077874740492
14,10,1.41856996169545
14,11,4.136109085106301
14,12,2.0890922728193204
14,13,1.0010704934245107
14,14,0.0
14,15,0.5823595612376309
14,16,2.8774444104918886
14,17,2.089303311298228
14,18,3.3470308476395023
14,19,3.437083455006983
14,20,3.928369894757279
15,0,3.48554609367182
15,1,1.9272966027887855
15,2,1.4298031509443299
15,3,2.140210074744399
15,4,2.987124664614797
15,5,2.457075481141465
15,6,1.5293558609224573
15,7,0.9899037871781348
15,8,58.131817920627995
15,10,1.7945932924178314
15,11,4.4697866680390925
15,12,2.2862892975414013
15,13,0.8549542724940394
15,14,0.5823595612376309
15,15,0.0
15,16,3.174892508258774
15,17,2.5323129688170294
15,18,3.826292575056683
15,19,3.920775049188391
15,20,4.3114235885182275
16,0,1.8831964368896497
16,1,2.6493306433768176
16,2,2.1189994459596897
16,3,2.2574895618788307
16,4,4.905272880118382
16,5,2.992319928831419
16,6,4.037373189185201
16,7,3.3328671318692917
16,8,55.82568621912877
16,10,1.4735515367915717
16,11,1.3072402702353427
16,12,0.974467308752618
16,13,3.874823316032473
16,14,2.8774444104918886
16,15,3.174892508258774
16,16,0.0
16,17,1.1217033923043411
16,18,1.5124517660287562
16,19,1.6054701529176665
16,20,1.269242731862471
17,0,2.7336700120084205
17,1,2.7584424087032056
17,2,1.9856016157250063
17,3,2.4961162419833145
17,4,4.881234026579327
17,5,3.2520289000836473
17,6,3.735962489923596
17,7,3.0056018758257896
17,8,56.946692033364606
17,10,0.7735306314602706
17,11,2.1501887449744626
17,12,1.157083901058742
17,13,3.0729061988990813
17,14,2.089303311298228
17,15,2.5323129688170294
17,16,1.1217033923043411
17,17,0.0
17,18,1.3114448911717898
17,19,1.4112042383604666
17,20,1.8682306995731681
18,0,3.390051282530163
18,1,3.941317724693881
18,2,3.2350190691532354
18,3,3.6122290884073287
18,4,6.136548741361433
18,5,4.373070590326456
18,6,5.041858775960563
18,7,4.310966916244681
18,8,56.60463825671889
18,10,2.084254542793789
18,11,1.5643566757583085
18,12,2.210550257634508
18,13,4.296189675061936
18,14,3.3470308476395023
18,15,3.826292575056683
18,16,1.5124517660287562
18,17,1.3114448911717898
18,18,0.0
18,19,0.1045489673692777
18,20,1.0912477646189809
19,0,3.4794118099995073
19,1,4.045725380162873
19,2,3.3392765366586703
19,3,3.7158805422641077
19,4,6.2409447559369085
19,5,4.476526109257475
19,6,5.143558782494052
19,7,4.412705329376073
19,8,56.61095137472306
19,10,2.1844878691340424
19,11,1.5888454048896115
19,12,2.314433207291359
19,13,4.381416795278678
19,14,3.437083455006983
19,15,3.920775049188391
19,16,1.6054701529176665
19,17,1.4112042383604666
19,18,0.1045489673692777
19,19,0.0
19,20,1.107774914964452
20,0,2.8487125672554985
20,1,3.9136234467245323
20,2,3.3768308319585687
20,3,3.5112039128398456
20,4,6.170954389021755
20,5,4.228112856525306
20,6,5.289425979563079
20,7,4.575263156889628
20,8,55.51487821649177
20,10,2.52304122502191
20,11,0.488275611162187
20,12,2.2338930545099083
20,13,4.924395756209666
20,14,3.928369894757279
20,15,4.3114235885182275
20,16,1.269242731862471
20,17,1.8682306995731681
20,18,1.0912477646189809
20,19,1.107774914964452
20,20,0.0
