source_id,target_id,rtt
0,0,0.0
0,1,91.8489659316027
0,2,67.32427656701405
0,3,3.58246060525972
0,4,95.95391142195233
0,5,96.04687691056712
0,6,92.95544872764276
0,7,94.46093563523097
0,8,77.71376992259624
0,9,76.73389109473995
0,10,111.17521588152015
0,11,106.16154115968494
0,12,101.58751467358165
0,13,96.25816109552427
0,14,84.20440445551021
0,15,85.428213579726
0,16,82.90803709198099
0,17,77.7056567450537
1,0,91.8489659316027
1,1,0.0
1,2,73.68893702024037
1,3,94.18363750782827
1,4,4.312873519229884
1,5,4.793582555835806
1,6,3.4439424426047984
1,7,2.6478769313610604
1,8,58.476271123404025
1,9,70.50164615407488
1,10,80.56166775692797
1,11,89.84804730091703
1,12,91.02046444273603
1,13,88.18202471752294
1,14,79.48626347013807
1,15,66.65959636434269
1,16,60.106337165504605
1,17,61.970991150740126
2,0,67.32427656701405
2,1,73.68893702024037
2,2,0.0
2,3,65.78483133271658
2,4,74.58188032054458
2,5,77.77628771590396
2,6,71.39035385300437
2,7,74.59755610315645
2,8,17.60023003792631
2,9,9.762933447312628
2,10,44.02947012918029
2,11,41.25337586347758
2,12,37.64856934840638
2,13,31.897003956648437
2,14,17.901269641683932
2,15,19.171902717983585
2,16,19.981190178072524
2,17,14.997056487642718
3,0,3.58246060525972
3,1,94.18363750782827
3,2,65.78483133271658
3,3,0.0
3,4,98.22772553390563
3,5,98.47516759933833
3,6,95.14643774764906
3,7,96.7745633878531
3,8,76.99289754955971
3,9,75.327468700255
3,10,109.37289539528578
3,11,103.88786184669893
3,12,99.23904244929528
3,13,94.00795843883179
3,14,82.32099534462206
3,15,84.21443536920447
3,16,82.06334107517377
3,17,76.78010753709742
4,0,95.95391142195233
4,1,4.312873519229884
4,2,74.58188032054458
4,3,98.22772553390563
4,4,0.0
4,5,3.6489506301500474
4,6,3.5757785635491297
4,7,1.7379584160769277
4,8,58.72567804188871
4,9,70.72190790396486
4,10,78.39027035203551
4,11,88.073394957437
4,12,89.54717154427789
4,13,87.04185735268887
4,14,79.14401031630211
4,15,66.22701953291076
4,16,59.90172169713222
4,17,62.18137401973272
5,0,96.04687691056712
5,1,4.793582555835806
5,2,77.77628771590396
5,3,98.47516759933833
5,4,3.6489506301500474
5,5,0.0
5,6,6.386972129668482
5,7,3.1787422031176336
5,8,62.13629481422089
5,9,74.14890586940672
5,10,81.9447160979306
5,11,91.69132992449893
5,12,93.19041059769596
5,13,90.68955061486578
5,14,82.70709788625072
5,15,69.80081860667035
5,16,63.4286559756511
5,17,65.60583465777785
6,0,92.95544872764276
6,1,3.4439424426047984
6,2,71.39035385300437
6,3,95.14643774764906
6,4,3.5757785635491297
6,5,6.386972129668482
6,6,0.0
6,7,3.208950988047834
6,8,55.80314062973163
6,9,67.82319059173479
6,10,77.13507429572849
6,11,86.47859288640045
6,12,87.71497478211332
6,13,84.96471330765131
6,14,76.55185001317787
6,15,63.67911624863786
6,16,57.21751988558203
6,17,59.28095632711846
7,0,94.46093563523097
7,1,2.6478769313610604
7,2,74.59755610315645
7,3,96.7745633878531
7,4,1.7379584160769277
7,5,3.1787422031176336
7,6,3.208950988047834
7,7,0.0
7,8,58.98990775815486
7,9,71.00689229997488
7,10,79.57120325370025
7,11,89.12030356106222
7,12,90.48707232772833
7,13,87.85885241451487
7,14,79.65493659746646
7,15,66.76436779455561
7,16,60.345828123327536
7,17,62.46399593965217
8,0,77.71376992259624
8,1,58.476271123404025
8,2,17.60023003792631
8,3,76.99289754955971
8,4,58.72567804188871
8,5,62.13629481422089
8,6,55.80314062973163
8,7,58.98990775815486
8,8,0.0
8,9,12.025922493876049
8,10,38.72460764740807
8,11,41.09937831218462
8,12,39.42871868556034
8,13,34.49952335991073
8,14,22.102038705180583
8,15,11.479149278444435
8,16,5.5651062610187285
8,17,3.5096728633783174
9,0,76.73389109473995
9,1,70.50164615407488
9,2,9.762933447312628
9,3,75.327468700255
9,4,70.72190790396486
9,5,74.14890586940672
9,6,67.82319059173479
9,7,71.00689229997488
9,8,12.025922493876049
9,9,0.0
9,10,35.120385918339565
9,11,34.0073135099159
9,12,31.159726504725874
9,13,25.6131805757419
9,14,11.609877544360785
9,15,9.467968989912421
9,16,11.891517102553122
9,17,8.543087330725324
10,0,111.17521588152015
10,1,80.56166775692797
10,2,44.02947012918029
10,3,109.37289539528578
10,4,78.39027035203551
10,5,81.9447160979306
10,6,77.13507429572849
10,7,79.57120325370025
10,8,38.72460764740807
10,9,35.120385918339565
10,10,0.0
10,11,11.442468664119668
10,12,15.48105368711362
10,13,17.968328299037623
10,14,27.07085978667867
10,15,27.937193035810175
10,16,33.26660955179208
10,17,37.01620628545981
11,0,106.16154115968494
11,1,89.84804730091703
11,2,41.25337586347758
11,3,103.88786184669893
11,4,88.073394957437
11,5,91.69132992449893
11,6,86.47859288640045
11,7,89.12030356106222
11,8,41.09937831218462
11,9,34.0073135099159
11,10,11.442468664119668
11,11,0.0
11,12,4.930636597238762
11,13,9.908652168803973
11,14,23.358163409352507
11,15,29.620236028125092
11,16,36.25319698415571
11,17,38.53716523937707
12,0,101.58751467358165
12,1,91.02046444273603
12,2,37.64856934840638
12,3,99.23904244929528
12,4,89.54717154427789
12,5,93.19041059769596
12,6,87.71497478211332
12,7,90.48707232772833
12,8,39.42871868556034
12,9,31.159726504725874
12,10,15.48105368711362
12,11,4.930636597238762
12,12,0.0
12,13,5.753022391878221
12,14,19.945830299780674
12,15,28.069565050612916
12,16,34.9846172904068
12,17,36.58617907559393
13,0,96.25816109552427
13,1,88.18202471752294
13,2,31.897003956648437
13,3,94.00795843883179
13,4,87.04185735268887
13,5,90.68955061486578
13,6,84.96471330765131
13,7,87.85885241451487
13,8,34.49952335991073
13,9,25.6131805757419
13,10,17.968328299037623
13,11,9.908652168803973
13,12,5.753022391878221
13,13,0.0
13,14,14.251268995048516
13,15,23.381220386512595
13,16,30.403905927616233
13,17,31.49420750295099
14,0,84.20440445551021
14,1,79.48626347013807
14,2,17.901269641683932
14,3,82.32099534462206
14,4,79.14401031630211
14,5,82.70709788625072
14,6,76.55185001317787
14,7,79.65493659746646
14,8,22.102038705180583
14,9,11.609877544360785
14,10,27.07085978667867
14,11,23.358163409352507
14,12,19.945830299780674
14,13,14.251268995048516
14,14,0.0
14,15,12.938096758300642
14,16,19.408784102784047
14,17,18.72602052256988
15,0,85.428213579726
15,1,66.65959636434269
15,2,19.171902717983585
15,3,84.21443536920447
15,4,66.22701953291076
15,5,69.80081860667035
15,6,63.67911624863786
15,7,66.76436779455561
15,8,11.479149278444435
15,9,9.467968989912421
15,10,27.937193035810175
15,11,29.620236028125092
15,12,28.069565050612916
15,13,23.381220386512595
15,14,12.938096758300642
15,15,0.0
15,16,7.0373848130016805
15,17,9.157767614908998
16,0,82.90803709198099
16,1,60.106337165504605
16,2,19.981190178072524
16,3,82.06334107517377
16,4,59.90172169713222
16,5,63.4286559756511
16,6,57.21751988558203
16,7,60.345828123327536
16,8,5.5651062610187285
16,9,11.891517102553122
16,10,33.26660955179208
16,11,36.25319698415571
16,12,34.9846172904068
16,13,30.403905927616233
16,14,19.408784102784047
16,15,7.0373848130016805
16,16,0.0
16,17,5.4314412485209
17,0,77.7056567450537
17,1,61.970991150740126
17,2,14.997056487642718
17,3,76.78010753709742
17,4,62.18137401973272
17,5,65.60583465777785
17,6,59.28095632711846
17,7,62.46399593965217
17,8,3.5096728633783174
17,9,8.543087330725324
17,10,37.01620628545981
17,11,38.53716523937707
17,12,36.58617907559393
17,13,31.49420750295099
17,14,18.72602052256988
17,15,9.157767614908998
17,16,5.4314412485209
17,17,0.0
