source_id,target_id,rtt
0,0,0.0
0,1,40.72863696748166
0,2,27.937193035810175
0,3,1.9209816434707954
0,4,44.02947012918029
0,5,28.52954156403587
0,6,38.72460764740807
0,7,35.120385918339565
0,8,93.42811683445129
0,9,83.372038248235
0,10,124.9294008849311
0,11,80.1998421346375
0,12,78.39027035203551
0,13,79.26332135564041
0,14,81.9447160979306
0,15,77.13507429572849
1,0,40.72863696748166
1,1,0.0
1,2,16.188436240532056
1,3,41.866717069173426
1,4,3.3053290388344276
1,5,15.086743681111813
1,6,16.188835752014867
1,7,6.7204980389252205
1,8,92.11217626105316
1,9,121.3198121636686
1,10,149.3696638770559
1,11,77.39770045574222
1,12,74.2602373419866
1,13,74.30498437220716
1,14,77.54766584792107
1,15,71.1653519960622
2,0,27.937193035810175
2,1,16.188436240532056
2,2,0.0
2,3,28.575620373355584
2,4,19.171902717983585
2,5,15.757372885020546
2,6,11.479149278444435
2,7,9.467968989912421
2,8,83.94532905479274
2,9,105.30757540195222
2,10,149.0075758891012
2,11,69.03137301845429
2,12,66.22701953291076
2,13,66.59768975435297
2,14,69.80081860667035
2,15,63.67911624863786
3,0,1.9209816434707954
3,1,41.866717069173426
3,2,28.575620373355584
3,3,0.0
3,4,45.17175507974114
3,5,30.04702771537188
3,6,39.11560711755639
3,7,36.099623291391715
3,8,91.94549664801863
3,9,81.7607242986543
3,10,125.22438462225688
3,11,78.86566332877368
3,12,77.12114681405154
3,13,78.01820232969115
3,14,80.6550478693714
3,15,75.94918709902338
4,0,44.02947012918029
4,1,3.3053290388344276
4,2,19.171902717983585
4,3,45.17175507974114
4,4,0.0
4,5,17.946606599200223
4,6,17.60023003792631
4,7,9.762933447312628
4,8,92.32670054005597
4,9,124.43955075150508
4,10,150.53808664188975
4,11,77.77005377390748
4,12,74.58188032054458
4,13,74.55199659813765
4,14,77.77628771590396
4,15,71.39035385300437
5,0,28.52954156403587
5,1,15.086743681111813
5,2,15.757372885020546
5,3,30.04702771537188
5,4,17.946606599200223
5,5,0.0
5,6,24.360812970554914
5,7,13.18644464093012
5,8,99.6616827718407
5,9,111.7508382179286
5,10,136.54910872363138
5,11,84.73385541002943
5,12,81.88528166983218
5,13,82.21338025939941
5,14,85.43393111860796
5,15,79.24794288817453
6,0,38.72460764740807
6,1,16.188835752014867
6,2,11.479149278444435
6,3,39.11560711755639
6,4,17.60023003792631
6,5,24.360812970554914
6,6,0.0
6,7,12.025922493876049
6,8,76.64166166283388
6,9,110.72277930674628
6,10,160.17884737694746
6,11,61.774136521678585
6,12,58.72567804188871
6,13,58.88504812099358
6,14,62.13629481422089
6,15,55.80314062973163
7,0,35.120385918339565
7,1,6.7204980389252205
7,2,9.467968989912421
7,3,36.099623291391715
7,4,9.762933447312628
7,5,13.18644464093012
7,6,12.025922493876049
7,7,0.0
7,8,88.63730513291611
7,9,114.67711675748374
7,10,149.7201205503077
7,11,73.7474920644693
7,12,70.72190790396486
7,13,70.89831366869788
7,14,74.14890586940672
7,15,67.82319059173479
8,0,93.42811683445129
8,1,92.11217626105316
8,2,83.94532905479274
8,3,91.94549664801863
8,4,92.32670054005597
8,5,99.6616827718407
8,6,76.64166166283388
8,7,88.63730513291611
8,8,0.0
8,9,79.46150389178531
8,10,152.58688610556212
8,11,14.937867221140708
8,12,17.916215847720498
8,13,17.80763828729608
8,14,14.565038312661914
8,15,20.95017848138938
9,0,83.372038248235
9,1,121.3198121636686
9,2,105.30757540195222
9,3,81.7607242986543
9,4,124.43955075150508
9,5,111.7508382179286
9,6,110.72277930674628
9,7,114.67711675748374
9,8,79.46150389178531
9,9,0.0
9,10,83.44386438725877
9,11,83.38151037111487
9,12,85.7174393632695
9,13,86.87891859435685
9,14,85.64470678105965
9,15,88.73048817228889
10,0,124.9294008849311
10,1,149.3696638770559
10,2,149.0075758891012
10,3,125.22438462225688
10,4,150.53808664188975
10,5,136.54910872363138
10,6,160.17884737694746
10,7,149.7201205503077
10,8,152.58688610556212
10,9,83.44386438725877
10,10,0.0
10,11,163.6694916517338
10,12,166.73473041769785
10,13,167.54912171163292
10,14,165.1229528489171
10,15,170.24362487512852
11,0,80.1998421346375
11,1,77.39770045574222
11,2,69.03137301845429
11,3,78.86566332877368
11,4,77.77005377390748
11,5,84.73385541002943
11,6,61.774136521678585
11,7,73.7474920644693
11,8,14.937867221140708
11,9,83.38151037111487
11,10,163.6694916517338
11,11,0.0
11,12,3.2935089537216653
11,13,3.880877352175103
11,14,2.615207022661968
11,15,6.832906214090452
12,0,78.39027035203551
12,1,74.2602373419866
12,2,66.22701953291076
12,3,77.12114681405154
12,4,74.58188032054458
12,5,81.88528166983218
12,6,58.72567804188871
12,7,70.72190790396486
12,8,17.916215847720498
12,9,85.7174393632695
12,10,166.73473041769785
12,11,3.2935089537216653
12,12,0.0
12,13,1.3298015780891945
12,14,3.6489506301500474
12,15,3.5757785635491297
13,0,79.26332135564041
13,1,74.30498437220716
13,2,66.59768975435297
13,3,78.01820232969115
13,4,74.55199659813765
13,5,82.21338025939941
13,6,58.88504812099358
13,7,70.89831366869788
13,8,17.80763828729608
13,9,86.87891859435685
13,10,167.54912171163292
13,11,3.880877352175103
13,12,1.3298015780891945
13,13,0.0
13,14,3.2515985330314887
13,15,3.1756290128572626
14,0,81.9447160979306
14,1,77.54766584792107
14,2,69.80081860667035
14,3,80.6550478693714
14,4,77.77628771590396
14,5,85.43393111860796
14,6,62.13629481422089
14,7,74.14890586940672
14,8,14.565038312661914
14,9,85.64470678105965
14,10,165.1229528489171
14,11,2.615207022661968
14,12,3.6489506301500474
14,13,3.2515985330314887
14,14,0.0
14,15,6.386972129668482
15,0,77.13507429572849
15,1,71.1653519960622
15,2,63.67911624863786
15,3,75.94918709902338
15,4,71.39035385300437
15,5,79.24794288817453
15,6,55.80314062973163
15,7,67.82319059173479
15,8,20.95017848138938
15,9,88.73048817228889
15,10,170.24362487512852
15,11,6.832906214090452
15,12,3.5757785635491297
15,13,3.1756290128572626
15,14,6.386972129668482
15,15,0.0
