source_id,target_id,rtt
0,0,0.0
0,1,3.6489506301500474
0,2,3.5757785635491297
0,3,4.312873519229884
0,4,88.08348985684529
0,5,87.91280501057874
0,6,6.16412476653979
0,7,11.274921781857282
0,9,90.81447774178115
0,10,58.72567804188871
0,14,70.72190790396486
0,15,74.58188032054458
0,16,92.968904141958
0,17,93.08270770930483
0,18,78.39027035203551
0,19,89.54717154427789
0,20,79.14401031630211
0,21,66.22701953291076
0,22,59.90172169713222
0,23,62.18137401973272
1,0,3.6489506301500474
1,1,0.0
1,2,6.386972129668482
1,3,4.793582555835806
1,4,91.69953271684668
1,5,91.52931381625496
1,6,3.064969205234678
1,7,11.883457555843076
1,9,93.7428796983917
1,10,62.13629481422089
1,14,74.14890586940672
1,15,77.77628771590396
1,16,91.76270231090149
1,17,93.50672991231797
1,18,81.9447160979306
1,19,93.19041059769596
1,20,82.70709788625072
1,21,69.80081860667035
1,22,63.4286559756511
1,23,65.60583465777785
2,0,3.5757785635491297
2,1,6.386972129668482
2,2,0.0
2,3,3.4439424426047984
2,4,86.50134057997673
2,5,86.32782647406721
2,6,7.787981672986421
2,7,14.35182298195497
2,9,87.43431488957897
2,10,55.80314062973163
2,14,67.82319059173479
2,15,71.39035385300437
2,16,96.42667618913359
2,17,95.79444079839152
2,18,77.13507429572849
2,19,87.71497478211332
2,20,76.55185001317787
2,21,63.67911624863786
2,22,57.21751988558203
2,23,59.28095632711846
3,0,4.312873519229884
3,1,4.793582555835806
3,2,3.4439424426047984
3,3,0.0
3,4,89.87356822036028
3,5,89.69949795589051
3,6,4.89901237245679
3,7,15.468680787251564
3,9,89.33855844378688
3,10,58.476271123404025
3,14,70.50164615407488
3,15,73.68893702024037
3,16,96.46509089931212
3,17,97.33087489851118
3,18,80.56166775692797
3,19,91.02046444273603
3,20,79.48626347013807
3,21,66.65959636434269
3,22,60.106337165504605
3,23,61.970991150740126
4,0,88.08348985684529
4,1,91.69953271684668
4,2,86.50134057997673
4,3,89.87356822036028
4,4,0.0
4,5,0.1807758367154916
4,6,94.07832251908805
4,7,86.63789107359926
4,9,48.893990771689296
4,10,41.26512571639987
4,14,34.216823027300094
4,15,41.48349039995312
4,16,111.61818207821722
4,17,83.39473381440655
4,18,11.323767389418865
4,19,5.164812901832182
4,20,23.586921694192846
4,21,29.786088645270024
4,22,36.40472587521989
4,23,38.71439596702937
5,0,87.91280501057874
5,1,91.52931381625496
5,2,86.32782647406721
5,3,89.69949795589051
5,4,0.1807758367154916
5,5,0.0
5,6,93.90632602362471
5,7,86.4805283420175
5,9,48.83199111117974
5,10,41.095920059552505
5,14,34.07139384125139
5,15,41.36011828346963
5,16,111.65092309585877
5,17,83.44292053771538
5,18,11.207708990974803
5,19,5.157942757238747
5,20,23.46192383945913
5,21,29.61700151003762
5,22,36.23125438628574
5,23,38.549653591250966
6,0,6.16412476653979
6,1,3.064969205234678
6,2,7.787981672986421
6,3,4.89901237245679
6,4,94.07832251908805
6,5,93.90632602362471
6,6,0.0
6,7,14.721220338589974
6,9,94.1036085277222
6,10,63.36179642033077
6,14,75.38766431597307
6,15,78.57049304749769
6,16,93.19755273954068
6,17,95.9797626965711
6,18,84.4946321087461
6,19,95.41080339834754
6,20,84.29064565046623
6,21,71.43649387895941
6,22,64.92988017187695
6,23,66.85411572544437
7,0,11.274921781857282
7,1,11.883457555843076
7,2,14.35182298195497
7,3,15.468680787251564
7,4,86.63789107359926
7,5,86.4805283420175
7,6,14.721220338589974
7,7,0.0
7,9,97.53398390305388
7,10,63.309360489605815
7,14,74.93530827466239
7,15,80.27125475239856
7,16,82.40323964383963
7,17,81.86843200114089
7,18,76.04723798671458
7,19,88.96022995803561
7,20,81.78570250618257
7,21,68.95776724083446
7,22,63.373611404146
7,23,66.58071064491556
9,0,90.81447774178115
9,1,93.7428796983917
9,2,87.43431488957897
9,3,89.33855844378688
9,4,48.893990771689296
9,5,48.83199111117974
9,6,94.1036085277222
9,7,97.53398390305388
9,9,0.0
9,10,35.69941304605376
9,14,26.53166602937412
9,15,18.11787151748016
9,16,159.465048764912
9,17,132.12509969743428
9,18,55.18328412562877
9,19,43.97440411290538
9,20,28.612015817127507
9,21,35.725310969987426
9,22,37.88531185373447
9,23,33.08620690906016
10,0,58.72567804188871
10,1,62.13629481422089
10,2,55.80314062973163
10,3,58.476271123404025
10,4,41.26512571639987
10,5,41.095920059552505
10,6,63.36179642033077
10,7,63.309360489605815
10,9,35.69941304605376
10,10,0.0
10,14,12.025922493876049
10,15,17.60023003792631
10,16,129.82611832344563
10,17,108.80098622157205
10,18,38.72460764740807
10,19,39.42871868556034
10,20,22.102038705180583
10,21,11.479149278444435
10,22,5.5651062610187285
10,23,3.5096728633783174
14,0,70.72190790396486
14,1,74.14890586940672
14,2,67.82319059173479
14,3,70.50164615407488
14,4,34.216823027300094
14,5,34.07139384125139
14,6,75.38766431597307
14,7,74.93530827466239
14,9,26.53166602937412
14,10,12.025922493876049
14,14,0.0
14,15,9.762933447312628
14,16,135.06585118808331
14,17,110.70520679898755
14,18,35.120385918339565
14,19,31.159726504725874
14,20,11.609877544360785
14,21,9.467968989912421
14,22,11.891517102553122
14,23,8.543087330725324
15,0,74.58188032054458
15,1,77.77628771590396
15,2,71.39035385300437
15,3,73.68893702024037
15,4,41.48349039995312
15,5,41.36011828346963
15,6,78.57049304749769
15,7,80.27125475239856
15,9,18.11787151748016
15,10,17.60023003792631
15,14,9.762933447312628
15,15,0.0
15,16,144.7792619775913
15,17,120.33597067763837
15,18,44.02947012918029
15,19,37.64856934840638
15,20,17.901269641683932
15,21,19.171902717983585
15,22,19.981190178072524
15,23,14.997056487642718
16,0,92.968904141958
16,1,91.76270231090149
16,2,96.42667618913359
16,3,96.46509089931212
16,4,111.61818207821722
16,5,111.65092309585877
16,6,93.19755273954068
16,7,82.40323964383963
16,9,159.465048764912
16,10,129.82611832344563
16,14,135.06585118808331
16,15,144.7792619775913
16,16,0.0
16,17,28.755662368159072
16,18,104.36747878901657
16,19,116.74076102298133
16,20,130.88968003048797
16,21,125.61391341805366
16,22,125.70824866570078
16,23,131.1239307367939
17,0,93.08270770930483
17,1,93.50672991231797
17,2,95.79444079839152
17,3,97.33087489851118
17,4,83.39473381440655
17,5,83.44292053771538
17,6,95.9797626965711
17,7,81.86843200114089
17,9,132.12509969743428
17,10,108.80098622157205
17,14,110.70520679898755
17,15,120.33597067763837
17,16,28.755662368159072
17,17,0.0
17,18,77.2324104014538
17,19,88.44401373909226
17,20,104.28279383033126
17,21,101.70436181919271
17,22,103.7336616098076
17,23,109.02689950769653
18,0,78.39027035203551
18,1,81.9447160979306
18,2,77.13507429572849
18,3,80.56166775692797
18,4,11.323767389418865
18,5,11.207708990974803
18,6,84.4946321087461
18,7,76.04723798671458
18,9,55.18328412562877
18,10,38.72460764740807
18,14,35.120385918339565
18,15,44.02947012918029
18,16,104.36747878901657
18,17,77.2324104014538
18,18,0.0
18,19,15.48105368711362
18,20,27.07085978667867
18,21,27.937193035810175
18,22,33.26660955179208
18,23,37.01620628545981
19,0,89.54717154427789
19,1,93.19041059769596
19,2,87.71497478211332
19,3,91.02046444273603
19,4,5.164812901832182
19,5,5.157942757238747
19,6,95.41080339834754
19,7,88.96022995803561
19,9,43.97440411290538
19,10,39.42871868556034
19,14,31.159726504725874
19,15,37.64856934840638
19,16,116.74076102298133
19,17,88.44401373909226
19,18,15.48105368711362
19,19,0.0
19,20,19.945830299780674
19,21,28.069565050612916
19,22,34.9846172904068
19,23,36.58617907559393
20,0,79.14401031630211
20,1,82.70709788625072
20,2,76.55185001317787
20,3,79.48626347013807
20,4,23.586921694192846
20,5,23.46192383945913
20,6,84.29064565046623
20,7,81.78570250618257
20,9,28.612015817127507
20,10,22.102038705180583
20,14,11.609877544360785
20,15,17.901269641683932
20,16,130.88968003048797
20,17,104.28279383033126
20,18,27.07085978667867
20,19,19.945830299780674
20,20,0.0
20,21,12.938096758300642
20,22,19.408784102784047
20,23,18.72602052256988
21,0,66.22701953291076
21,1,69.80081860667035
21,2,63.67911624863786
21,3,66.65959636434269
21,4,29.786088645270024
21,5,29.61700151003762
21,6,71.43649387895941
21,7,68.95776724083446
21,9,35.725310969987426
21,10,11.479149278444435
21,14,9.467968989912421
21,15,19.171902717983585
21,16,125.61391341805366
21,17,101.70436181919271
21,18,27.937193035810175
21,19,28.069565050612916
21,20,12.938096758300642
21,21,0.0
21,22,7.0373848130016805
21,23,9.157767614908998
22,0,59.90172169713222
22,1,63.4286559756511
22,2,57.21751988558203
22,3,60.106337165504605
22,4,36.40472587521989
22,5,36.23125438628574
22,6,64.92988017187695
22,7,63.373611404146
22,9,37.88531185373447
22,10,5.5651062610187285
22,14,11.891517102553122
22,15,19.981190178072524
22,16,125.70824866570078
22,17,103.7336616098076
22,18,33.26660955179208
22,19,34.9846172904068
22,20,19.408784102784047
22,21,7.0373848130016805
22,22,0.0
22,23,5.4314412485209
23,0,62.18137401973272
23,1,65.60583465777785
23,2,59.28095632711846
23,3,61.970991150740126
23,4,38.71439596702937
23,5,38.549653591250966
23,6,66.85411572544437
23,7,66.58071064491556
23,9,33.08620690906016
23,10,3.5096728633783174
23,14,8.543087330725324
23,15,14.997056487642718
23,16,131.1239307367939
23,17,109.02689950769653
23,18,37.01620628545981
23,19,36.58617907559393
23,20,18.72602052256988
23,21,9.157767614908998
23,22,5.4314412485209
23,23,0.0
