source_id,target_id,rtt
0,0,0.0
0,1,15.8904904024673
0,2,13.148204975435496
0,3,10.23296745496252
0,4,15.788875535279749
0,5,19.54249178482396
0,6,15.479681438972385
0,7,14.180839770858167
0,8,20.64600441575001
0,9,20.475657365052108
0,10,62.753477065216146
0,11,53.99117408874311
0,12,48.38980654044494
0,13,51.85766396528675
0,14,37.60639497023823
0,15,28.294771583956873
0,16,31.668517190987252
0,17,24.668298211937586
1,0,15.8904904024673
1,1,0.0
1,2,10.729891846564696
1,3,13.645129367037672
1,4,8.089221286720443
1,5,3.6520013823566613
1,6,0.4108089634949138
1,7,1.7096506316091324
1,8,12.946350167190705
1,9,15.812016240616533
1,10,50.269695638459034
1,11,41.507392661986
1,12,40.69015229188564
1,13,38.26542772089888
1,14,24.01415872585036
1,15,12.404281181489576
1,16,16.599644715509783
1,17,11.619375393731053
2,0,13.148204975435496
2,1,10.729891846564696
2,2,0.0
2,3,2.915237520472976
2,4,2.6406705598442524
2,5,7.82815049837248
2,6,10.319082883069782
2,7,11.617924551184
2,8,7.497799440314514
2,9,7.327452389616611
2,10,49.605272089780655
2,11,40.84296911330762
2,12,35.24160156500945
2,13,38.70945898985125
2,14,24.45818999480273
2,15,16.580430297505394
2,16,23.300928336430616
2,17,11.52009323650209
3,0,10.23296745496252
3,1,13.645129367037672
3,2,2.915237520472976
3,3,0.0
3,4,5.555908080317229
3,5,10.743388018845456
3,6,13.234320403542759
3,7,14.533162071656978
3,8,10.41303696078749
3,9,10.242689910089588
3,10,52.520509610253626
3,11,43.75820663378059
3,12,38.15683908548242
3,13,41.62469651032423
3,14,27.373427515275708
3,15,19.495667817978372
3,16,26.216165856903594
3,17,14.435330756975066
4,0,15.788875535279749
4,1,8.089221286720443
4,2,2.6406705598442524
4,3,5.555908080317229
4,4,0.0
4,5,5.187479938528227
4,6,7.67841232322553
4,7,8.977253991339747
4,8,4.8571288804702615
4,9,9.968122949460863
4,10,46.9646015299364
4,11,38.202298553463365
4,12,32.600931005165194
4,13,38.35395339704341
4,14,25.549637282021926
4,15,13.939759737661142
4,16,20.660257776586363
4,17,14.160763796346341
5,0,19.54249178482396
5,1,3.6520013823566613
5,2,7.82815049837248
5,3,10.743388018845456
5,4,5.187479938528227
5,5,0.0
5,6,4.062810345851575
5,7,5.361652013965793
5,8,10.044608818998489
5,9,15.15560288798909
5,10,52.15208146846463
5,11,43.38977849199159
5,12,37.78841094369342
5,13,34.61342633854221
5,14,20.3621573434937
5,15,8.752279799132914
5,16,15.472777838058136
5,17,15.271376776087713
6,0,15.479681438972385
6,1,0.4108089634949138
6,2,10.319082883069782
6,3,13.234320403542759
6,4,7.67841232322553
6,5,4.062810345851575
6,6,0.0
6,7,1.2988416681142185
6,8,12.535541203695791
6,9,16.222825204111444
6,10,50.68050460195394
6,11,41.91820162548092
6,12,40.27934332839072
6,13,38.676236684393785
6,14,24.424967689345273
6,15,12.815090144984488
6,16,16.188835752014867
6,17,12.030184357225966
7,0,14.180839770858167
7,1,1.7096506316091324
7,2,11.617924551184
7,3,14.533162071656978
7,4,8.977253991339747
7,5,5.361652013965793
7,6,1.2988416681142185
7,7,0.0
7,8,13.83438287181001
7,9,17.521666872225662
7,10,51.97934627006816
7,11,43.21704329359513
7,12,41.578184996504945
7,13,39.97507835250801
7,14,25.72380935745949
7,15,14.113931813098706
7,16,17.487677420129085
7,17,13.329026025340184
8,0,20.64600441575001
8,1,12.946350167190705
8,2,7.497799440314514
8,3,10.41303696078749
8,4,4.8571288804702615
8,5,10.044608818998489
8,6,12.535541203695791
8,7,13.83438287181001
8,8,0.0
8,9,14.825251829931124
8,10,42.10747264946613
8,11,33.3451696729931
8,12,27.74380212469493
8,13,33.49682451657315
8,14,30.40676616249219
8,15,18.796888618131405
8,16,25.517386657056626
8,17,19.017892676816604
9,0,20.475657365052108
9,1,15.812016240616533
9,2,7.327452389616611
9,3,10.242689910089588
9,4,9.968122949460863
9,5,15.15560288798909
9,6,16.222825204111444
9,7,17.521666872225662
9,8,14.825251829931124
9,9,0.0
9,10,42.84296109161346
9,11,34.08065811514043
9,12,37.135028992112865
9,13,31.382006600234636
9,14,17.13073760518612
9,15,23.907882687122004
9,16,30.628380726047226
9,17,4.192640846885479
10,0,62.753477065216146
10,1,50.269695638459034
10,2,49.605272089780655
10,3,52.520509610253626
10,4,46.9646015299364
10,5,52.15208146846463
10,6,50.68050460195394
10,7,51.97934627006816
10,8,42.10747264946613
10,9,42.84296109161346
10,10,0.0
10,11,8.762302976473032
10,12,14.363670524771205
10,13,20.116692916649427
10,14,34.36796191169795
10,15,45.97783945605873
10,16,52.69833749498395
10,17,38.65032024472798
11,0,53.99117408874311
11,1,41.507392661986
11,2,40.84296911330762
11,3,43.75820663378059
11,4,38.202298553463365
11,5,43.38977849199159
11,6,41.91820162548092
11,7,43.21704329359513
11,8,33.3451696729931
11,9,34.08065811514043
11,10,8.762302976473032
11,11,0.0
11,12,5.601367548298173
11,13,11.354389940176393
11,14,25.60565893522491
11,15,37.215536479585694
11,16,43.936034518510915
11,17,29.88801726825495
12,0,48.38980654044494
12,1,40.69015229188564
12,2,35.24160156500945
12,3,38.15683908548242
12,4,32.600931005165194
12,5,37.78841094369342
12,6,40.27934332839072
12,7,41.578184996504945
12,8,27.74380212469493
12,9,37.135028992112865
12,10,14.363670524771205
12,11,5.601367548298173
12,12,0.0
12,13,5.753022391878221
12,14,20.004291386926738
12,15,31.614168931287523
12,16,38.334666970212744
12,17,32.94238814522738
13,0,51.85766396528675
13,1,38.26542772089888
13,2,38.70945898985125
13,3,41.62469651032423
13,4,38.35395339704341
13,5,34.61342633854221
13,6,38.676236684393785
13,7,39.97507835250801
13,8,33.49682451657315
13,9,31.382006600234636
13,10,20.116692916649427
13,11,11.354389940176393
13,12,5.753022391878221
13,13,0.0
13,14,14.251268995048516
13,15,25.8611465394093
13,16,32.58164457833452
13,17,27.189365753349158
14,0,37.60639497023823
14,1,24.01415872585036
14,2,24.45818999480273
14,3,27.373427515275708
14,4,25.549637282021926
14,5,20.3621573434937
14,6,24.424967689345273
14,7,25.72380935745949
14,8,30.40676616249219
14,9,17.13073760518612
14,10,34.36796191169795
14,11,25.60565893522491
14,12,20.004291386926738
14,13,14.251268995048516
14,14,0.0
14,15,11.609877544360785
14,16,18.330375583286006
14,17,12.938096758300642
15,0,28.294771583956873
15,1,12.404281181489576
15,2,16.580430297505394
15,3,19.495667817978372
15,4,13.939759737661142
15,5,8.752279799132914
15,6,12.815090144984488
15,7,14.113931813098706
15,8,18.796888618131405
15,9,23.907882687122004
15,10,45.97783945605873
15,11,37.215536479585694
15,12,31.614168931287523
15,13,25.8611465394093
15,14,11.609877544360785
15,15,0.0
15,16,6.7204980389252205
15,17,24.023656575220627
16,0,31.668517190987252
16,1,16.599644715509783
16,2,23.300928336430616
16,3,26.216165856903594
16,4,20.660257776586363
16,5,15.472777838058136
16,6,16.188835752014867
16,7,17.487677420129085
16,8,25.517386657056626
16,9,30.628380726047226
16,10,52.69833749498395
16,11,43.936034518510915
16,12,38.334666970212744
16,13,32.58164457833452
16,14,18.330375583286006
16,15,6.7204980389252205
16,16,0.0
16,17,28.219020109240834
17,0,24.668298211937586
17,1,11.619375393731053
17,2,11.52009323650209
17,3,14.435330756975066
17,4,14.160763796346341
17,5,15.271376776087713
17,6,12.030184357225966
17,7,13.329026025340184
17,8,19.017892676816604
17,9,4.192640846885479
17,10,38.65032024472798
17,11,29.88801726825495
17,12,32.94238814522738
17,13,27.189365753349158
17,14,12.938096758300642
17,15,24.023656575220627
17,16,28.219020109240834
17,17,0.0
