source_id,target_id,rtt
0,0,0.0
0,2,9.578589383095215
0,3,0.3336153360037468
0,4,0.2195067481415134
0,5,0.19423575270913712
0,6,0.12159198552163936
0,7,0.17433767910868567
0,9,2.4763525362679935
0,10,142.85196507964324
0,11,144.1091867775422
0,12,144.1091867775422
0,14,211.5682658535888
0,15,211.5682658535888
0,16,211.14143749452515
0,17,142.85196507964324
0,18,211.14143749452515
0,19,124.74014889057383
0,20,8.694274313879625
0,21,3.861569057252194
0,22,4.28508601181778
0,23,122.17793581776627
0,24,109.77582978323785
0,25,83.64077057838921
0,26,83.88823014744928
0,27,17.17690406842454
0,28,8.435938692132359
0,29,0.49102218153792276
0,30,0.0
0,31,2.4477753154305186
0,32,2.9832977965189755
0,33,1.9674937628460791
0,34,3.8539469352258604
0,35,5.290049793410028
0,36,6.66536815883692
2,0,9.578589383095215
2,2,0.0
2,3,9.912204719098963
2,4,9.798091623963039
2,5,9.772825135804352
2,6,9.700176861343165
2,7,9.7529270622039
2,9,12.054941919363209
2,10,152.43055446273846
2,11,153.6877761606374
2,12,153.6877761606374
2,14,221.14685523668402
2,15,221.14685523668402
2,16,220.72002237034667
2,17,152.43055446273846
2,18,220.72002237034667
2,19,134.31873827366906
2,20,18.272863696974838
2,21,13.440158440347409
2,22,13.863675394912995
2,23,131.7565252008615
2,24,119.35441465905939
2,25,93.21935996148443
2,26,93.4668195305445
2,27,26.755493451519754
2,28,18.014528075227574
2,29,10.069611564633139
2,30,9.578589383095215
2,31,12.026364698525734
2,32,12.56188717961419
2,33,11.546083145941294
2,34,13.432536318321075
2,35,14.868639176505242
2,36,16.243957541932133
3,0,0.3336153360037468
3,2,9.912204719098963
3,3,0.0
3,4,0.3803493827708445
3,5,0.5228896234691908
3,6,0.2824346201509705
3,7,0.36358419209202286
3,9,2.8099678722717405
3,10,143.185580415647
3,11,144.44280211354595
3,12,144.44280211354595
3,14,211.90188118959256
3,15,211.90188118959256
3,16,211.3022801291545
3,17,143.185580415647
3,18,211.3022801291545
3,19,125.07376422657758
3,20,9.027889649883372
3,21,4.195184393255941
3,22,4.618701347821528
3,23,122.51155115377001
3,24,109.93667241786719
3,25,83.97438591439295
3,26,84.22184548345302
3,27,17.510519404428287
3,28,8.65294698105009
3,29,0.6658353170184473
3,30,0.3336153360037468
3,31,2.7813906514342657
3,32,3.316913132522722
3,33,2.301109098849826
3,34,4.1875622712296074
3,35,5.623665129413775
3,36,6.998983494840667
4,0,0.2195067481415134
4,2,9.798091623963039
4,3,0.3803493827708445
4,4,0.0
4,5,0.33836976593809437
4,6,0.09791476261987406
4,7,0.17906433456092644
4,9,2.6930666770104095
4,10,143.05546204319577
4,11,144.32730374090363
4,12,144.32730374090363
4,14,211.78777260173032
4,15,211.78777260173032
4,16,211.1177602716234
4,17,143.07147182778476
4,18,211.1177602716234
4,19,124.95965563871535
4,20,8.912391277241042
4,21,4.079775206766311
4,22,4.503202975179198
4,23,122.39744256590778
4,24,109.7521525603361
4,25,83.86027732653072
4,26,84.10773689559079
4,27,17.39502103178596
4,28,8.468427123518993
4,29,0.4813154594873509
4,30,0.2195067481415134
4,31,2.6672820635720322
4,32,3.2028045446604887
4,33,2.1870005109875925
4,34,4.0720638985872775
4,35,5.508166756771445
4,36,6.883485122198337
5,0,0.19423575270913712
5,2,9.772825135804352
5,3,0.5228896234691908
5,4,0.33836976593809437
5,5,0.0
5,6,0.2404550033182203
5,7,0.32160457525927266
5,9,2.6705882889771306
5,10,143.04620083235238
5,11,144.30342253025134
5,12,144.30342253025134
5,14,211.76250160629795
5,15,211.76250160629795
5,16,211.26030051232175
5,17,143.04620083235238
5,18,211.26030051232175
5,19,124.93438464328297
5,20,8.888510066588761
5,21,4.055804809961331
5,22,4.479321764526918
5,23,122.3721715704754
5,24,109.89469280103444
5,25,83.83500633109834
5,26,84.08246590015841
5,27,17.371139821133678
5,28,8.61096736421734
5,29,0.6238557001856971
5,30,0.19423575270913712
5,31,2.642011068139656
5,32,3.1775335492281123
5,33,2.161729515555216
5,34,4.048182687934998
5,35,5.484285546119166
5,36,6.859603911546056
6,0,0.12159198552163936
6,2,9.700176861343165
6,3,0.2824346201509705
6,4,0.09791476261987406
6,5,0.2404550033182203
6,6,0.0
6,7,0.08114957194105238
6,9,2.5951519143905353
6,10,142.95754728057588
6,11,144.22938897828374
6,12,144.22938897828374
6,14,211.68985783911043
6,15,211.68985783911043
6,16,211.01984550900352
6,17,142.97355706516487
6,18,211.01984550900352
6,19,124.86174087609547
6,20,8.814476514621168
6,21,3.9818604441464376
6,22,4.405288212559324
6,23,122.2995278032879
6,24,109.65423779771622
6,25,83.76236256391084
6,26,84.00982213297091
6,27,17.297106269166086
6,28,8.370512360899118
6,29,0.38340069686747685
6,30,0.12159198552163936
6,31,2.569367300952158
6,32,3.1048897820406145
6,33,2.0890857483677183
6,34,3.9741491359674033
6,35,5.4102519941515705
6,36,6.785570359578463
7,0,0.17433767910868567
7,2,9.7529270622039
7,3,0.36358419209202286
7,4,0.17906433456092644
7,5,0.32160457525927266
7,6,0.08114957194105238
7,7,0.0
7,9,2.650690215376679
7,10,142.87639770863484
7,11,144.25610754063925
7,12,144.25610754063925
7,14,211.74260353269747
7,15,211.74260353269747
7,16,211.10099508094459
7,17,143.0263027587519
7,18,211.10099508094459
7,19,124.91448656968252
7,20,8.841195076976664
7,21,4.021691448804571
7,22,4.432006774914821
7,23,122.35227349687496
7,24,109.73538736965727
7,25,83.8151082574979
7,26,84.06256782655797
7,27,17.32382483152158
7,28,8.451661932840171
7,29,0.46455026880852923
7,30,0.17433767910868567
7,31,2.6221129945392043
7,32,3.157635475627661
7,33,2.1418314419547646
7,34,4.0008676983229
7,35,5.4369705565070685
7,36,6.812288921933959
9,0,2.4763525362679935
9,2,12.054941919363209
9,3,2.8099678722717405
9,4,2.6930666770104095
9,5,2.6705882889771306
9,6,2.5951519143905353
9,7,2.650690215376679
9,9,0.0
9,10,145.32831761591123
9,11,141.64791747915527
9,12,141.64791747915527
9,14,214.0446183898568
9,15,214.0446183898568
9,16,213.61499742339407
9,17,145.32831761591123
9,18,213.61499742339407
9,19,127.21650142684183
9,20,6.233005015492697
9,21,1.413501387320603
9,22,1.8238167134308532
9,23,124.65428835403426
9,24,112.24938971210676
9,25,86.1171231146572
9,26,86.36458268371727
9,27,14.715634770037614
9,28,10.912291228400353
9,29,2.9673747178059164
9,30,2.4763525362679935
9,31,4.3173498166409985
9,32,3.781827335552542
9,33,0.9262025318053695
9,34,1.3926776368389329
9,35,2.828780495023101
9,36,4.204098860449992
10,0,142.85196507964324
10,2,152.43055446273846
10,3,143.185580415647
10,4,143.05546204319577
10,5,143.04620083235238
10,6,142.95754728057588
10,7,142.87639770863484
10,9,145.32831761591123
10,10,0.0
10,11,286.9611518571854
10,12,286.9611518571854
10,14,354.420230933232
10,15,354.420230933232
10,16,353.9773927895794
10,17,285.7039301592865
10,18,353.9773927895794
10,19,267.59211397021704
10,20,151.54623939352285
10,21,146.71353413689542
10,22,147.13705109146102
10,23,265.0299008974095
10,24,252.61178507829212
10,25,226.49273565803244
10,26,226.7401952270925
10,27,160.02886914806777
10,28,151.2879037717756
10,29,143.34094797744336
10,30,142.85196507964324
10,31,145.29974039507374
10,32,145.8352628761622
10,33,144.81945884248933
10,34,146.70591201486909
10,35,148.14201487305326
10,36,149.51733323848015
11,0,144.1091867775422
11,2,153.6877761606374
11,3,144.44280211354595
11,4,144.32730374090363
11,5,144.30342253025134
11,6,144.22938897828374
11,7,144.25610754063925
11,9,141.64791747915527
11,10,286.9611518571854
11,11,0.0
11,12,280.5104796846327
11,14,355.677452631131
11,15,355.677452631131
11,16,354.6012406511793
11,17,286.9611518571854
11,18,354.6012406511793
11,19,268.84933566811605
11,20,145.0955672209701
11,21,140.276063592798
11,22,140.68637891890828
11,23,266.28712259530846
11,24,253.235632939892
11,25,227.74995735593143
11,26,227.99741692499148
11,27,153.57819697551503
11,28,152.54512546967456
11,29,144.60020895908013
11,30,144.1091867775422
11,31,143.1799120221184
11,32,142.64438954102994
11,33,142.57412001096066
11,34,140.25523984231634
11,35,141.6913427005005
11,36,143.0666610659274
12,0,144.1091867775422
12,2,153.6877761606374
12,3,144.44280211354595
12,4,144.32730374090363
12,5,144.30342253025134
12,6,144.22938897828374
12,7,144.25610754063925
12,9,141.64791747915527
12,10,286.9611518571854
12,11,280.5104796846327
12,12,0.0
12,14,355.677452631131
12,15,355.677452631131
12,16,354.6012406511793
12,17,286.9611518571854
12,18,354.6012406511793
12,19,268.84933566811605
12,20,145.0955672209701
12,21,140.276063592798
12,22,140.68637891890828
12,23,266.28712259530846
12,24,253.235632939892
12,25,227.74995735593143
12,26,227.99741692499148
12,27,153.57819697551503
12,28,152.54512546967456
12,29,144.60020895908013
12,30,144.1091867775422
12,31,143.1799120221184
12,32,142.64438954102994
12,33,142.57412001096066
12,34,140.25523984231634
12,35,141.6913427005005
12,36,143.0666610659274
14,0,211.5682658535888
14,2,221.14685523668402
14,3,211.90188118959256
14,4,211.78777260173032
14,5,211.76250160629795
14,6,211.68985783911043
14,7,211.74260353269747
14,9,214.0446183898568
14,10,354.420230933232
14,11,355.677452631131
14,12,355.677452631131
14,14,0.0
14,15,173.65623392602996
14,16,207.42472793303705
14,17,354.420230933232
14,18,179.8036398838214
14,19,86.82811696301498
14,20,220.26254016746842
14,21,215.42983491084098
14,22,215.85335186540658
14,23,90.33778982639329
14,24,106.05912022174977
14,25,127.92749527519959
14,26,128.17495484425967
14,27,228.74516992201333
14,28,220.00420454572117
14,29,212.0592880351267
14,30,211.5682658535888
14,31,214.0160411690193
14,32,214.55156365010777
14,33,213.5357596164349
14,34,215.42221278881465
14,35,216.85831564699882
14,36,218.2336340124257
15,0,211.5682658535888
15,2,221.14685523668402
15,3,211.90188118959256
15,4,211.78777260173032
15,5,211.76250160629795
15,6,211.68985783911043
15,7,211.74260353269747
15,9,214.0446183898568
15,10,354.420230933232
15,11,355.677452631131
15,12,355.677452631131
15,14,173.65623392602996
15,15,0.0
15,16,207.42472793303705
15,17,354.420230933232
15,18,179.8036398838214
15,19,86.82811696301498
15,20,220.26254016746842
15,21,215.42983491084098
15,22,215.85335186540658
15,23,90.33778982639329
15,24,106.05912022174977
15,25,127.92749527519959
15,26,128.17495484425967
15,27,228.74516992201333
15,28,220.00420454572117
15,29,212.0592880351267
15,30,211.5682658535888
15,31,214.0160411690193
15,32,214.55156365010777
15,33,213.5357596164349
15,34,215.42221278881465
15,35,216.85831564699882
15,36,218.2336340124257
16,0,211.14143749452515
16,2,220.72002237034667
16,3,211.3022801291545
16,4,211.1177602716234
16,5,211.26030051232175
16,6,211.01984550900352
16,7,211.10099508094459
16,9,213.61499742339407
16,10,353.9773927895794
16,11,354.6012406511793
16,12,354.6012406511793
16,14,207.42472793303705
16,15,207.42472793303705
16,16,0.0
16,17,353.9934025741684
16,18,202.7312154225746
16,19,120.59661097002208
16,20,219.18632818751675
16,21,214.36682455934465
16,22,214.77713988545491
16,23,117.08695993218933
16,24,101.3656077112873
16,25,130.66407870917286
16,26,130.89440101359253
16,27,227.66895794206167
16,28,219.39035786990263
16,29,211.403246205871
16,30,211.14143749452515
16,31,213.58921280995565
16,32,214.12473529104412
16,33,213.10893125737124
16,34,214.34600080886298
16,35,215.78210366704715
16,36,217.15742203247405
17,0,142.85196507964324
17,2,152.43055446273846
17,3,143.185580415647
17,4,143.07147182778476
17,5,143.04620083235238
17,6,142.97355706516487
17,7,143.0263027587519
17,9,145.32831761591123
17,10,285.7039301592865
17,11,286.9611518571854
17,12,286.9611518571854
17,14,354.420230933232
17,15,354.420230933232
17,16,353.9934025741684
17,17,0.0
17,18,353.9934025741684
17,19,267.59211397021704
17,20,151.54623939352285
17,21,146.71353413689542
17,22,147.13705109146102
17,23,265.0299008974095
17,24,252.6277948628811
17,25,226.49273565803244
17,26,226.7401952270925
17,27,160.02886914806777
17,28,151.2879037717756
17,29,143.34298726118115
17,30,142.85196507964324
17,31,145.29974039507374
17,32,145.8352628761622
17,33,144.81945884248933
17,34,146.70591201486909
17,35,148.14201487305326
17,36,149.51733323848015
18,0,211.14143749452515
18,2,220.72002237034667
18,3,211.3022801291545
18,4,211.1177602716234
18,5,211.26030051232175
18,6,211.01984550900352
18,7,211.10099508094459
18,9,213.61499742339407
18,10,353.9773927895794
18,11,354.6012406511793
18,12,354.6012406511793
18,14,179.8036398838214
18,15,179.8036398838214
18,16,202.7312154225746
18,17,353.9934025741684
18,18,0.0
18,19,92.97552292080644
18,20,219.18632818751675
18,21,214.36682455934465
18,22,214.77713988545491
18,23,89.46585005742813
18,24,101.3656077112873
18,25,127.92733514602405
18,26,128.17479471508412
18,27,227.66895794206167
18,28,219.39035786990263
18,29,211.403246205871
18,30,211.14143749452515
18,31,213.58921280995565
18,32,214.12473529104412
18,33,213.10893125737124
18,34,214.34600080886298
18,35,215.78210366704715
18,36,217.15742203247405
19,0,124.74014889057383
19,2,134.31873827366906
19,3,125.07376422657758
19,4,124.95965563871535
19,5,124.93438464328297
19,6,124.86174087609547
19,7,124.91448656968252
19,9,127.21650142684183
19,10,267.59211397021704
19,11,268.84933566811605
19,12,268.84933566811605
19,14,86.82811696301498
19,15,86.82811696301498
19,16,120.59661097002208
19,17,267.59211397021704
19,18,92.97552292080644
19,19,0.0
19,20,133.43442320445345
19,21,128.60171794782602
19,22,129.02523490239162
19,23,3.5096728633783174
19,24,19.231003258734795
19,25,41.09937831218462
19,26,41.34683788124469
19,27,141.91705295899837
19,28,133.1760875827062
19,29,125.23117107211176
19,30,124.74014889057383
19,31,127.18792420600435
19,32,127.72344668709282
19,33,126.70764265341991
19,34,128.59409582579968
19,35,130.03019868398385
19,36,131.40551704941075
20,0,8.694274313879625
20,2,18.272863696974838
20,3,9.027889649883372
20,4,8.912391277241042
20,5,8.888510066588761
20,6,8.814476514621168
20,7,8.841195076976664
20,9,6.233005015492697
20,10,151.54623939352285
20,11,145.0955672209701
20,12,145.0955672209701
20,14,220.26254016746842
20,15,220.26254016746842
20,16,219.18632818751675
20,17,151.54623939352285
20,18,219.18632818751675
20,19,133.43442320445345
20,20,0.0
20,21,4.834011928782519
20,22,5.271466455245685
20,23,130.8722101316459
20,24,117.82072047622945
20,25,92.33504489226884
20,26,92.58250446132891
20,27,8.482629754544917
20,28,17.130213006011985
20,29,9.185296495417548
20,30,8.694274313879625
20,31,7.737860358102914
20,32,7.2023378770144575
20,33,7.159207547298067
20,34,4.840327378653765
20,35,6.268196801242362
20,36,7.641668852503122
21,0,3.861569057252194
21,2,13.440158440347409
21,3,4.195184393255941
21,4,4.079775206766311
21,5,4.055804809961331
21,6,3.9818604441464376
21,7,4.021691448804571
21,9,1.413501387320603
21,10,146.71353413689542
21,11,140.276063592798
21,12,140.276063592798
21,14,215.42983491084098
21,15,215.42983491084098
21,16,214.36682455934465
21,17,146.71353413689542
21,18,214.36682455934465
21,19,128.60171794782602
21,20,4.834011928782519
21,21,0.0
21,22,0.4497196394302378
21,23,126.03950487501847
21,24,113.00121684805735
21,25,87.5023396356414
21,26,87.74979920470147
21,27,13.316641683327436
21,28,12.297507749384552
21,29,4.352591238790117
21,30,3.861569057252194
21,31,2.903848429320395
21,32,2.3683259482319388
21,33,2.3397039191259723
21,34,0.020823750481670275
21,35,1.434184872459843
21,36,2.807656923720603
22,0,4.28508601181778
22,2,13.863675394912995
22,3,4.618701347821528
22,4,4.503202975179198
22,5,4.479321764526918
22,6,4.405288212559324
22,7,4.432006774914821
22,9,1.8238167134308532
22,10,147.13705109146102
22,11,140.68637891890828
22,12,140.68637891890828
22,14,215.85335186540658
22,15,215.85335186540658
22,16,214.77713988545491
22,17,147.13705109146102
22,18,214.77713988545491
22,19,129.02523490239162
22,20,5.271466455245685
22,21,0.4497196394302378
22,22,0.0
22,23,126.46302182958405
22,24,113.4115321741676
22,25,87.92585659020699
22,26,88.17331615926706
22,27,13.754096209790601
22,28,12.721024703950139
22,29,4.776108193355704
22,30,4.28508601181778
22,31,3.353568068750633
22,32,2.8180455876621764
22,33,2.7500192452362224
22,34,0.4311390765919203
22,35,1.867241934776088
22,36,3.2425603002029795
23,0,122.17793581776627
23,2,131.7565252008615
23,3,122.51155115377001
23,4,122.39744256590778
23,5,122.3721715704754
23,6,122.2995278032879
23,7,122.35227349687496
23,9,124.65428835403426
23,10,265.0299008974095
23,11,266.28712259530846
23,12,266.28712259530846
23,14,90.33778982639329
23,15,90.33778982639329
23,16,117.08695993218933
23,17,265.0299008974095
23,18,89.46585005742813
23,19,3.5096728633783174
23,20,130.8722101316459
23,21,126.03950487501847
23,22,126.46302182958405
23,23,0.0
23,24,15.721352220902041
23,25,38.53716523937707
23,26,38.78462480843714
23,27,139.3548398861908
23,28,130.61387450989864
23,29,122.6689579993042
23,30,122.17793581776627
23,31,124.62571113319679
23,32,125.16123361428525
23,33,124.14542958061234
23,34,126.03188275299213
23,35,127.4679856111763
23,36,128.84330397660318
24,0,109.77582978323785
24,2,119.35441465905939
24,3,109.93667241786719
24,4,109.7521525603361
24,5,109.89469280103444
24,6,109.65423779771622
24,7,109.73538736965727
24,9,112.24938971210676
24,10,252.61178507829212
24,11,253.235632939892
24,12,253.235632939892
24,14,106.05912022174977
24,15,106.05912022174977
24,16,101.3656077112873
24,17,252.6277948628811
24,18,101.3656077112873
24,19,19.231003258734795
24,20,117.82072047622945
24,21,113.00121684805735
24,22,113.4115321741676
24,23,15.721352220902041
24,24,0.0
24,25,29.298470997885556
24,26,29.52879330230524
24,27,126.30335023077437
24,28,118.02475015861533
24,29,110.0376384945837
24,30,109.77582978323785
24,31,112.22360509866837
24,32,112.75912757975684
24,33,111.74332354608393
24,34,112.98039309757569
24,35,114.41649595575986
24,36,115.79181432118675
25,0,83.64077057838921
25,2,93.21935996148443
25,3,83.97438591439295
25,4,83.86027732653072
25,5,83.83500633109834
25,6,83.76236256391084
25,7,83.8151082574979
25,9,86.1171231146572
25,10,226.49273565803244
25,11,227.74995735593143
25,12,227.74995735593143
25,14,127.92749527519959
25,15,127.92749527519959
25,16,130.66407870917286
25,17,226.49273565803244
25,18,127.92733514602405
25,19,41.09937831218462
25,20,92.33504489226884
25,21,87.5023396356414
25,22,87.92585659020699
25,23,38.53716523937707
25,24,29.298470997885556
25,25,0.0
25,26,0.2474595690600717
25,27,100.81767464681376
25,28,92.07670927052156
25,29,84.13179275992714
25,30,83.64077057838921
25,31,86.08854589381973
25,32,86.62406837490819
25,33,85.60826434123528
25,34,87.49471751361507
25,35,88.93082037179924
25,36,90.30613873722614
26,0,83.88823014744928
26,2,93.4668195305445
26,3,84.22184548345302
26,4,84.10773689559079
26,5,84.08246590015841
26,6,84.00982213297091
26,7,84.06256782655797
26,9,86.36458268371727
26,10,226.7401952270925
26,11,227.99741692499148
26,12,227.99741692499148
26,14,128.17495484425967
26,15,128.17495484425967
26,16,130.89440101359253
26,17,226.7401952270925
26,18,128.17479471508412
26,19,41.34683788124469
26,20,92.58250446132891
26,21,87.74979920470147
26,22,88.17331615926706
26,23,38.78462480843714
26,24,29.52879330230524
26,25,0.2474595690600717
26,26,0.0
26,27,101.06513421587383
26,28,92.32416883958163
26,29,84.3792523289872
26,30,83.88823014744928
26,31,86.3360054628798
26,32,86.87152794396826
26,33,85.85572391029535
26,34,87.74217708267514
26,35,89.17827994085931
26,36,90.5535983062862
27,0,17.17690406842454
27,2,26.755493451519754
27,3,17.510519404428287
27,4,17.39502103178596
27,5,17.371139821133678
27,6,17.297106269166086
27,7,17.32382483152158
27,9,14.715634770037614
27,10,160.02886914806777
27,11,153.57819697551503
27,12,153.57819697551503
27,14,228.74516992201333
27,15,228.74516992201333
27,16,227.66895794206167
27,17,160.02886914806777
27,18,227.66895794206167
27,19,141.91705295899837
27,20,8.482629754544917
27,21,13.316641683327436
27,22,13.754096209790601
27,23,139.3548398861908
27,24,126.30335023077437
27,25,100.81767464681376
27,26,101.06513421587383
27,27,0.0
27,28,25.6128427605569
27,29,17.667926249962463
27,30,17.17690406842454
27,31,16.22049011264783
27,32,15.684967631559374
27,33,15.641837301842983
27,34,13.322957133198681
27,35,14.75082655578728
27,36,16.12429860704804
28,0,8.435938692132359
28,2,18.014528075227574
28,3,8.65294698105009
28,4,8.468427123518993
28,5,8.61096736421734
28,6,8.370512360899118
28,7,8.451661932840171
28,9,10.912291228400353
28,10,151.2879037717756
28,11,152.54512546967456
28,12,152.54512546967456
28,14,220.00420454572117
28,15,220.00420454572117
28,16,219.39035786990263
28,17,151.2879037717756
28,18,219.39035786990263
28,19,133.1760875827062
28,20,17.130213006011985
28,21,12.297507749384552
28,22,12.721024703950139
28,23,130.61387450989864
28,24,118.02475015861533
28,25,92.07670927052156
28,26,92.32416883958163
28,27,25.6128427605569
28,28,0.0
28,29,8.753913057766596
28,30,8.435938692132359
28,31,10.883714007562878
28,32,11.419236488651334
28,33,10.403432454978438
28,34,12.289885627358219
28,35,13.725988485542386
28,36,15.101306850969278
29,0,0.49102218153792276
29,2,10.069611564633139
29,3,0.6658353170184473
29,4,0.4813154594873509
29,5,0.6238557001856971
29,6,0.38340069686747685
29,7,0.46455026880852923
29,9,2.9673747178059164
29,10,143.34094797744336
29,11,144.60020895908013
29,12,144.60020895908013
29,14,212.0592880351267
29,15,212.0592880351267
29,16,211.403246205871
29,17,143.34298726118115
29,18,211.403246205871
29,19,125.23117107211176
29,20,9.185296495417548
29,21,4.352591238790117
29,22,4.776108193355704
29,23,122.6689579993042
29,24,110.0376384945837
29,25,84.13179275992714
29,26,84.3792523289872
29,27,17.667926249962463
29,28,8.753913057766596
29,29,0.0
29,30,0.49102218153792276
29,31,2.9387974969684416
29,32,3.474319978056898
29,33,2.458515944384002
29,34,4.344969116763783
29,35,5.781071974947951
29,36,7.156390340374843
30,0,0.0
30,2,9.578589383095215
30,3,0.3336153360037468
30,4,0.2195067481415134
30,5,0.19423575270913712
30,6,0.12159198552163936
30,7,0.17433767910868567
30,9,2.4763525362679935
30,10,142.85196507964324
30,11,144.1091867775422
30,12,144.1091867775422
30,14,211.5682658535888
30,15,211.5682658535888
30,16,211.14143749452515
30,17,142.85196507964324
30,18,211.14143749452515
30,19,124.74014889057383
30,20,8.694274313879625
30,21,3.861569057252194
30,22,4.28508601181778
30,23,122.17793581776627
30,24,109.77582978323785
30,25,83.64077057838921
30,26,83.88823014744928
30,27,17.17690406842454
30,28,8.435938692132359
30,29,0.49102218153792276
30,30,0.0
30,31,2.4477753154305186
30,32,2.9832977965189755
30,33,1.9674937628460791
30,34,3.8539469352258604
30,35,5.290049793410028
30,36,6.66536815883692
31,0,2.4477753154305186
31,2,12.026364698525734
31,3,2.7813906514342657
31,4,2.6672820635720322
31,5,2.642011068139656
31,6,2.569367300952158
31,7,2.6221129945392043
31,9,4.3173498166409985
31,10,145.29974039507374
31,11,143.1799120221184
31,12,143.1799120221184
31,14,214.0160411690193
31,15,214.0160411690193
31,16,213.58921280995565
31,17,145.29974039507374
31,18,213.58921280995565
31,19,127.18792420600435
31,20,7.737860358102914
31,21,2.903848429320395
31,22,3.353568068750633
31,23,124.62571113319679
31,24,112.22360509866837
31,25,86.08854589381973
31,26,86.3360054628798
31,27,16.22049011264783
31,28,10.883714007562878
31,29,2.9387974969684416
31,30,2.4477753154305186
31,31,0.0
31,32,0.5355224810884567
31,33,4.415269078276598
31,34,2.924672179802066
31,35,4.338033301780238
31,36,5.711505353040998
32,0,2.9832977965189755
32,2,12.56188717961419
32,3,3.316913132522722
32,4,3.2028045446604887
32,5,3.1775335492281123
32,6,3.1048897820406145
32,7,3.157635475627661
32,9,3.781827335552542
32,10,145.8352628761622
32,11,142.64438954102994
32,12,142.64438954102994
32,14,214.55156365010777
32,15,214.55156365010777
32,16,214.12473529104412
32,17,145.8352628761622
32,18,214.12473529104412
32,19,127.72344668709282
32,20,7.2023378770144575
32,21,2.3683259482319388
32,22,2.8180455876621764
32,23,125.16123361428525
32,24,112.75912757975684
32,25,86.62406837490819
32,26,86.87152794396826
32,27,15.684967631559374
32,28,11.419236488651334
32,29,3.474319978056898
32,30,2.9832977965189755
32,31,0.5355224810884567
32,32,0.0
32,33,4.7080298673579115
32,34,2.389149698713609
32,35,3.802510820691782
32,36,5.175982871952542
33,0,1.9674937628460791
33,2,11.546083145941294
33,3,2.301109098849826
33,4,2.1870005109875925
33,5,2.161729515555216
33,6,2.0890857483677183
33,7,2.1418314419547646
33,9,0.9262025318053695
33,10,144.81945884248933
33,11,142.57412001096066
33,12,142.57412001096066
33,14,213.5357596164349
33,15,213.5357596164349
33,16,213.10893125737124
33,17,144.81945884248933
33,18,213.10893125737124
33,19,126.70764265341991
33,20,7.159207547298067
33,21,2.3397039191259723
33,22,2.7500192452362224
33,23,124.14542958061234
33,24,111.74332354608393
33,25,85.60826434123528
33,26,85.85572391029535
33,27,15.641837301842983
33,28,10.403432454978438
33,29,2.458515944384002
33,30,1.9674937628460791
33,31,4.415269078276598
33,32,4.7080298673579115
33,33,0.0
33,34,2.318880168644302
33,35,3.75498302682847
33,36,5.130301392255362
34,0,3.8539469352258604
34,2,13.432536318321075
34,3,4.1875622712296074
34,4,4.0720638985872775
34,5,4.048182687934998
34,6,3.9741491359674033
34,7,4.0008676983229
34,9,1.3926776368389329
34,10,146.70591201486909
34,11,140.25523984231634
34,12,140.25523984231634
34,14,215.42221278881465
34,15,215.42221278881465
34,16,214.34600080886298
34,17,146.70591201486909
34,18,214.34600080886298
34,19,128.59409582579968
34,20,4.840327378653765
34,21,0.020823750481670275
34,22,0.4311390765919203
34,23,126.03188275299213
34,24,112.98039309757569
34,25,87.49471751361507
34,26,87.74217708267514
34,27,13.322957133198681
34,28,12.289885627358219
34,29,4.344969116763783
34,30,3.8539469352258604
34,31,2.924672179802066
34,32,2.389149698713609
34,33,2.318880168644302
34,34,0.0
34,35,1.4361028581841677
34,36,2.811421223611059
35,0,5.290049793410028
35,2,14.868639176505242
35,3,5.623665129413775
35,4,5.508166756771445
35,5,5.484285546119166
35,6,5.4102519941515705
35,7,5.4369705565070685
35,9,2.828780495023101
35,10,148.14201487305326
35,11,141.6913427005005
35,12,141.6913427005005
35,14,216.85831564699882
35,15,216.85831564699882
35,16,215.78210366704715
35,17,148.14201487305326
35,18,215.78210366704715
35,19,130.03019868398385
35,20,6.268196801242362
35,21,1.434184872459843
35,22,1.867241934776088
35,23,127.4679856111763
35,24,114.41649595575986
35,25,88.93082037179924
35,26,89.17827994085931
35,27,14.75082655578728
35,28,13.725988485542386
35,29,5.781071974947951
35,30,5.290049793410028
35,31,4.338033301780238
35,32,3.802510820691782
35,33,3.75498302682847
35,34,1.4361028581841677
35,35,0.0
35,36,4.241841796180446
36,0,6.66536815883692
36,2,16.243957541932133
36,3,6.998983494840667
36,4,6.883485122198337
36,5,6.859603911546056
36,6,6.785570359578463
36,7,6.812288921933959
36,9,4.204098860449992
36,10,149.51733323848015
36,11,143.0666610659274
36,12,143.0666610659274
36,14,218.2336340124257
36,15,218.2336340124257
36,16,217.15742203247405
36,17,149.51733323848015
36,18,217.15742203247405
36,19,131.40551704941075
36,20,7.641668852503122
36,21,2.807656923720603
36,22,3.2425603002029795
36,23,128.84330397660318
36,24,115.79181432118675
36,25,90.30613873722614
36,26,90.5535983062862
36,27,16.12429860704804
36,28,15.101306850969278
36,29,7.156390340374843
36,30,6.66536815883692
36,31,5.711505353040998
36,32,5.175982871952542
36,33,5.130301392255362
36,34,2.811421223611059
36,35,4.241841796180446
36,36,0.0
