source_id,target_id,rtt
0,0,0.0
0,1,7.146585071108358
0,2,149.07582745493488
0,4,14.485772212603138
0,5,5.988830817316798
0,8,254.07321404581145
0,9,182.7166915489461
0,10,4.672171133004773
0,11,145.15426459913428
0,12,254.93078290988973
0,13,159.41616517636868
0,16,67.0352767159827
0,17,182.7166915489461
0,18,81.00849825302157
0,19,127.00344776386568
0,20,85.48915495176934
0,21,28.750360736183566
0,23,145.15426459913428
0,24,164.68787840721023
0,25,175.78445648424673
0,26,206.05334627110068
0,27,254.07321404581145
0,28,254.93078290988973
0,29,254.07321404581145
0,31,233.16330700091
0,33,233.16330700091
0,35,254.07321404581145
0,40,206.05334627110068
0,44,228.34112003141257
0,45,128.10169933161632
0,47,154.47711180266214
0,50,145.15426459913428
0,52,159.41616517636868
0,58,27.924605910265136
0,60,6.545418326982924
0,65,152.35886437915786
1,0,7.146585071108358
1,1,0.0
1,2,154.1711009466137
1,4,7.339187141494779
1,5,13.135415888425158
1,8,246.92662897470308
1,9,187.81196504062493
1,10,2.474522788446384
1,11,152.30084967024263
1,12,247.78419783878138
1,13,152.26958010526033
1,16,72.13055020766151
1,17,187.81196504062493
1,18,73.86191318191321
1,19,119.85686269275732
1,20,78.34256988066097
1,21,21.603775665075208
1,23,152.26958010526033
1,24,157.5412933361019
1,25,180.87972997592556
1,26,198.90676119999233
1,27,246.92662897470308
1,28,247.78419783878138
1,29,246.92662897470308
1,31,238.25858049258883
1,33,238.25858049258883
1,35,246.92662897470308
1,40,198.90676119999233
1,44,221.19453496030422
1,45,120.95511426050795
1,47,152.27946345810375
1,50,152.27946345810375
1,52,152.26958010526033
1,58,33.01987940194395
1,60,11.64069181866174
1,65,157.4541378708367
2,0,149.07582745493488
2,1,154.1711009466137
2,2,0.0
2,4,161.5102880881085
2,5,155.06465827225168
2,8,401.09772992131684
2,9,318.70168234991513
2,10,153.74799858793966
2,11,285.06081825590394
2,12,401.95529878539503
2,13,306.44068105187404
2,16,203.02026751695175
2,17,318.70168234991513
2,18,228.03301412852693
2,19,274.027963639371
2,20,232.51367082727467
2,21,175.7748766116889
2,23,285.06081825590394
2,24,311.71239428271565
2,25,311.7694472852158
2,26,353.077862146606
2,27,401.09772992131684
2,28,401.95529878539503
2,29,401.09772992131684
2,31,369.14829780187904
2,33,369.14829780187904
2,35,401.09772992131684
2,40,353.077862146606
2,44,375.3656359069179
2,45,275.1262152071217
2,47,303.552939257597
2,50,285.06081825590394
2,52,306.44068105187404
2,58,163.90959671123417
2,60,142.53040912795197
2,65,288.3438551801269
4,0,14.485772212603138
4,1,7.339187141494779
4,2,161.5102880881085
4,4,0.0
4,5,20.474603029919937
4,8,254.26581611619787
4,9,195.15115218211972
4,10,9.813709929941163
4,11,158.46893438481558
4,12,255.12338498027614
4,13,159.60876724675512
4,16,79.4697373491563
4,17,195.15115218211972
4,18,81.20110032340799
4,19,127.1960498342521
4,20,85.68175702215575
4,21,28.942962806569987
4,23,158.46893438481558
4,24,164.88048047759668
4,25,188.21891711742035
4,26,206.2459483414871
4,27,254.26581611619787
4,28,255.12338498027614
4,29,254.26581611619787
4,31,245.59776763408362
4,33,245.59776763408362
4,35,254.26581611619787
4,40,206.2459483414871
4,44,228.533722101799
4,45,128.29430140200273
4,47,159.6186505995985
4,50,159.6186505995985
4,52,159.60876724675512
4,58,40.35906654343873
4,60,18.97987896015652
4,65,164.79332501233148
5,0,5.988830817316798
5,1,13.135415888425158
5,2,155.06465827225168
5,4,20.474603029919937
5,5,0.0
5,8,260.0620448631282
5,9,188.70552236626293
5,10,10.661001950321571
5,11,151.14309541645108
5,12,260.9196137272065
5,13,165.40499599368547
5,16,73.0241075332995
5,17,188.70552236626293
5,18,86.99732907033837
5,19,132.99227858118246
5,20,91.47798576908613
5,21,34.73919155350036
5,23,142.684090987549
5,24,170.67670922452703
5,25,181.77328730156353
5,26,212.04217708841747
5,27,260.0620448631282
5,28,260.9196137272065
5,29,260.0620448631282
5,31,239.15213781822683
5,33,239.15213781822683
5,35,260.0620448631282
5,40,212.04217708841747
5,44,234.32995084872937
5,45,134.0905301489331
5,47,160.46594261997893
5,50,151.14309541645108
5,52,165.40499599368547
5,58,33.91343672758193
5,60,12.534249144299721
5,65,158.34769519647466
8,0,254.07321404581145
8,1,246.92662897470308
8,2,401.09772992131684
8,4,254.26581611619787
8,5,260.0620448631282
8,8,0.0
8,9,251.94302942839028
8,10,249.40115176314947
8,11,399.2274786449457
8,12,255.8546702920481
8,13,251.94302942839028
8,16,319.0571791823646
8,17,434.73859401532803
8,18,320.7885421566163
8,19,127.92733514602405
8,20,211.56810572441327
8,21,268.53040463977834
8,23,399.1962090799634
8,24,162.55769378978908
8,25,213.68648949630847
8,26,251.94302942839028
8,27,251.94302942839028
8,28,255.8546702920481
8,29,251.94302942839028
8,31,271.0653400129718
8,33,271.0653400129718
8,35,251.94302942839028
8,40,445.8333901746954
8,44,354.42007080405654
8,45,125.97151471419514
8,47,399.2060924328068
8,50,399.2060924328068
8,52,399.1962090799634
8,58,279.94650837664705
8,60,258.56732079336484
8,65,404.3807668455398
9,0,182.7166915489461
9,1,187.81196504062493
9,2,318.70168234991513
9,4,195.15115218211972
9,5,188.70552236626293
9,8,251.94302942839028
9,9,0.0
9,10,187.38886268195088
9,11,279.2263441075737
9,12,255.8546702920481
9,13,251.94302942839028
9,16,115.68141483296341
9,17,231.36282966592682
9,18,125.04484801807911
9,19,127.92733514602405
9,20,142.85196507964324
9,21,209.41574070570013
9,23,318.70168234991513
9,24,89.46585005742813
9,25,148.74680638454657
9,26,250.08969603615822
9,27,251.94302942839028
9,28,255.8546702920481
9,29,251.94302942839028
9,31,206.12565690120988
9,33,206.12565690120988
9,35,251.94302942839028
9,40,250.08969603615822
9,44,285.7039301592865
9,45,125.97151471419514
9,47,337.19380335160827
9,50,279.2263441075737
9,52,340.08154514588523
9,58,154.792085638681
9,60,176.1712732219632
9,65,279.2263441075737
10,0,4.672171133004773
10,1,2.474522788446384
10,2,153.74799858793966
10,4,9.813709929941163
10,5,10.661001950321571
10,8,249.40115176314947
10,9,187.38886268195088
10,10,0.0
10,11,149.82643573213906
10,12,250.25872062722775
10,13,154.74410289370672
10,16,71.70744784898747
10,17,187.38886268195088
10,18,76.33643597035959
10,19,122.3313854812037
10,20,80.81709266910735
10,21,24.07829845352159
10,23,149.80494066965736
10,24,160.01581612454828
10,25,180.4566276172515
10,26,201.3812839884387
10,27,249.40115176314947
10,28,250.25872062722775
10,29,249.40115176314947
10,31,237.8354781339148
10,33,237.8354781339148
10,35,249.40115176314947
10,40,201.3812839884387
10,44,223.6690577487506
10,45,123.42963704895433
10,47,149.80494066965736
10,50,149.80494066965736
10,52,154.74410289370672
10,58,32.59677704326991
10,60,11.217589459987696
10,65,157.03103551216265
11,0,145.15426459913428
11,1,152.30084967024263
11,2,285.06081825590394
11,4,158.46893438481558
11,5,151.14309541645108
11,8,399.2274786449457
11,9,279.2263441075737
11,10,149.82643573213906
11,11,0.0
11,12,400.08504750902404
11,13,304.57042977550293
11,16,163.54492927461033
11,17,279.2263441075737
11,18,189.46310681562136
11,19,272.157712363
11,20,230.64341955090362
11,21,173.90462533531783
11,23,285.06081825590394
11,24,309.8421430063445
11,25,272.29410904287437
11,26,314.5079548337004
11,27,399.2274786449457
11,28,400.08504750902404
11,29,399.2274786449457
11,31,329.6729595595376
11,33,329.6729595595376
11,35,399.2274786449457
11,40,314.5079548337004
11,44,373.4953846305468
11,45,273.25596393075057
11,47,299.6313764017964
11,50,248.8685169377855
11,52,304.57042977550293
11,58,124.43425846889275
11,60,142.53040912795197
11,65,248.8685169377855
12,0,254.93078290988973
12,1,247.78419783878138
12,2,401.95529878539503
12,4,255.12338498027614
12,5,260.9196137272065
12,8,255.8546702920481
12,9,255.8546702920481
12,10,250.25872062722775
12,11,400.08504750902404
12,12,0.0
12,13,255.8546702920481
12,16,319.91474804644287
12,17,435.5961628794063
12,18,321.6461110206946
12,19,127.92733514602405
12,20,211.56810572441327
12,21,269.3879735038566
12,23,400.0537779440417
12,24,169.44415081885677
12,25,214.4059280324245
12,26,255.8546702920481
12,27,255.8546702920481
12,28,255.8546702920481
12,29,255.8546702920481
12,31,271.7847785490878
12,33,271.7847785490878
12,35,258.82948645745796
12,40,446.6909590387737
12,44,354.42007080405654
12,45,132.85797174326282
12,47,400.06366129688513
12,50,400.06366129688513
12,52,400.0537779440417
12,58,280.8040772407253
12,60,259.4248896574431
12,65,405.238335709618
13,0,159.41616517636868
13,1,152.26958010526033
13,2,306.44068105187404
13,4,159.60876724675512
13,5,165.40499599368547
13,8,251.94302942839028
13,9,251.94302942839028
13,10,154.74410289370672
13,11,304.57042977550293
13,12,255.8546702920481
13,13,0.0
13,16,224.40013031292185
13,17,340.08154514588523
13,18,226.13149328717356
13,19,127.92733514602405
13,20,211.56810572441327
13,21,173.87335577033554
13,23,304.53916021052066
13,24,162.55769378978908
13,25,213.68648949630847
13,26,251.94302942839028
13,27,251.94302942839028
13,28,255.8546702920481
13,29,251.94302942839028
13,31,271.0653400129718
13,33,271.0653400129718
13,35,251.94302942839028
13,40,351.17634130525266
13,44,354.42007080405654
13,45,125.97151471419514
13,47,304.5490435633641
13,50,304.5490435633641
13,52,304.53916021052066
13,58,185.28945950720427
13,60,163.91027192392207
13,65,309.723717976097
16,0,67.0352767159827
16,1,72.13055020766151
16,2,203.02026751695175
16,4,79.4697373491563
16,5,73.0241075332995
16,8,319.0571791823646
16,9,115.68141483296341
16,10,71.70744784898747
16,11,163.54492927461033
16,12,319.91474804644287
16,13,224.40013031292185
16,16,0.0
16,17,115.68141483296341
16,18,25.91817754101103
16,19,191.98741290041883
16,20,150.4731200883225
16,21,93.73432587273672
16,23,203.02026751695175
16,24,168.03013609538252
16,25,108.74917976826406
16,26,150.96302555909014
16,27,319.0571791823646
16,28,319.91474804644287
16,29,319.0571791823646
16,31,166.12803028492735
16,33,166.12803028492735
16,35,319.0571791823646
16,40,150.96302555909014
16,44,293.3250851679657
16,45,193.08566446816948
16,47,221.51238851864483
16,50,163.54492927461033
16,52,224.40013031292185
16,58,39.11067080571757
16,60,60.48985838899978
16,65,163.54492927461033
17,0,182.7166915489461
17,1,187.81196504062493
17,2,318.70168234991513
17,4,195.15115218211972
17,5,188.70552236626293
17,8,434.73859401532803
17,9,231.36282966592682
17,10,187.38886268195088
17,11,279.2263441075737
17,12,435.5961628794063
17,13,340.08154514588523
17,16,115.68141483296341
17,17,0.0
17,18,141.59959237397445
17,19,307.6688277333823
17,20,266.1545349212859
17,21,209.41574070570013
17,23,318.70168234991513
17,24,283.71155092834596
17,25,224.43059460122748
17,26,266.6444403920535
17,27,434.73859401532803
17,28,435.5961628794063
17,29,434.73859401532803
17,31,281.8094451178908
17,33,281.8094451178908
17,35,434.73859401532803
17,40,266.6444403920535
17,44,409.0065000009291
17,45,308.76707930113287
17,47,337.19380335160827
17,50,279.2263441075737
17,52,340.08154514588523
17,58,154.792085638681
17,60,176.1712732219632
17,65,279.2263441075737
18,0,81.00849825302157
18,1,73.86191318191321
18,2,228.03301412852693
18,4,81.20110032340799
18,5,86.99732907033837
18,8,320.7885421566163
18,9,125.04484801807911
18,10,76.33643597035959
18,11,189.46310681562136
18,12,321.6461110206946
18,13,226.13149328717356
18,16,25.91817754101103
18,17,141.59959237397445
18,18,0.0
18,19,193.71877587467054
18,20,152.20448306257418
18,21,95.46568884698841
18,23,226.13149328717356
18,24,193.94831363639355
18,25,134.66735730927508
18,26,125.04484801807911
18,27,320.7885421566163
18,28,321.6461110206946
18,29,320.7885421566163
18,31,192.04620782593838
18,33,192.04620782593838
18,35,320.7885421566163
18,40,125.04484801807911
18,44,295.0564481422174
18,45,194.81702744242116
18,47,226.14137664001694
18,50,189.46310681562136
18,52,226.13149328717356
18,58,65.0288483467286
18,60,85.50260500057495
18,65,189.46310681562136
19,0,127.00344776386568
19,1,119.85686269275732
19,2,274.027963639371
19,4,127.1960498342521
19,5,132.99227858118246
19,8,127.92733514602405
19,9,127.92733514602405
19,10,122.3313854812037
19,11,272.157712363
19,12,127.92733514602405
19,13,127.92733514602405
19,16,191.98741290041883
19,17,307.6688277333823
19,18,193.71877587467054
19,19,0.0
19,20,83.64077057838921
19,21,141.46063835783252
19,23,272.12644279801765
19,24,41.51681567283269
19,25,86.47859288640045
19,26,127.92733514602405
19,27,127.92733514602405
19,28,127.92733514602405
19,29,127.92733514602405
19,31,143.85744340306374
19,33,143.85744340306374
19,35,130.9021513114339
19,40,318.76362389274965
19,44,226.49273565803244
19,45,4.930636597238762
19,47,272.13632615086107
19,50,272.13632615086107
19,52,272.12644279801765
19,58,152.87674209470126
19,60,131.49755451141905
19,65,277.311000563594
20,0,85.48915495176934
20,1,78.34256988066097
20,2,232.51367082727467
20,4,85.68175702215575
20,5,91.47798576908613
20,8,211.56810572441327
20,9,142.85196507964324
20,10,80.81709266910735
20,11,230.64341955090362
20,12,211.56810572441327
20,13,211.56810572441327
20,16,150.4731200883225
20,17,266.1545349212859
20,18,152.20448306257418
20,19,83.64077057838921
20,20,0.0
20,21,99.94634554573618
20,23,230.6121499859213
20,24,125.1575862512219
20,25,170.11936346478967
20,26,142.85196507964324
20,27,211.56810572441327
20,28,211.56810572441327
20,29,211.56810572441327
20,31,227.49821398145298
20,33,227.49821398145298
20,35,214.5429218898231
20,40,277.2493310806533
20,44,142.85196507964324
20,45,88.57140717562797
20,47,230.6220333387647
20,50,230.6220333387647
20,52,230.6121499859213
20,58,111.36244928260493
20,60,89.98326169932271
20,65,235.79670775149765
21,0,28.750360736183566
21,1,21.603775665075208
21,2,175.7748766116889
21,4,28.942962806569987
21,5,34.73919155350036
21,8,268.53040463977834
21,9,209.41574070570013
21,10,24.07829845352159
21,11,173.90462533531783
21,12,269.3879735038566
21,13,173.87335577033554
21,16,93.73432587273672
21,17,209.41574070570013
21,18,95.46568884698841
21,19,141.46063835783252
21,20,99.94634554573618
21,21,0.0
21,23,173.87335577033554
21,24,179.1450690011771
21,25,202.48350564100076
21,26,220.51053686506754
21,27,268.53040463977834
21,28,269.3879735038566
21,29,268.53040463977834
21,31,259.86235615766407
21,33,259.86235615766407
21,35,268.53040463977834
21,40,220.51053686506754
21,44,242.79831062537943
21,45,142.55888992558317
21,47,173.88323912317895
21,50,173.88323912317895
21,52,173.87335577033554
21,58,54.62365506701916
21,60,33.24446748373695
21,65,179.0579135359119
23,0,145.15426459913428
23,1,152.26958010526033
23,2,285.06081825590394
23,4,158.46893438481558
23,5,142.684090987549
23,8,399.1962090799634
23,9,318.70168234991513
23,10,149.80494066965736
23,11,285.06081825590394
23,12,400.0537779440417
23,13,304.53916021052066
23,16,203.02026751695175
23,17,318.70168234991513
23,18,226.13149328717356
23,19,272.12644279801765
23,20,230.6121499859213
23,21,173.87335577033554
23,23,0.0
23,24,309.8108734413622
23,25,311.7694472852158
23,26,351.17634130525266
23,27,399.1962090799634
23,28,400.0537779440417
23,29,399.1962090799634
23,31,369.14829780187904
23,33,369.14829780187904
23,35,399.1962090799634
23,40,351.17634130525266
23,44,373.46411506556456
23,45,273.2246943657683
23,47,299.6098813393147
23,50,285.06081825590394
23,52,304.53916021052066
23,58,163.90959671123417
23,60,142.53040912795197
23,65,288.3438551801269
24,0,164.68787840721023
24,1,157.5412933361019
24,2,311.71239428271565
24,4,164.88048047759668
24,5,170.67670922452703
24,8,162.55769378978908
24,9,89.46585005742813
24,10,160.01581612454828
24,11,309.8421430063445
24,12,169.44415081885677
24,13,162.55769378978908
24,16,168.03013609538252
24,17,283.71155092834596
24,18,193.94831363639355
24,19,41.51681567283269
24,20,125.1575862512219
24,21,179.1450690011771
24,23,309.8108734413622
24,24,0.0
24,25,59.28095632711846
24,26,162.55769378978908
24,27,162.55769378978908
24,28,169.44415081885677
24,29,162.55769378978908
24,31,116.65980684378175
24,33,116.65980684378175
24,35,162.55769378978908
24,40,318.99316165447266
24,44,268.0095513308651
24,45,36.58617907559393
24,47,309.82075679420564
24,50,309.82075679420564
24,52,309.8108734413622
24,58,190.56117273804585
24,60,169.18198515476365
24,65,314.99543120693863
25,0,175.78445648424673
25,1,180.87972997592556
25,2,311.7694472852158
25,4,188.21891711742035
25,5,181.77328730156353
25,8,213.68648949630847
25,9,148.74680638454657
25,10,180.4566276172515
25,11,272.29410904287437
25,12,214.4059280324245
25,13,213.68648949630847
25,16,108.74917976826406
25,17,224.43059460122748
25,18,134.66735730927508
25,19,86.47859288640045
25,20,170.11936346478967
25,21,202.48350564100076
25,23,311.7694472852158
25,24,59.28095632711846
25,25,0.0
25,26,213.68648949630847
25,27,213.68648949630847
25,28,214.4059280324245
25,29,213.68648949630847
25,31,57.37885051666329
25,33,57.37885051666329
25,35,213.68648949630847
25,40,259.7122053273542
25,44,312.97132854443294
25,45,87.71497478211332
25,47,330.26156828690887
25,50,272.29410904287437
25,52,333.1493100811859
25,58,147.85985057398162
25,60,169.23903815726382
25,65,272.29410904287437
26,0,206.05334627110068
26,1,198.90676119999233
26,2,353.077862146606
26,4,206.2459483414871
26,5,212.04217708841747
26,8,251.94302942839028
26,9,250.08969603615822
26,10,201.3812839884387
26,11,314.5079548337004
26,12,255.8546702920481
26,13,251.94302942839028
26,16,150.96302555909014
26,17,266.6444403920535
26,18,125.04484801807911
26,19,127.92733514602405
26,20,142.85196507964324
26,21,220.51053686506754
26,23,351.17634130525266
26,24,162.55769378978908
26,25,213.68648949630847
26,26,0.0
26,27,251.94302942839028
26,28,255.8546702920481
26,29,251.94302942839028
26,31,271.0653400129718
26,33,271.0653400129718
26,35,251.94302942839028
26,40,250.08969603615822
26,44,285.7039301592865
26,45,125.97151471419514
26,47,351.1862246580961
26,50,314.5079548337004
26,52,351.17634130525266
26,58,190.0736963648077
26,60,210.54745301865404
26,65,314.5079548337004
27,0,254.07321404581145
27,1,246.92662897470308
27,2,401.09772992131684
27,4,254.26581611619787
27,5,260.0620448631282
27,8,251.94302942839028
27,9,251.94302942839028
27,10,249.40115176314947
27,11,399.2274786449457
27,12,255.8546702920481
27,13,251.94302942839028
27,16,319.0571791823646
27,17,434.73859401532803
27,18,320.7885421566163
27,19,127.92733514602405
27,20,211.56810572441327
27,21,268.53040463977834
27,23,399.1962090799634
27,24,162.55769378978908
27,25,213.68648949630847
27,26,251.94302942839028
27,27,0.0
27,28,255.8546702920481
27,29,251.94302942839028
27,31,271.0653400129718
27,33,271.0653400129718
27,35,251.94302942839028
27,40,445.8333901746954
27,44,354.42007080405654
27,45,125.97151471419514
27,47,399.2060924328068
27,50,399.2060924328068
27,52,399.1962090799634
27,58,279.94650837664705
27,60,258.56732079336484
27,65,404.3807668455398
28,0,254.93078290988973
28,1,247.78419783878138
28,2,401.95529878539503
28,4,255.12338498027614
28,5,260.9196137272065
28,8,255.8546702920481
28,9,255.8546702920481
28,10,250.25872062722775
28,11,400.08504750902404
28,12,255.8546702920481
28,13,255.8546702920481
28,16,319.91474804644287
28,17,435.5961628794063
28,18,321.6461110206946
28,19,127.92733514602405
28,20,211.56810572441327
28,21,269.3879735038566
28,23,400.0537779440417
28,24,169.44415081885677
28,25,214.4059280324245
28,26,255.8546702920481
28,27,255.8546702920481
28,28,0.0
28,29,255.8546702920481
28,31,271.7847785490878
28,33,271.7847785490878
28,35,258.82948645745796
28,40,446.6909590387737
28,44,354.42007080405654
28,45,132.85797174326282
28,47,400.06366129688513
28,50,400.06366129688513
28,52,400.0537779440417
28,58,280.8040772407253
28,60,259.4248896574431
28,65,405.238335709618
29,0,254.07321404581145
29,1,246.92662897470308
29,2,401.09772992131684
29,4,254.26581611619787
29,5,260.0620448631282
29,8,251.94302942839028
29,9,251.94302942839028
29,10,249.40115176314947
29,11,399.2274786449457
29,12,255.8546702920481
29,13,251.94302942839028
29,16,319.0571791823646
29,17,434.73859401532803
29,18,320.7885421566163
29,19,127.92733514602405
29,20,211.56810572441327
29,21,268.53040463977834
29,23,399.1962090799634
29,24,162.55769378978908
29,25,213.68648949630847
29,26,251.94302942839028
29,27,251.94302942839028
29,28,255.8546702920481
29,29,0.0
29,31,271.0653400129718
29,33,271.0653400129718
29,35,251.94302942839028
29,40,445.8333901746954
29,44,354.42007080405654
29,45,125.97151471419514
29,47,399.2060924328068
29,50,399.2060924328068
29,52,399.1962090799634
29,58,279.94650837664705
29,60,258.56732079336484
29,65,404.3807668455398
31,0,233.16330700091
31,1,238.25858049258883
31,2,369.14829780187904
31,4,245.59776763408362
31,5,239.15213781822683
31,8,271.0653400129718
31,9,206.12565690120988
31,10,237.8354781339148
31,11,329.6729595595376
31,12,271.7847785490878
31,13,271.0653400129718
31,16,166.12803028492735
31,17,281.8094451178908
31,18,192.04620782593838
31,19,143.85744340306374
31,20,227.49821398145298
31,21,259.86235615766407
31,23,369.14829780187904
31,24,116.65980684378175
31,25,57.37885051666329
31,26,271.0653400129718
31,27,271.0653400129718
31,28,271.7847785490878
31,29,271.0653400129718
31,31,0.0
31,33,114.75770103332658
31,35,271.0653400129718
31,40,317.0910558440175
31,44,370.35017906109624
31,45,145.0938252987766
31,47,387.6404188035722
31,50,329.6729595595376
31,52,390.52816059784914
31,58,205.2387010906449
31,60,226.6178886739271
31,65,329.6729595595376
33,0,233.16330700091
33,1,238.25858049258883
33,2,369.14829780187904
33,4,245.59776763408362
33,5,239.15213781822683
33,8,271.0653400129718
33,9,206.12565690120988
33,10,237.8354781339148
33,11,329.6729595595376
33,12,271.7847785490878
33,13,271.0653400129718
33,16,166.12803028492735
33,17,281.8094451178908
33,18,192.04620782593838
33,19,143.85744340306374
33,20,227.49821398145298
33,21,259.86235615766407
33,23,369.14829780187904
33,24,116.65980684378175
33,25,57.37885051666329
33,26,271.0653400129718
33,27,271.0653400129718
33,28,271.7847785490878
33,29,271.0653400129718
33,31,114.75770103332658
33,33,0.0
33,35,271.0653400129718
33,40,317.0910558440175
33,44,370.35017906109624
33,45,145.0938252987766
33,47,387.6404188035722
33,50,329.6729595595376
33,52,390.52816059784914
33,58,205.2387010906449
33,60,226.6178886739271
33,65,329.6729595595376
35,0,254.07321404581145
35,1,246.92662897470308
35,2,401.09772992131684
35,4,254.26581611619787
35,5,260.0620448631282
35,8,251.94302942839028
35,9,251.94302942839028
35,10,249.40115176314947
35,11,399.2274786449457
35,12,258.82948645745796
35,13,251.94302942839028
35,16,319.0571791823646
35,17,434.73859401532803
35,18,320.7885421566163
35,19,130.9021513114339
35,20,214.5429218898231
35,21,268.53040463977834
35,23,399.1962090799634
35,24,162.55769378978908
35,25,213.68648949630847
35,26,251.94302942839028
35,27,251.94302942839028
35,28,258.82948645745796
35,29,251.94302942839028
35,31,271.0653400129718
35,33,271.0653400129718
35,35,0.0
35,40,445.8333901746954
35,44,357.39488696946637
35,45,125.97151471419514
35,47,399.2060924328068
35,50,399.2060924328068
35,52,399.1962090799634
35,58,279.94650837664705
35,60,258.56732079336484
35,65,404.3807668455398
40,0,206.05334627110068
40,1,198.90676119999233
40,2,353.077862146606
40,4,206.2459483414871
40,5,212.04217708841747
40,8,445.8333901746954
40,9,250.08969603615822
40,10,201.3812839884387
40,11,314.5079548337004
40,12,446.6909590387737
40,13,351.17634130525266
40,16,150.96302555909014
40,17,266.6444403920535
40,18,125.04484801807911
40,19,318.76362389274965
40,20,277.2493310806533
40,21,220.51053686506754
40,23,351.17634130525266
40,24,318.99316165447266
40,25,259.7122053273542
40,26,250.08969603615822
40,27,445.8333901746954
40,28,446.6909590387737
40,29,445.8333901746954
40,31,317.0910558440175
40,33,317.0910558440175
40,35,445.8333901746954
40,40,0.0
40,44,420.10129616029656
40,45,319.8618754605003
40,47,351.1862246580961
40,50,314.5079548337004
40,52,351.17634130525266
40,58,190.0736963648077
40,60,210.54745301865404
40,65,314.5079548337004
44,0,228.34112003141257
44,1,221.19453496030422
44,2,375.3656359069179
44,4,228.533722101799
44,5,234.32995084872937
44,8,354.42007080405654
44,9,285.7039301592865
44,10,223.6690577487506
44,11,373.4953846305468
44,12,354.42007080405654
44,13,354.42007080405654
44,16,293.3250851679657
44,17,409.0065000009291
44,18,295.0564481422174
44,19,226.49273565803244
44,20,142.85196507964324
44,21,242.79831062537943
44,23,373.46411506556456
44,24,268.0095513308651
44,25,312.97132854443294
44,26,285.7039301592865
44,27,354.42007080405654
44,28,354.42007080405654
44,29,354.42007080405654
44,31,370.35017906109624
44,33,370.35017906109624
44,35,357.39488696946637
44,40,420.10129616029656
44,44,0.0
44,45,231.4233722552712
44,47,373.473998418408
44,50,373.473998418408
44,52,373.46411506556456
44,58,254.21441436224814
44,60,232.83522677896593
44,65,378.64867283114086
45,0,128.10169933161632
45,1,120.95511426050795
45,2,275.1262152071217
45,4,128.29430140200273
45,5,134.0905301489331
45,8,125.97151471419514
45,9,125.97151471419514
45,10,123.42963704895433
45,11,273.25596393075057
45,12,132.85797174326282
45,13,125.97151471419514
45,16,193.08566446816948
45,17,308.76707930113287
45,18,194.81702744242116
45,19,4.930636597238762
45,20,88.57140717562797
45,21,142.55888992558317
45,23,273.2246943657683
45,24,36.58617907559393
45,25,87.71497478211332
45,26,125.97151471419514
45,27,125.97151471419514
45,28,132.85797174326282
45,29,125.97151471419514
45,31,145.0938252987766
45,33,145.0938252987766
45,35,125.97151471419514
45,40,319.8618754605003
45,44,231.4233722552712
45,45,0.0
45,47,273.2345777186117
45,50,273.2345777186117
45,52,273.2246943657683
45,58,153.9749936624519
45,60,132.5958060791697
45,65,278.40925213134466
47,0,154.47711180266214
47,1,152.27946345810375
47,2,303.552939257597
47,4,159.6186505995985
47,5,160.46594261997893
47,8,399.2060924328068
47,9,337.19380335160827
47,10,149.80494066965736
47,11,299.6313764017964
47,12,400.06366129688513
47,13,304.5490435633641
47,16,221.51238851864483
47,17,337.19380335160827
47,18,226.14137664001694
47,19,272.13632615086107
47,20,230.6220333387647
47,21,173.88323912317895
47,23,299.6098813393147
47,24,309.82075679420564
47,25,330.26156828690887
47,26,351.1862246580961
47,27,399.2060924328068
47,28,400.06366129688513
47,29,399.2060924328068
47,31,387.6404188035722
47,33,387.6404188035722
47,35,399.2060924328068
47,40,351.1862246580961
47,44,373.473998418408
47,45,273.2345777186117
47,47,0.0
47,50,299.6098813393147
47,52,304.5490435633641
47,58,182.40171771292725
47,60,161.02253012964505
47,65,306.83597618182
50,0,145.15426459913428
50,1,152.27946345810375
50,2,285.06081825590394
50,4,159.6186505995985
50,5,151.14309541645108
50,8,399.2060924328068
50,9,279.2263441075737
50,10,149.80494066965736
50,11,248.8685169377855
50,12,400.06366129688513
50,13,304.5490435633641
50,16,163.54492927461033
50,17,279.2263441075737
50,18,189.46310681562136
50,19,272.13632615086107
50,20,230.6220333387647
50,21,173.88323912317895
50,23,285.06081825590394
50,24,309.82075679420564
50,25,272.29410904287437
50,26,314.5079548337004
50,27,399.2060924328068
50,28,400.06366129688513
50,29,399.2060924328068
50,31,329.6729595595376
50,33,329.6729595595376
50,35,399.2060924328068
50,40,314.5079548337004
50,44,373.473998418408
50,45,273.2345777186117
50,47,299.6098813393147
50,50,0.0
50,52,304.5490435633641
50,58,124.43425846889275
50,60,142.53040912795197
50,65,248.8685169377855
52,0,159.41616517636868
52,1,152.26958010526033
52,2,306.44068105187404
52,4,159.60876724675512
52,5,165.40499599368547
52,8,399.1962090799634
52,9,340.08154514588523
52,10,154.74410289370672
52,11,304.57042977550293
52,12,400.0537779440417
52,13,304.53916021052066
52,16,224.40013031292185
52,17,340.08154514588523
52,18,226.13149328717356
52,19,272.12644279801765
52,20,230.6121499859213
52,21,173.87335577033554
52,23,304.53916021052066
52,24,309.8108734413622
52,25,333.1493100811859
52,26,351.17634130525266
52,27,399.1962090799634
52,28,400.0537779440417
52,29,399.1962090799634
52,31,390.52816059784914
52,33,390.52816059784914
52,35,399.1962090799634
52,40,351.17634130525266
52,44,373.46411506556456
52,45,273.2246943657683
52,47,304.5490435633641
52,50,304.5490435633641
52,52,0.0
52,58,185.28945950720427
52,60,163.91027192392207
52,65,309.723717976097
58,0,27.924605910265136
58,1,33.01987940194395
58,2,163.90959671123417
58,4,40.35906654343873
58,5,33.91343672758193
58,8,279.94650837664705
58,9,154.792085638681
58,10,32.59677704326991
58,11,124.43425846889275
58,12,280.8040772407253
58,13,185.28945950720427
58,16,39.11067080571757
58,17,154.792085638681
58,18,65.0288483467286
58,19,152.87674209470126
58,20,111.36244928260493
58,21,54.62365506701916
58,23,163.90959671123417
58,24,190.56117273804585
58,25,147.85985057398162
58,26,190.0736963648077
58,27,279.94650837664705
58,28,280.8040772407253
58,29,279.94650837664705
58,31,205.2387010906449
58,33,205.2387010906449
58,35,279.94650837664705
58,40,190.0736963648077
58,44,254.21441436224814
58,45,153.9749936624519
58,47,182.40171771292725
58,50,124.43425846889275
58,52,185.28945950720427
58,58,0.0
58,60,21.37918758328221
58,65,124.43425846889275
60,0,6.545418326982924
60,1,11.64069181866174
60,2,142.53040912795197
60,4,18.97987896015652
60,5,12.534249144299721
60,8,258.56732079336484
60,9,176.1712732219632
60,10,11.217589459987696
60,11,142.53040912795197
60,12,259.4248896574431
60,13,163.91027192392207
60,16,60.48985838899978
60,17,176.1712732219632
60,18,85.50260500057495
60,19,131.49755451141905
60,20,89.98326169932271
60,21,33.24446748373695
60,23,142.53040912795197
60,24,169.18198515476365
60,25,169.23903815726382
60,26,210.54745301865404
60,27,258.56732079336484
60,28,259.4248896574431
60,29,258.56732079336484
60,31,226.6178886739271
60,33,226.6178886739271
60,35,258.56732079336484
60,40,210.54745301865404
60,44,232.83522677896593
60,45,132.5958060791697
60,47,161.02253012964505
60,50,142.53040912795197
60,52,163.91027192392207
60,58,21.37918758328221
60,60,0.0
60,65,145.81344605217495
65,0,152.35886437915786
65,1,157.4541378708367
65,2,288.3438551801269
65,4,164.79332501233148
65,5,158.34769519647466
65,8,404.3807668455398
65,9,279.2263441075737
65,10,157.03103551216265
65,11,248.8685169377855
65,12,405.238335709618
65,13,309.723717976097
65,16,163.54492927461033
65,17,279.2263441075737
65,18,189.46310681562136
65,19,277.311000563594
65,20,235.79670775149765
65,21,179.0579135359119
65,23,288.3438551801269
65,24,314.99543120693863
65,25,272.29410904287437
65,26,314.5079548337004
65,27,404.3807668455398
65,28,405.238335709618
65,29,404.3807668455398
65,31,329.6729595595376
65,33,329.6729595595376
65,35,404.3807668455398
65,40,314.5079548337004
65,44,378.64867283114086
65,45,278.40925213134466
65,47,306.83597618182
65,50,248.8685169377855
65,52,309.723717976097
65,58,124.43425846889275
65,60,145.81344605217495
65,65,0.0
