source_id,target_id,rtt
0,0,0.0
0,1,12.938096758300642
0,2,6.673883645518533
0,3,5.7240569231153575
0,4,28.069565050612916
0,5,29.66448531936699
0,6,24.500843048802725
0,7,23.381220386512595
0,8,28.83020737033926
0,9,29.88913877391899
0,10,28.61812769586349
0,11,27.365907672353845
0,12,28.773929025493086
0,13,27.130835159102144
0,14,28.668969100552594
0,15,11.479149278444435
0,16,9.157767614908998
0,17,24.26050456880083
0,18,9.173645431740958
0,19,17.267692378758316
0,20,14.78057199743279
0,21,20.226289141005644
0,22,20.19989022883702
0,23,20.25402317889679
0,24,23.330724868807422
0,25,28.28110260354249
0,26,27.937193035810175
1,0,12.938096758300642
1,1,0.0
1,2,14.41370781989623
1,3,13.926114995822664
1,4,19.945830299780674
1,5,23.412775787045028
1,6,17.223033444795043
1,7,14.251268995048516
1,8,23.172861861352867
1,9,24.204780224345964
1,10,26.30049513710074
1,11,24.663704922587407
1,12,25.984360504018845
1,13,21.940409821755317
1,14,23.00914633061383
1,15,22.102038705180583
1,16,18.72602052256988
1,17,23.98635113674956
1,18,15.7003819012434
1,19,17.60490156732489
1,20,10.667633250256875
1,21,16.406575749396406
1,22,15.702888698231334
1,23,16.09310533403842
1,24,20.745660609266086
1,25,26.29117300700989
1,26,27.07085978667867
2,0,6.673883645518533
2,1,14.41370781989623
2,2,0.0
2,3,0.9565328476954092
2,4,24.1254401365163
2,5,24.783156729897275
2,6,20.43883847047712
2,7,20.386017884954793
2,8,23.76315524662904
2,9,24.776672625848665
2,10,22.5304498200421
2,11,21.421400993127268
2,12,22.79776148963688
2,13,21.98817835941731
2,14,23.611780304435978
2,15,17.196693778658233
2,16,15.49626715577897
2,17,17.88650976306114
2,18,2.499984011192109
2,19,11.148630941855162
2,20,10.96959973703605
2,21,15.168113325269147
2,22,15.414764098372189
2,23,15.326276137431703
2,24,17.563833196786167
2,25,22.128368740492192
2,26,21.567289602724994
3,0,5.7240569231153575
3,1,13.926114995822664
3,2,0.9565328476954092
3,3,0.0
3,4,24.530940508387676
3,5,25.356328290921176
3,6,20.851265899333335
3,7,20.614538394216037
3,8,24.36816641940041
3,9,25.392216949888617
3,10,23.333030351070065
3,11,22.192878546803087
3,12,23.57748163244538
3,13,22.603212912276998
3,14,24.214626272897117
3,15,16.38512904984725
3,16,14.60231369903639
3,17,18.74827734413588
3,18,3.45345458859202
3,19,11.937084598858018
3,20,11.260188362865158
3,21,15.742732777411096
3,22,15.9367542046739
3,23,15.87578720936101
3,24,18.291542907481336
3,25,22.94433114028849
3,26,22.430750551260534
4,0,28.069565050612916
4,1,19.945830299780674
4,2,24.1254401365163
4,3,24.530940508387676
4,4,0.0
4,5,4.979186212278897
4,6,3.688047928815864
4,7,5.753022391878221
4,8,5.827385065270958
4,9,6.324926043050778
4,10,12.80567340340416
4,11,11.45623392713147
4,12,11.895542887184414
4,13,6.260019301702062
4,14,5.750581357130533
4,15,39.42871868556034
4,16,36.58617907559393
4,17,15.172636053189336
4,18,22.992640062796095
4,19,15.467479306165945
4,20,13.383704609035133
4,21,9.70957337077365
4,22,9.059611767610832
4,23,9.345286916198834
4,24,10.796065042983802
4,25,13.32425550910892
4,26,15.48105368711362
5,0,29.66448531936699
5,1,23.412775787045028
5,2,24.783156729897275
5,3,25.356328290921176
5,4,4.979186212278897
5,5,0.0
5,6,6.223031155342665
5,7,9.96420066280232
5,8,1.425978085615993
5,9,1.3819687926406294
5,10,8.501808202745126
5,11,7.487546150954565
5,12,7.5220125412188805
5,13,3.059855739009912
5,14,1.4902540634383383
5,15,41.14363456312096
5,16,38.58352047020342
5,17,12.061011175166525
5,18,23.202978809198804
5,19,14.590759447161444
5,20,14.998308971442446
5,21,9.616265412847083
5,22,9.481748112540139
5,23,9.489227256357195
5,24,8.502042122055792
5,25,9.120145881571876
5,26,11.424642290286506
6,0,24.500843048802725
6,1,17.223033444795043
6,2,20.43883847047712
6,3,20.851265899333335
6,4,3.688047928815864
6,5,6.223031155342665
6,6,0.0
6,7,4.131589746724919
6,8,6.231382987766808
6,9,7.169558686608414
6,10,11.822280428424667
6,11,10.230752206671873
6,12,11.072766385808494
6,13,5.555915916155564
6,14,6.082211017035957
6,15,35.90934765786606
6,16,33.141227464721
6,17,12.930888520811877
6,18,19.315568872002814
6,19,12.060594459014716
6,20,9.753472880964942
6,21,6.258626561805746
6,22,5.490417562946696
6,23,5.839431648834741
6,24,8.336006190309503
6,25,12.18562866714459
6,26,14.047344784243851
7,0,23.381220386512595
7,1,14.251268995048516
7,2,20.386017884954793
7,3,20.614538394216037
7,4,5.753022391878221
7,5,9.96420066280232
7,6,4.131589746724919
7,7,0.0
7,8,10.22575387443411
7,9,11.080052386080606
7,10,15.889923207837306
7,11,14.266811277589271
7,12,15.171811690243729
7,13,9.684757155876373
7,14,10.087721768469509
7,15,34.49952335991073
7,16,31.49420750295099
7,17,16.45483506672322
7,18,19.754043612395318
7,19,14.074662670913236
7,20,9.443802589407117
7,21,8.661111770176078
7,22,7.636479184770252
7,23,8.147377909630467
7,24,11.877364550660781
7,25,16.216885349042755
7,26,17.968328299037623
8,0,28.83020737033926
8,1,23.172861861352867
8,2,23.76315524662904
8,3,24.36816641940041
8,4,5.827385065270958
8,5,1.425978085615993
8,6,6.231382987766808
8,7,10.22575387443411
8,8,0.0
8,9,1.0750021410335395
8,10,7.200614392328114
8,11,6.102578738887972
8,12,6.237516752012918
8,13,1.7968354083418323
8,14,0.16710846444574615
8,15,40.302305502061
8,16,37.81998874458707
8,17,10.63503563001563
8,18,22.103790825057374
8,19,13.366179333534502
8,20,14.298003406784714
8,21,8.64597838386912
8,22,8.639709857648548
8,23,8.579468698664034
8,24,7.148480001773462
8,25,7.794296998375595
8,26,10.076031621223667
9,0,29.88913877391899
9,1,24.204780224345964
9,2,24.776672625848665
9,3,25.392216949888617
9,4,6.324926043050778
9,5,1.3819687926406294
9,6,7.169558686608414
9,7,11.080052386080606
9,8,1.0750021410335395
9,9,0.0
9,10,7.248375078962691
9,11,6.3664025530984025
9,12,6.258882085430262
9,13,2.7891457064413845
9,14,1.2415374828980923
9,15,41.35869480219142
9,16,38.88735087923854
9,17,11.12796990211103
9,18,23.08495897526133
9,19,14.27945898218591
9,20,15.372171569330796
9,21,9.688881502715446
9,22,9.705788251632786
9,23,9.635487117898041
9,24,7.941413077596772
9,25,7.890258955929173
9,26,10.2150292833343
10,0,28.61812769586349
10,1,26.30049513710074
10,2,22.5304498200421
10,3,23.333030351070065
10,4,12.80567340340416
10,5,8.501808202745126
10,6,11.822280428424667
10,7,15.889923207837306
10,8,7.200614392328114
10,9,7.248375078962691
10,10,0.0
10,11,1.6847032836800961
10,12,0.9932021197617392
10,13,6.588073685846913
10,14,7.222318898106584
10,15,39.71782770240412
10,16,37.76959315376174
10,17,5.269228044313697
10,18,20.359993843815964
10,19,11.398471440396861
10,20,15.91016039337534
10,21,9.896528657333484
10,22,10.625672981895104
10,23,10.21168267867233
10,24,5.6442958106792345
10,25,0.7053371149357959
10,26,3.0157767896900642
11,0,27.365907672353845
11,1,24.663704922587407
11,2,21.421400993127268
11,3,22.192878546803087
11,4,11.45623392713147
11,5,7.487546150954565
11,6,10.230752206671873
11,7,14.266811277589271
11,8,6.102578738887972
11,9,6.3664025530984025
11,10,1.6847032836800961
11,11,0.0
11,12,1.4181594560071473
11,13,5.196214744378284
11,14,6.092398093262765
11,15,38.567040811304345
11,16,36.5236741639215
11,17,5.0177191160977515
11,18,19.334102319232187
11,19,10.277157162669685
11,20,14.340294731428267
11,21,8.274673613873803
11,22,8.97144794862461
11,23,8.570646268883186
11,24,4.136624134371852
11,25,1.9548774694319007
11,26,4.0303079473623855
12,0,28.773929025493086
12,1,25.984360504018845
12,2,22.79776148963688
12,3,23.57748163244538
12,4,11.895542887184414
12,5,7.5220125412188805
12,6,11.072766385808494
12,7,15.171811690243729
12,8,6.237516752012918
12,9,6.258882085430262
12,10,0.9932021197617392
12,11,1.4181594560071473
12,12,0.0
12,13,5.723233545687876
12,14,6.265497339835147
12,15,39.956902615415515
12,16,37.93153258430333
12,17,5.9494299223702365
12,18,20.685051357764156
12,19,11.649288253396698
12,20,15.722084813219464
12,21,9.627530668198576
12,22,10.281520006501896
12,23,9.901498895859413
12,24,5.5511388906784545
12,25,1.670887562990133
12,26,4.002233242855231
13,0,27.130835159102144
13,1,21.940409821755317
13,2,21.98817835941731
13,3,22.603212912276998
13,4,6.260019301702062
13,5,3.059855739009912
13,6,5.555915916155564
13,7,9.684757155876373
13,8,1.7968354083418323
13,9,2.7891457064413845
13,10,6.588073685846913
13,11,5.196214744378284
13,12,5.723233545687876
13,13,0.0
13,14,1.6602215086095122
13,15,38.593852296243426
13,16,36.15438919232845
13,17,9.256959694564172
13,18,20.311331484690715
13,19,11.575775334229967
13,20,12.709488864741783
13,21,6.912611818525466
13,22,6.987167118921171
13,23,6.881854474468833
13,24,5.452968035119174
13,25,7.077067145846484
13,26,9.222374733636675
14,0,28.668969100552594
14,1,23.00914633061383
14,2,23.611780304435978
14,3,24.214626272897117
14,4,5.750581357130533
14,5,1.4902540634383383
14,6,6.082211017035957
14,7,10.087721768469509
14,8,0.16710846444574615
14,9,1.2415374828980923
14,10,7.222318898106584
14,11,6.092398093262765
14,12,6.265497339835147
14,13,1.6602215086095122
14,14,0.0
14,15,40.141613237177054
14,16,37.65655907735768
14,17,10.579944364713844
14,18,21.958870178141186
14,19,13.235098663954304
14,20,14.132318383558756
14,21,8.48911093041342
14,22,8.476921572550882
14,23,8.419402926924823
14,24,7.043120288162398
14,25,7.8073971269227
14,26,10.07935679554596
15,0,11.479149278444435
15,1,22.102038705180583
15,2,17.196693778658233
15,3,16.38512904984725
15,4,39.42871868556034
15,5,41.14363456312096
15,6,35.90934765786606
15,7,34.49952335991073
15,8,40.302305502061
15,9,41.35869480219142
15,10,39.71782770240412
15,11,38.567040811304345
15,12,39.956902615415515
15,13,38.593852296243426
15,14,40.141613237177054
15,15,0.0
15,16,3.5096728633783174
15,17,35.05210574654655
15,18,19.47828592430787
15,19,28.322071130534514
15,20,26.2331747635705
15,21,31.683306501346156
15,22,31.676929663018015
15,23,31.72348294893221
15,24,34.61611643290661
15,25,39.323700264586044
15,26,38.72460764740807
16,0,9.157767614908998
16,1,18.72602052256988
16,2,15.49626715577897
16,3,14.60231369903639
16,4,36.58617907559393
16,5,38.58352047020342
16,6,33.141227464721
16,7,31.49420750295099
16,8,37.81998874458707
16,9,38.88735087923854
16,10,37.76959315376174
16,11,36.5236741639215
16,12,37.93153258430333
16,13,36.15438919232845
16,14,37.65655907735768
16,15,3.5096728633783174
16,16,0.0
16,17,33.33392392048581
16,18,17.924246806364657
16,19,26.40082594171387
16,20,23.592091987182656
16,21,29.27869280382792
16,22,29.181654109668834
16,23,29.27397678679108
16,24,32.484051248303324
16,25,37.42408644564298
16,26,37.01620628545981
17,0,24.26050456880083
17,1,23.98635113674956
17,2,17.88650976306114
17,3,18.74827734413588
17,4,15.172636053189336
17,5,12.061011175166525
17,6,12.930888520811877
17,7,16.45483506672322
17,8,10.63503563001563
17,9,11.12796990211103
17,10,5.269228044313697
17,11,5.0177191160977515
17,12,5.9494299223702365
17,13,9.256959694564172
17,14,10.579944364713844
17,15,35.05210574654655
17,16,33.33392392048581
17,17,0.0
17,18,15.577101727400718
17,19,7.124352236059899
17,20,13.320790847387176
17,21,8.373666854789985
17,22,9.393837543050678
17,23,8.858932401509943
17,24,4.605651623736325
17,25,4.668737034842127
17,26,3.6827163808182912
18,0,9.173645431740958
18,1,15.7003819012434
18,2,2.499984011192109
18,3,3.45345458859202
18,4,22.992640062796095
18,5,23.202978809198804
18,6,19.315568872002814
18,7,19.754043612395318
18,8,22.103790825057374
18,9,23.08495897526133
18,10,20.359993843815964
18,11,19.334102319232187
18,12,20.685051357764156
18,13,20.311331484690715
18,14,21.958870178141186
18,15,19.47828592430787
18,16,17.924246806364657
18,17,15.577101727400718
18,18,0.0
18,19,9.081269109276988
18,20,10.34935511539874
18,21,13.659735530474585
18,22,14.049397250139235
18,23,13.885705591070527
18,24,15.610367561465209
18,25,19.9249015615587
18,26,19.24673135455995
19,0,17.267692378758316
19,1,17.60490156732489
19,2,11.148630941855162
19,3,11.937084598858018
19,4,15.467479306165945
19,5,14.590759447161444
19,6,12.060594459014716
19,7,14.074662670913236
19,8,13.366179333534502
19,9,14.27945898218591
19,10,11.398471440396861
19,11,10.277157162669685
19,12,11.649288253396698
19,13,11.575775334229967
19,14,13.235098663954304
19,15,28.322071130534514
19,16,26.40082594171387
19,17,7.124352236059899
19,18,9.081269109276988
19,19,0.0
19,20,7.319377466509703
19,21,5.802174006624992
19,22,6.640405296344832
19,23,6.232655449687823
19,24,6.557284841445571
19,25,11.027224448386965
19,26,10.74593761861382
20,0,14.78057199743279
20,1,10.667633250256875
20,2,10.96959973703605
20,3,11.260188362865158
20,4,13.383704609035133
20,5,14.998308971442446
20,6,9.753472880964942
20,7,9.443802589407117
20,8,14.298003406784714
20,9,15.372171569330796
20,10,15.91016039337534
20,11,14.340294731428267
20,12,15.722084813219464
20,13,12.709488864741783
20,14,14.132318383558756
20,15,26.2331747635705
20,16,23.592091987182656
20,17,13.320790847387176
20,18,10.34935511539874
20,19,7.319377466509703
20,20,0.0
20,21,6.146289689647072
20,22,5.756608352444371
20,23,5.979454590017492
20,24,10.272412374834564
20,25,15.822548103695404
20,26,16.440918444259037
21,0,20.226289141005644
21,1,16.406575749396406
21,2,15.168113325269147
21,3,15.742732777411096
21,4,9.70957337077365
21,5,9.616265412847083
21,6,6.258626561805746
21,7,8.661111770176078
21,8,8.64597838386912
21,9,9.688881502715446
21,10,9.896528657333484
21,11,8.274673613873803
21,12,9.627530668198576
21,13,6.912611818525466
21,14,8.48911093041342
21,15,31.683306501346156
21,16,29.27869280382792
21,17,8.373666854789985
21,18,13.659735530474585
21,19,5.802174006624992
21,20,6.146289689647072
21,21,0.0
21,22,1.0581943523364588
21,23,0.5195802465799587
21,24,4.379653015867556
21,25,9.890301109723502
21,26,10.868740173848014
22,0,20.19989022883702
22,1,15.702888698231334
22,2,15.414764098372189
22,3,15.9367542046739
22,4,9.059611767610832
22,5,9.481748112540139
22,6,5.490417562946696
22,7,7.636479184770252
22,8,8.639709857648548
22,9,9.705788251632786
22,10,10.625672981895104
22,11,8.97144794862461
22,12,10.281520006501896
22,13,6.987167118921171
22,14,8.476921572550882
22,15,31.676929663018015
22,16,29.181654109668834
22,17,9.393837543050678
22,18,14.049397250139235
22,19,6.640405296344832
22,20,5.756608352444371
22,21,1.0581943523364588
22,22,0.0
22,23,0.5428438035229757
22,24,5.252135396327566
22,25,10.670587368624226
22,26,11.772812953964053
23,0,20.25402317889679
23,1,16.09310533403842
23,2,15.326276137431703
23,3,15.87578720936101
23,4,9.345286916198834
23,5,9.489227256357195
23,6,5.839431648834741
23,7,8.147377909630467
23,8,8.579468698664034
23,9,9.635487117898041
23,10,10.21168267867233
23,11,8.570646268883186
23,12,9.901498895859413
23,13,6.881854474468833
23,14,8.419402926924823
23,15,31.72348294893221
23,16,29.27397678679108
23,17,8.858932401509943
23,18,13.885705591070527
23,19,6.232655449687823
23,20,5.979454590017492
23,21,0.5195802465799587
23,22,0.5428438035229757
23,23,0.0
23,24,4.770380409149208
23,25,10.2337461307245
23,26,11.282959060285465
24,0,23.330724868807422
24,1,20.745660609266086
24,2,17.563833196786167
24,3,18.291542907481336
24,4,10.796065042983802
24,5,8.502042122055792
24,6,8.336006190309503
24,7,11.877364550660781
24,8,7.148480001773462
24,9,7.941413077596772
24,10,5.6442958106792345
24,11,4.136624134371852
24,12,5.5511388906784545
24,13,5.452968035119174
24,14,7.043120288162398
24,15,34.61611643290661
24,16,32.484051248303324
24,17,4.605651623736325
24,18,15.610367561465209
24,19,6.557284841445571
24,20,10.272412374834564
24,21,4.379653015867556
24,22,5.252135396327566
24,23,4.770380409149208
24,24,0.0
24,25,5.557885642025623
24,26,6.522388257533409
25,0,28.28110260354249
25,1,26.29117300700989
25,2,22.128368740492192
25,3,22.94433114028849
25,4,13.32425550910892
25,5,9.120145881571876
25,6,12.18562866714459
25,7,16.216885349042755
25,8,7.794296998375595
25,9,7.890258955929173
25,10,0.7053371149357959
25,11,1.9548774694319007
25,12,1.670887562990133
25,13,7.077067145846484
25,14,7.8073971269227
25,15,39.323700264586044
25,16,37.42408644564298
25,17,4.668737034842127
25,18,19.9249015615587
25,19,11.027224448386965
25,20,15.822548103695404
25,21,9.890301109723502
25,22,10.670587368624226
25,23,10.2337461307245
25,24,5.557885642025623
25,25,0.0
25,26,2.335039095734328
26,0,27.937193035810175
26,1,27.07085978667867
26,2,21.567289602724994
26,3,22.430750551260534
26,4,15.48105368711362
26,5,11.424642290286506
26,6,14.047344784243851
26,7,17.968328299037623
26,8,10.076031621223667
26,9,10.2150292833343
26,10,3.0157767896900642
26,11,4.0303079473623855
26,12,4.002233242855231
26,13,9.222374733636675
26,14,10.07935679554596
26,15,38.72460764740807
26,16,37.01620628545981
26,17,3.6827163808182912
26,18,19.24673135455995
26,19,10.74593761861382
26,20,16.440918444259037
26,21,10.868740173848014
26,22,11.772812953964053
26,23,11.282959060285465
26,24,6.522388257533409
26,25,2.335039095734328
26,26,0.0
