source_id,target_id,rtt
0,0,0.0
0,1,0.9940934786841178
0,2,0.6748734164250999
0,3,0.3774631154114213
0,4,2.6752717719572296
0,5,3.0879646705207096
0,6,1.6242459758524141
0,7,2.2543749687175185
0,8,3.5028807673217863
0,9,0.7268585675928376
0,10,4.215024965914413
0,11,2.778748181599575
0,12,3.0406043971108727
0,13,1.460480161400318
0,14,1.6498882201501086
0,15,1.2795421662898467
0,16,0.8552356044151899
0,17,1.1386750117907858
0,18,1.8831060150775927
0,19,2.0564107735243784
0,20,2.2559618131741463
0,21,5.11061975865274
0,22,4.469497063111335
0,23,2.5572425959187393
0,24,2.8351800879274367
0,25,2.4667394620561116
0,26,2.18082846562624
0,27,3.2615404389175415
0,28,2.8632242372298755
0,29,2.9795271992940386
0,30,3.2296964014737157
0,31,1.6868851421376343
0,32,2.475906793798016
0,33,1.0328647003158307
0,34,1.0332515811860705
0,35,0.7912759827851757
0,36,0.461637628267431
0,38,2.7038957116909543
0,39,2.838018252528143
0,40,2.9631624524053533
0,41,1.0220367751717494
0,42,1.0417766834704647
0,43,4.017716159127591
0,44,3.934901094872036
0,45,3.4187383871830086
0,46,3.2126805054003564
0,47,2.8332421663527403
0,48,3.088950158301115
0,49,3.4325859992385848
0,50,1.0218029489183293
1,0,0.9940934786841178
1,1,0.0
1,2,1.6689668951092176
1,3,1.371556594095539
1,4,1.681178293273112
1,5,2.093871191836592
1,6,0.6301524971682962
1,7,1.2602814900334007
1,8,2.5087872886376683
1,9,1.7209520462769554
1,10,5.2091184445985315
1,11,3.3793122127549626
1,12,3.6411684282662597
1,13,2.454573640084436
1,14,2.250452251305496
1,15,2.2736356449739645
1,16,1.8493290830993079
1,17,2.132768490474904
1,18,2.4836700462329797
1,19,2.6569748046797654
1,20,2.8565258443295334
1,21,6.104713237336858
1,22,5.463590541795454
1,23,3.468500957030706
1,24,3.746438449039404
1,25,3.4608329407402296
1,26,3.1749219443103582
1,27,4.25563391760166
1,28,3.8573177159139935
1,29,3.9736206779781567
1,30,4.223789880157834
1,31,2.6809786208217523
1,32,3.4700002724821344
1,33,2.0269581789999487
1,34,2.0273450598701883
1,35,1.7853694614692937
1,36,1.4557311069515488
1,38,3.697989190375072
1,39,3.832111731212261
1,40,3.957255931089471
1,41,2.0161302538558674
1,42,2.0358701621545823
1,43,5.011809637811709
1,44,4.928994573556154
1,45,4.412831865867127
1,46,4.2067739840844744
1,47,3.8273356450368583
1,48,4.0830436369852325
1,49,4.426679477922702
1,50,2.015896427602447
2,0,0.6748734164250999
2,1,1.6689668951092176
2,2,0.0
2,3,0.2974103010136786
2,4,3.350145188382329
2,5,3.762838086945809
2,6,2.2991193922775137
2,7,2.929248385142618
2,8,4.177754183746886
2,9,1.4017319840179376
2,10,4.8898983823395135
2,11,3.453621598024675
2,12,3.7154778135359727
2,13,2.135353577825418
2,14,2.324761636575208
2,15,1.9544155827149465
2,16,1.5301090208402899
2,17,1.8135484282158858
2,18,2.5579794315026927
2,19,2.7312841899494784
2,20,2.9308352295992464
2,21,5.78549317507784
2,22,5.144370479536436
2,23,3.2321160123438393
2,24,3.5100535043525367
2,25,3.1416128784812116
2,26,2.8557018820513402
2,27,3.9364138553426415
2,28,3.5380976536549755
2,29,3.6544006157191387
2,30,3.9045698178988157
2,31,2.3617585585627343
2,32,3.1507802102231164
2,33,1.7077381167409307
2,34,1.7081249976111705
2,35,1.4661493992102757
2,36,1.1365110446925308
2,38,3.378769128116054
2,39,3.512891668953243
2,40,3.638035868830453
2,41,0.34716335874664966
2,42,0.3669032670453649
2,43,4.692589575552692
2,44,4.609774511297136
2,45,4.093611803608109
2,46,3.8875539218254564
2,47,3.5081155827778403
2,48,3.763823574726215
2,49,4.107459415663685
2,50,0.3469295324932293
3,0,0.3774631154114213
3,1,1.371556594095539
3,2,0.2974103010136786
3,3,0.0
3,4,3.0527348873686506
3,5,3.465427785932131
3,6,2.001709091263835
3,7,2.6318380841289395
3,8,3.8803438827332073
3,9,1.104321683004259
3,10,4.592488081325834
3,11,3.156211297010996
3,12,3.4180675125222937
3,13,1.8379432768117394
3,14,2.02735133556153
3,15,1.657005281701268
3,16,1.2326987198266113
3,17,1.5161381272022072
3,18,2.2605691304890136
3,19,2.4338738889358
3,20,2.6334249285855673
3,21,5.488082874064162
3,22,4.846960178522757
3,23,2.9347057113301602
3,24,3.212643203338858
3,25,2.8442025774675326
3,26,2.5582915810376616
3,27,3.639003554328963
3,28,3.240687352641297
3,29,3.35699031470546
3,30,3.607159516885137
3,31,2.0643482575490557
3,32,2.8533699092094373
3,33,1.410327815727252
3,34,1.410714696597492
3,35,1.168739098196597
3,36,0.8391007436788522
3,38,3.0813588271023757
3,39,3.2154813679395646
3,40,3.3406255678167747
3,41,0.6445736597603282
3,42,0.6643135680590435
3,43,4.395179274539013
3,44,4.312364210283457
3,45,3.79620150259443
3,46,3.590143620811778
3,47,3.2107052817641617
3,48,3.4664132737125364
3,49,3.810049114650006
3,50,0.6443398335069079
4,0,2.6752717719572296
4,1,1.681178293273112
4,2,3.350145188382329
4,3,3.0527348873686506
4,4,0.0
4,5,0.46054751410497535
4,6,1.0510257961048157
4,7,0.42089680323971124
4,8,0.875463610906052
4,9,3.4021303395500673
4,10,6.890296737871643
4,11,3.800185511691482
4,12,4.062041727202779
4,13,4.135751933357548
4,14,2.6713255502420155
4,15,3.0416716041022775
4,16,3.465978165976934
4,17,3.74941757335253
4,18,2.904543345169499
4,19,3.077848103616285
4,20,3.2773991432660528
4,21,7.78589153060997
4,22,7.144768835068565
4,23,3.8893742559672253
4,24,4.167311747975924
4,25,4.551699382689596
4,26,4.265788386259724
4,27,5.15833400868832
4,28,4.760017807000654
4,29,5.654798971251268
4,30,5.904968173430945
4,31,4.362156914094864
4,32,5.151178565755246
4,33,3.7081364722730603
4,34,3.7085233531433
4,35,3.4665477547424053
4,36,3.1369094002246607
4,38,5.3791674836481835
4,39,5.513290024485372
4,40,5.638434224362583
4,41,3.6973085471289786
4,42,3.7170484554276944
4,43,6.69298793108482
4,44,6.610172866829266
4,45,6.094010159140239
4,46,5.887952277357586
4,47,5.50851393830997
4,48,5.764221930258344
4,49,6.107857771195814
4,50,3.6970747208755586
5,0,3.0879646705207096
5,1,2.093871191836592
5,2,3.762838086945809
5,3,3.465427785932131
5,4,0.46054751410497535
5,5,0.0
5,6,1.4637186946682956
5,7,0.8814443173446866
5,8,0.4149160968010766
5,9,3.814823238113547
5,10,7.302989636435123
5,11,4.212878410254962
5,12,4.47473462576626
5,13,4.548444831921028
5,14,3.0840184488054954
5,15,3.4543645026657575
5,16,3.8786710645404145
5,17,4.1621104719160105
5,18,3.317236243732979
5,19,3.490541002179765
5,20,3.690092041829533
5,21,8.19858442917345
5,22,7.557461733632046
5,23,4.302067154530706
5,24,4.580004646539404
5,25,4.964392281253076
5,26,4.678481284823205
5,27,5.571026907251801
5,28,5.172710705564135
5,29,6.067491869814749
5,30,6.317661071994426
5,31,4.774849812658345
5,32,5.563871464318726
5,33,4.120829370836541
5,34,4.12121625170678
5,35,3.879240653305885
5,36,3.549602298788141
5,38,5.791860382211664
5,39,5.925982923048853
5,40,6.051127122926063
5,41,4.1100014456924585
5,42,4.129741353991174
5,43,7.105680829648301
5,44,7.022865765392746
5,45,6.506703057703719
5,46,6.300645175921066
5,47,5.92120683687345
5,48,6.1769148288218245
5,49,6.520550669759294
5,50,4.1097676194390385
6,0,1.6242459758524141
6,1,0.6301524971682962
6,2,2.2991193922775137
6,3,2.001709091263835
6,4,1.0510257961048157
6,5,1.4637186946682956
6,6,0.0
6,7,0.6301289928651045
6,8,1.8786347914693722
6,9,2.3511045434452518
6,10,5.839270941766827
6,11,2.749159715586667
6,12,3.011015931097964
6,13,3.084726137252732
6,14,1.6202997541371997
6,15,1.9906458079974616
6,16,2.4149523698721183
6,17,2.698391777247714
6,18,1.8535175490646836
6,19,2.0268223075114697
6,20,2.2263733471612377
6,21,6.734865734505155
6,22,6.0937430389637495
6,23,2.8383484598624094
6,24,3.1162859518711072
6,25,3.5006735865847793
6,26,3.2147625901549084
6,27,4.107308212583504
6,28,3.708992010895838
6,29,4.603773175146452
6,30,4.853942377326129
6,31,3.3111311179900484
6,32,4.10015276965043
6,33,2.657110676168245
6,34,2.6574975570384844
6,35,2.41552195863759
6,36,2.085883604119845
6,38,4.3281416875433685
6,39,4.462264228380557
6,40,4.587408428257768
6,41,2.646282751024163
6,42,2.666022659322879
6,43,5.641962134980004
6,44,5.55914707072445
6,45,5.042984363035423
6,46,4.83692648125277
6,47,4.457488142205154
6,48,4.713196134153528
6,49,5.056831975090998
6,50,2.646048924770743
7,0,2.2543749687175185
7,1,1.2602814900334007
7,2,2.929248385142618
7,3,2.6318380841289395
7,4,0.42089680323971124
7,5,0.8814443173446866
7,6,0.6301289928651045
7,7,0.0
7,8,1.2963604141457632
7,9,2.981233536310356
7,10,6.469399934631932
7,11,3.379288708451771
7,12,3.641144923963068
7,13,3.7148551301178365
7,14,2.2504287470023043
7,15,2.6207748008625664
7,16,3.045081362737223
7,17,3.328520770112819
7,18,2.483646541929788
7,19,2.6569513003765737
7,20,2.8565023400263416
7,21,7.3649947273702585
7,22,6.723872031828854
7,23,3.468477452727514
7,24,3.746414944736212
7,25,4.130802579449885
7,26,3.844891583020013
7,27,4.737437205448609
7,28,4.339121003760943
7,29,5.233902168011557
7,30,5.484071370191234
7,31,3.941260110855153
7,32,4.730281762515535
7,33,3.287239669033349
7,34,3.287626549903589
7,35,3.045650951502694
7,36,2.7160125969849496
7,38,4.958270680408472
7,39,5.092393221245661
7,40,5.217537421122872
7,41,3.2764117438892675
7,42,3.2961516521879832
7,43,6.272091127845109
7,44,6.1892760635895545
7,45,5.673113355900528
7,46,5.467055474117875
7,47,5.087617135070259
7,48,5.343325127018633
7,49,5.686960967956103
7,50,3.2761779176358474
8,0,3.5028807673217863
8,1,2.5087872886376683
8,2,4.177754183746886
8,3,3.8803438827332073
8,4,0.875463610906052
8,5,0.4149160968010766
8,6,1.8786347914693722
8,7,1.2963604141457632
8,8,0.0
8,9,4.229739334914624
8,10,7.7179057332362
8,11,4.627794507056038
8,12,4.889650722567335
8,13,4.963360928722105
8,14,3.4989345456065717
8,15,3.869280599466834
8,16,4.293587161341491
8,17,4.577026568717087
8,18,3.7321523405340553
8,19,3.9054570989808415
8,20,4.105008138630609
8,21,8.613500525974526
8,22,7.972377830433122
8,23,4.716983251331781
8,24,4.994920743340479
8,25,5.3793083780541515
8,26,5.09339738162428
8,27,5.985943004052876
8,28,5.58762680236521
8,29,6.482407966615825
8,30,6.732577168795502
8,31,5.189765909459421
8,32,5.978787561119803
8,33,4.535745467637617
8,34,4.5361323485078575
8,35,4.294156750106962
8,36,3.9645183955892174
8,38,6.20677647901274
8,39,6.340899019849929
8,40,6.46604321972714
8,41,4.524917542493535
8,42,4.544657450792251
8,43,7.520596926449377
8,44,7.437781862193822
8,45,6.921619154504795
8,46,6.715561272722143
8,47,6.336122933674527
8,48,6.591830925622901
8,49,6.935466766560371
8,50,4.524683716240116
9,0,0.7268585675928376
9,1,1.7209520462769554
9,2,1.4017319840179376
9,3,1.104321683004259
9,4,3.4021303395500673
9,5,3.814823238113547
9,6,2.3511045434452518
9,7,2.981233536310356
9,8,4.229739334914624
9,9,0.0
9,10,4.9418835335072515
9,11,2.940479744188342
9,12,3.202335959699639
9,13,2.1349784502353786
9,14,1.8116197827388751
9,15,1.4412737288786133
9,16,1.0169671670039564
9,17,0.7335277596283605
9,18,2.044837577666359
9,19,2.2181423361131447
9,20,2.4176933757629127
9,21,5.837478326245577
9,22,5.196355630704174
9,23,3.029668488464085
9,24,3.307605980472783
9,25,3.1412377508911713
9,26,2.8553267544613004
9,27,3.936038727752602
9,28,3.5377225260649356
9,29,3.7063857668868763
9,30,3.9565549690665534
9,31,2.413743709730472
9,32,3.2027653613908535
9,33,1.7597232679086683
9,34,1.7601101487789081
9,35,1.5181345503780133
9,36,1.1884961958602687
9,38,3.430754279283792
9,39,3.564876820120981
9,40,3.690021019998191
9,41,1.7488953427645872
9,42,1.7686352510633025
9,43,4.744574726720429
9,44,4.661759662464874
9,45,4.145596954775846
9,46,3.939539072993194
9,47,3.560100733945578
9,48,3.8158087258939526
9,49,4.159444566831422
9,50,1.748661516511167
10,0,4.215024965914413
10,1,5.2091184445985315
10,2,4.8898983823395135
10,3,4.592488081325834
10,4,6.890296737871643
10,5,7.302989636435123
10,6,5.839270941766827
10,7,6.469399934631932
10,8,7.7179057332362
10,9,4.9418835335072515
10,10,0.0
10,11,4.467095703980295
10,12,4.205239488468998
10,13,3.7886651680309105
10,14,4.782262563003213
10,15,5.152608616863476
10,16,4.906676451262333
10,17,5.190115858637929
10,18,4.72654145802473
10,19,4.553236699577945
10,20,4.353685659928177
10,21,0.8955947927383265
10,22,0.25447209719692226
10,23,3.5642138572780038
10,24,3.8421513492867017
10,25,3.090055081418339
10,26,3.3759660778482106
10,27,2.295254104556909
10,28,2.693570306244575
10,29,1.2354977666203748
10,30,1.485666968800052
10,31,3.8361807074203864
10,32,1.7391181721163975
10,33,3.182160265598583
10,34,4.215893748245158
10,35,4.457869346646053
10,36,4.6766625941818445
10,38,1.9671070900093355
10,39,2.1012296308465244
10,40,2.2263738307237344
10,41,5.237061741086163
10,42,5.256801649384879
10,43,3.2809275374459723
10,44,3.198112473190417
10,45,2.6819497655013897
10,46,2.4758918837187376
10,47,2.0964535446711214
10,48,2.352161536619496
10,49,2.695797377556966
10,50,5.236827914832743
11,0,2.778748181599575
11,1,3.3793122127549626
11,2,3.453621598024675
11,3,3.156211297010996
11,4,3.800185511691482
11,5,4.212878410254962
11,6,2.749159715586667
11,7,3.379288708451771
11,8,4.627794507056038
11,9,2.940479744188342
11,10,4.467095703980295
11,11,0.0
11,12,0.26185621551129734
11,13,1.999644281220713
11,14,1.1288599614494665
11,15,1.4992060153097284
11,16,1.9235125771843853
11,17,2.206951984559981
11,18,0.8956421665219827
11,19,0.7223374080751968
11,20,0.522786368425429
11,21,5.362690496718622
11,22,4.721567801177217
11,23,0.9028818467022918
11,24,0.6249443546935938
11,25,1.5652069734246616
11,26,1.2792959769947907
11,27,2.1718415994233866
11,28,1.7735253977357204
11,29,3.2315979373599206
11,30,2.9814287351802435
11,31,1.969907240411537
11,32,3.7352183428559433
11,33,2.6061491836530406
11,34,2.42687286143496
11,35,2.668848459835855
11,36,2.317110553332144
11,38,3.9632072607488813
11,39,4.097329801586071
11,40,4.222474001463281
11,41,3.8007849567713246
11,42,3.82052486507004
11,43,5.068088456337869
11,44,4.6860810609116665
11,45,4.16991835322264
11,46,4.375976235005292
11,47,4.092553715410667
11,48,4.3482617073590415
11,49,4.691897548296511
11,50,3.8005511305179045
12,0,3.0406043971108727
12,1,3.6411684282662597
12,2,3.7154778135359727
12,3,3.4180675125222937
12,4,4.062041727202779
12,5,4.47473462576626
12,6,3.011015931097964
12,7,3.641144923963068
12,8,4.889650722567335
12,9,3.202335959699639
12,10,4.205239488468998
12,11,0.26185621551129734
12,12,0.0
12,13,1.7377880657094154
12,14,1.3907161769607639
12,15,1.7610622308210258
12,16,2.185368792695683
12,17,2.4688082000712788
12,18,1.15749838203328
12,19,0.9841936235864941
12,20,0.7846425839367264
12,21,5.100834281207325
12,22,4.459711585665921
12,23,0.6410256311909943
12,24,0.3630881391822964
12,25,1.303350757913364
12,26,1.0174397614834931
12,27,1.9099853839120895
12,28,1.511669182224423
12,29,2.9697417218486235
12,30,2.7195725196689464
12,31,1.7080510249002396
12,32,3.473362127344646
12,33,2.344292968141743
12,34,2.1650166459236626
12,35,2.4069922443245573
12,36,2.5789667688434417
12,38,3.701351045237584
12,39,3.835473586074773
12,40,3.960617785951983
12,41,4.062641172282622
12,42,4.082381080581337
12,43,5.015171492674221
12,44,4.932356428418666
12,45,4.4161937207296384
12,46,4.210135838946987
12,47,3.83069749989937
12,48,4.086405491847745
12,49,4.430041332785215
12,50,4.062407346029202
13,0,1.460480161400318
13,1,2.454573640084436
13,2,2.135353577825418
13,3,1.8379432768117394
13,4,4.135751933357548
13,5,4.548444831921028
13,6,3.084726137252732
13,7,3.7148551301178365
13,8,4.963360928722105
13,9,2.1349784502353786
13,10,3.7886651680309105
13,11,1.999644281220713
13,12,1.7377880657094154
13,13,0.0
13,14,1.912663898966341
13,15,1.542317845106079
13,16,1.1180112832314222
13,17,1.401450690607018
13,18,2.1458816938938248
13,19,2.3191864523406105
13,20,2.5187374919903784
13,21,4.6842599607692375
13,22,4.043137265227833
13,23,1.0967624345184208
13,24,1.374699926527119
13,25,1.0062593006557932
13,26,0.7203483042259221
13,27,1.801060277517224
13,28,1.4027440758295575
13,29,2.5531674014105357
13,30,2.610647413274081
13,31,1.2605253442541315
13,32,2.0495469959145134
13,33,0.6065049024323278
13,34,0.4272285802142476
13,35,0.6692041786151424
13,36,1.5116092593791812
13,38,2.2775359138074514
13,39,2.4116584546446402
13,40,2.5368026545218503
13,41,2.4825169365720674
13,42,2.502256844870783
13,43,3.591356361244088
13,44,3.508541296988533
13,45,2.9923785892995056
13,46,2.7863207075168535
13,47,2.4068823684692373
13,48,2.662590360417612
13,49,3.006226201355082
13,50,2.4822831103186473
14,0,1.6498882201501086
14,1,2.250452251305496
14,2,2.324761636575208
14,3,2.02735133556153
14,4,2.6713255502420155
14,5,3.0840184488054954
14,6,1.6202997541371997
14,7,2.2504287470023043
14,8,3.4989345456065717
14,9,1.8116197827388751
14,10,4.782262563003213
14,11,1.1288599614494665
14,12,1.3907161769607639
14,13,1.912663898966341
14,14,0.0
14,15,0.3703460538602619
14,16,0.7946526157349187
14,17,1.0780920231105147
14,18,0.2332177949274838
14,19,0.40652255337426974
14,20,0.6060735930240375
14,21,5.67785735574154
14,22,5.0367346602001355
14,23,1.2180487057252098
14,24,1.4959861977339077
14,25,1.8803738324475798
14,26,1.5944628360177087
14,27,2.487008458446305
14,28,2.0886922567586383
14,29,3.5467647963828384
14,30,3.2965955942031613
14,31,2.285074099434455
14,32,3.9622108948808545
14,33,2.519168801398669
14,34,2.3398924791805884
14,35,2.4411642029352842
14,36,1.1882505918826776
14,38,4.190199812773792
14,39,4.324322353610981
14,40,4.449466553488191
14,41,2.671924995321858
14,42,2.6916649036205733
14,43,5.151375680936478
14,44,4.769368285510275
14,45,4.253205577821248
14,46,4.459263459603901
14,47,4.3195462674355785
14,48,4.575254259383953
14,49,4.9188901003214225
14,50,2.6716911690684375
15,0,1.2795421662898467
15,1,2.2736356449739645
15,2,1.9544155827149465
15,3,1.657005281701268
15,4,3.0416716041022775
15,5,3.4543645026657575
15,6,1.9906458079974616
15,7,2.6207748008625664
15,8,3.869280599466834
15,9,1.4412737288786133
15,10,5.152608616863476
15,11,1.4992060153097284
15,12,1.7610622308210258
15,13,1.542317845106079
15,14,0.3703460538602619
15,15,0.0
15,16,0.4243065618746569
15,17,0.7077459692502528
15,18,0.6035638487877457
15,19,0.7768686072345317
15,20,0.9764196468842994
15,21,6.048203409601802
15,22,5.407080714060398
15,23,1.5883947595854717
15,24,1.8663322515941698
15,25,2.2507198863078415
15,26,1.9648088898779705
15,27,2.857354512306567
15,28,2.4590383106189004
15,29,3.917110850243101
15,30,3.666941648063424
15,31,2.655420153294717
15,32,3.591864841020593
15,33,2.148822747538407
15,34,1.9695464253203265
15,35,2.0708181490750226
15,36,0.8179045380224158
15,38,3.8198537589135304
15,39,3.9539762997507193
15,40,4.07912049962793
15,41,2.3015789414615964
15,42,2.3213188497603117
15,43,5.133674206350167
15,44,5.0508591420946125
15,45,4.534696434405586
15,46,4.328638552622933
15,47,3.949200213575317
15,48,4.204908205523691
15,49,4.548544046461161
15,50,2.301345115208176
16,0,0.8552356044151899
16,1,1.8493290830993079
16,2,1.5301090208402899
16,3,1.2326987198266113
16,4,3.465978165976934
16,5,3.8786710645404145
16,6,2.4149523698721183
16,7,3.045081362737223
16,8,4.293587161341491
16,9,1.0169671670039564
16,10,4.906676451262333
16,11,1.9235125771843853
16,12,2.185368792695683
16,13,1.1180112832314222
16,14,0.7946526157349187
16,15,0.4243065618746569
16,16,0.0
16,17,0.2834394073755959
16,18,1.0278704106624026
16,19,1.2011751691091885
16,20,1.4007262087589563
16,21,5.802271244000659
16,22,5.161148548459256
16,23,2.0127013214601286
16,24,2.2906388134688265
16,25,2.124270583887215
16,26,1.8383595874573442
16,27,2.919071560748646
16,28,2.5207553590609795
16,29,3.671178684641958
16,30,3.7286586965055024
16,31,2.3785366274855537
16,32,3.1675582791459354
16,33,1.72451618566375
16,34,1.5452398634456697
16,35,1.6465115872003655
16,36,0.39359797614775893
16,38,3.3955471970388738
16,39,3.5296697378760626
16,40,3.6548139377532727
16,41,1.8772723795869393
16,42,1.8970122878856546
16,43,4.709367644475511
16,44,4.626552580219956
16,45,4.110389872530928
16,46,3.904331990748276
16,47,3.5248936517006597
16,48,3.7806016436490344
16,49,4.124237484586504
16,50,1.8770385533335192
17,0,1.1386750117907858
17,1,2.132768490474904
17,2,1.8135484282158858
17,3,1.5161381272022072
17,4,3.74941757335253
17,5,4.1621104719160105
17,6,2.698391777247714
17,7,3.328520770112819
17,8,4.577026568717087
17,9,0.7335277596283605
17,10,5.190115858637929
17,11,2.206951984559981
17,12,2.4688082000712788
17,13,1.401450690607018
17,14,1.0780920231105147
17,15,0.7077459692502528
17,16,0.2834394073755959
17,17,0.0
17,18,1.3113098180379985
17,19,1.4846145764847845
17,20,1.6841656161345522
17,21,6.085710651376255
17,22,5.4445879558348516
17,23,2.2961407288357245
17,24,2.5740782208444224
17,25,2.407709991262811
17,26,2.12179899483294
17,27,3.202510968124242
17,28,2.8041947664365754
17,29,3.954618092017554
17,30,4.012098103881098
17,31,2.6619760348611496
17,32,3.4509976865215313
17,33,2.007955593039346
17,34,1.8286792708212656
17,35,1.9299509945759614
17,36,0.6770373835233549
17,38,3.6789866044144697
17,39,3.8131091452516586
17,40,3.9382533451288686
17,41,2.160711786962535
17,42,2.1804516952612505
17,43,4.9928070518511065
17,44,4.909991987595552
17,45,4.393829279906524
17,46,4.187771398123872
17,47,3.8083330590762556
17,48,4.06404105102463
17,49,4.4076768919621
17,50,2.160477960709115
18,0,1.8831060150775927
18,1,2.4836700462329797
18,2,2.5579794315026927
18,3,2.2605691304890136
18,4,2.904543345169499
18,5,3.317236243732979
18,6,1.8535175490646836
18,7,2.483646541929788
18,8,3.7321523405340553
18,9,2.044837577666359
18,10,4.72654145802473
18,11,0.8956421665219827
18,12,1.15749838203328
18,13,2.1458816938938248
18,14,0.2332177949274838
18,15,0.6035638487877457
18,16,1.0278704106624026
18,17,1.3113098180379985
18,18,0.0
18,19,0.17330475844678594
18,20,0.37285579809655367
18,21,5.622136250763058
18,22,4.981013555221653
18,23,1.4512665006526937
18,24,1.5205865212155765
18,25,2.1135916273750635
18,26,1.8276806309451925
18,27,2.720226253373789
18,28,2.3219100516861224
18,29,3.491043691404356
18,30,3.529813389130646
18,31,2.518291894361939
18,32,3.9946640969003786
18,33,2.7523865963261525
18,34,2.573110274108072
18,35,2.6743819978627683
18,36,1.4214683868101616
18,38,4.222653014793317
18,39,4.356775555630506
18,40,4.481919755507716
18,41,2.905142790249342
18,42,2.9248826985480574
18,43,4.918157886008994
18,44,4.536150490582791
18,45,4.0199877828937645
18,46,4.226045664676417
18,47,4.3519994694551025
18,48,4.607707461403477
18,49,4.9513433023409466
18,50,2.904908963995922
19,0,2.0564107735243784
19,1,2.6569748046797654
19,2,2.7312841899494784
19,3,2.4338738889358
19,4,3.077848103616285
19,5,3.490541002179765
19,6,2.0268223075114697
19,7,2.6569513003765737
19,8,3.9054570989808415
19,9,2.2181423361131447
19,10,4.553236699577945
19,11,0.7223374080751968
19,12,0.9841936235864941
19,13,2.3191864523406105
19,14,0.40652255337426974
19,15,0.7768686072345317
19,16,1.2011751691091885
19,17,1.4846145764847845
19,18,0.17330475844678594
19,19,0.0
19,20,0.19955103964976775
19,21,5.4488314923162715
19,22,4.807708796774867
19,23,1.6245712590994796
19,24,1.3472817627687905
19,25,2.286896385821849
19,26,2.0009853893919782
19,27,2.8935310118205746
19,28,2.495214810132908
19,29,3.31773893295757
19,30,3.5679081351372472
19,31,2.691596652808725
19,32,3.821359338453593
19,33,2.9256913547729386
19,34,2.746415032554858
19,35,2.847686756309554
19,36,1.5947731452569476
19,38,4.049348256346531
19,39,4.18347079718372
19,40,4.30861499706093
19,41,3.0784475486961282
19,42,3.098187456994843
19,43,4.744853127562209
19,44,4.362845732136006
19,45,3.8466830244469787
19,46,4.052740906229631
19,47,4.178694711008317
19,48,4.4344027029566915
19,49,4.778038543894161
19,50,3.0782137224427077
20,0,2.2559618131741463
20,1,2.8565258443295334
20,2,2.9308352295992464
20,3,2.6334249285855673
20,4,3.2773991432660528
20,5,3.690092041829533
20,6,2.2263733471612377
20,7,2.8565023400263416
20,8,4.105008138630609
20,9,2.4176933757629127
20,10,4.353685659928177
20,11,0.522786368425429
20,12,0.7846425839367264
20,13,2.5187374919903784
20,14,0.6060735930240375
20,15,0.9764196468842994
20,16,1.4007262087589563
20,17,1.6841656161345522
20,18,0.37285579809655367
20,19,0.19955103964976775
20,20,0.0
20,21,5.249280452666504
20,22,4.608157757125099
20,23,1.425668215127721
20,24,1.1477307231190228
20,25,2.0879933418500904
20,26,1.8020823454202195
20,27,2.694627967848816
20,28,2.2963117661611494
20,29,3.118187893307802
20,30,3.3683570954874793
20,31,2.492693608836966
20,32,3.621808298803825
20,33,3.1252423944227066
20,34,2.945966072204626
20,35,3.047237795959322
20,36,1.7943241849067153
20,38,3.849797216696763
20,39,3.9839197575339518
20,40,4.109063957411162
20,41,3.2779985883458957
20,42,3.297738496644611
20,43,4.54530208791244
20,44,4.163294692486238
20,45,3.647131984797211
20,46,3.853189866579863
20,47,3.979143671358549
20,48,4.234851663306923
20,49,4.578487504244393
20,50,3.2777647620924757
21,0,5.11061975865274
21,1,6.104713237336858
21,2,5.78549317507784
21,3,5.488082874064162
21,4,7.78589153060997
21,5,8.19858442917345
21,6,6.734865734505155
21,7,7.3649947273702585
21,8,8.613500525974526
21,9,5.837478326245577
21,10,0.8955947927383265
21,11,5.362690496718622
21,12,5.100834281207325
21,13,4.6842599607692375
21,14,5.67785735574154
21,15,6.048203409601802
21,16,5.802271244000659
21,17,6.085710651376255
21,18,5.622136250763058
21,19,5.4488314923162715
21,20,5.249280452666504
21,21,0.0
21,22,0.6411226955414043
21,23,4.45980865001633
21,24,4.737746142025028
21,25,3.9856498741566657
21,26,4.271560870586537
21,27,3.1908488972952354
21,28,3.5891650989829014
21,29,2.1310925593587013
21,30,2.3812617615383784
21,31,4.731775500158713
21,32,2.634712964854724
21,33,4.077755058336909
21,34,5.111488540983485
21,35,5.35346413938438
21,36,5.572257386920171
21,38,2.862701882747662
21,39,2.996824423584851
21,40,3.121968623462061
21,41,6.132656533824489
21,42,6.152396442123205
21,43,4.176522330184299
21,44,4.093707265928744
21,45,3.5775445582397163
21,46,3.371486676457064
21,47,2.992048337409448
21,48,3.2477563293578227
21,49,3.5913921702952925
21,50,6.132422707571069
22,0,4.469497063111335
22,1,5.463590541795454
22,2,5.144370479536436
22,3,4.846960178522757
22,4,7.144768835068565
22,5,7.557461733632046
22,6,6.0937430389637495
22,7,6.723872031828854
22,8,7.972377830433122
22,9,5.196355630704174
22,10,0.25447209719692226
22,11,4.721567801177217
22,12,4.459711585665921
22,13,4.043137265227833
22,14,5.0367346602001355
22,15,5.407080714060398
22,16,5.161148548459256
22,17,5.4445879558348516
22,18,4.981013555221653
22,19,4.807708796774867
22,20,4.608157757125099
22,21,0.6411226955414043
22,22,0.0
22,23,3.818685954474926
22,24,4.096623446483624
22,25,3.3445271786152615
22,26,3.630438175045133
22,27,2.549726201753831
22,28,2.948042403441497
22,29,1.4899698638172971
22,30,1.7401390659969742
22,31,4.090652804617309
22,32,1.9935902693133198
22,33,3.436632362795505
22,34,4.47036584544208
22,35,4.712341443842975
22,36,4.931134691378767
22,38,2.221579187206258
22,39,2.3557017280434467
22,40,2.4808459279206567
22,41,5.491533838283085
22,42,5.511273746581801
22,43,3.5353996346428946
22,44,3.4525845703873395
22,45,2.936421862698312
22,46,2.73036398091566
22,47,2.3509256418680438
22,48,2.6066336338164184
22,49,2.9502694747538882
22,50,5.491300012029665
23,0,2.5572425959187393
23,1,3.468500957030706
23,2,3.2321160123438393
23,3,2.9347057113301602
23,4,3.8893742559672253
23,5,4.302067154530706
23,6,2.8383484598624094
23,7,3.468477452727514
23,8,4.716983251331781
23,9,3.029668488464085
23,10,3.5642138572780038
23,11,0.9028818467022918
23,12,0.6410256311909943
23,13,1.0967624345184208
23,14,1.2180487057252098
23,15,1.5883947595854717
23,16,2.0127013214601286
23,17,2.2961407288357245
23,18,1.4512665006526937
23,19,1.6245712590994796
23,20,1.425668215127721
23,21,4.45980865001633
23,22,3.818685954474926
23,23,0.0
23,24,0.277937492008698
23,25,0.6623251267223699
23,26,0.3764141302924988
23,27,1.268959752721095
23,28,0.8706435510334286
23,29,2.328716090657629
23,30,2.078546888477952
23,31,1.0670253937092453
23,32,2.8323364961536517
23,33,1.7032673369507487
23,34,1.5239910147326685
23,35,1.7659666131335634
23,36,2.4062992976078874
23,38,3.0603254140465896
23,39,3.1944479548837785
23,40,3.3195921547609886
23,41,3.5792793710904887
23,42,3.599019279389204
23,43,4.3741458614832265
23,44,4.291330797227671
23,45,3.775168089538644
23,46,3.5691102077559917
23,47,3.1896718687083756
23,48,3.4453798606567503
23,49,3.78901570159422
23,50,3.5790455448370686
24,0,2.8351800879274367
24,1,3.746438449039404
24,2,3.5100535043525367
24,3,3.212643203338858
24,4,4.167311747975924
24,5,4.580004646539404
24,6,3.1162859518711072
24,7,3.746414944736212
24,8,4.994920743340479
24,9,3.307605980472783
24,10,3.8421513492867017
24,11,0.6249443546935938
24,12,0.3630881391822964
24,13,1.374699926527119
24,14,1.4959861977339077
24,15,1.8663322515941698
24,16,2.2906388134688265
24,17,2.5740782208444224
24,18,1.5205865212155765
24,19,1.3472817627687905
24,20,1.1477307231190228
24,21,4.737746142025028
24,22,4.096623446483624
24,23,0.277937492008698
24,24,0.0
24,25,0.9402626187310679
24,26,0.6543516223011968
24,27,1.546897244729793
24,28,1.1485810430421266
24,29,2.606653582666327
24,30,2.3564843804866498
24,31,1.3449628857179432
24,32,3.1102739881623496
24,33,1.9812048289594468
24,34,1.8019285067413664
24,35,2.043904105142261
24,36,2.6842367896165853
24,38,3.3382629060552875
24,39,3.4723854468924764
24,40,3.5975296467696865
24,41,3.857216863099186
24,42,3.876956771397902
24,43,4.652083353491925
24,44,4.569268289236369
24,45,4.053105581547342
24,46,3.8470476997646896
24,47,3.4676093607170735
24,48,3.723317352665448
24,49,4.066953193602918
24,50,3.856983036845766
25,0,2.4667394620561116
25,1,3.4608329407402296
25,2,3.1416128784812116
25,3,2.8442025774675326
25,4,4.551699382689596
25,5,4.964392281253076
25,6,3.5006735865847793
25,7,4.130802579449885
25,8,5.3793083780541515
25,9,3.1412377508911713
25,10,3.090055081418339
25,11,1.5652069734246616
25,12,1.303350757913364
25,13,1.0062593006557932
25,14,1.8803738324475798
25,15,2.2507198863078415
25,16,2.124270583887215
25,17,2.407709991262811
25,18,2.1135916273750635
25,19,2.286896385821849
25,20,2.0879933418500904
25,21,3.9856498741566657
25,22,3.3445271786152615
25,23,0.6623251267223699
25,24,0.9402626187310679
25,25,0.0
25,26,0.28591099642987106
25,27,0.7948009768614306
25,28,0.39648477517376424
25,29,1.8545573147979644
25,30,1.6043881126182873
25,31,1.7293505204316153
25,32,2.358177720293987
25,33,1.6127642030881209
25,34,1.4334878808700409
25,35,1.6754634792709358
25,36,2.517868560034974
25,38,2.586166638186925
25,39,2.720289179024114
25,40,2.845433378901324
25,41,3.488776237227861
25,42,3.5085161455265763
25,43,3.899987085623562
25,44,3.8171720213680067
25,45,3.3010093136789793
25,46,3.094951431896327
25,47,2.715513092848711
25,48,2.9712210847970857
25,49,3.3148569257345555
25,50,3.488542410974441
26,0,2.18082846562624
26,1,3.1749219443103582
26,2,2.8557018820513402
26,3,2.5582915810376616
26,4,4.265788386259724
26,5,4.678481284823205
26,6,3.2147625901549084
26,7,3.844891583020013
26,8,5.09339738162428
26,9,2.8553267544613004
26,10,3.3759660778482106
26,11,1.2792959769947907
26,12,1.0174397614834931
26,13,0.7203483042259221
26,14,1.5944628360177087
26,15,1.9648088898779705
26,16,1.8383595874573442
26,17,2.12179899483294
26,18,1.8276806309451925
26,19,2.0009853893919782
26,20,1.8020823454202195
26,21,4.271560870586537
26,22,3.630438175045133
26,23,0.3764141302924988
26,24,0.6543516223011968
26,25,0.28591099642987106
26,26,0.0
26,27,1.0807119732913018
26,28,0.6823957716036353
26,29,2.1404683112278358
26,30,1.8902991090481585
26,31,1.4434395240017441
26,32,2.644088716723858
26,33,1.32685320665825
26,34,1.1475768844401697
26,35,1.3895524828410646
26,36,2.231957563605103
26,38,2.872077634616796
26,39,3.006200175453985
26,40,3.131344375331195
26,41,3.2028652407979896
26,42,3.2226051490967054
26,43,4.185898082053432
26,44,4.103083017797878
26,45,3.5869203101088507
26,46,3.380862428326198
26,47,3.001424089278582
26,48,3.2571320812269566
26,49,3.6007679221644264
26,50,3.2026314145445696
27,0,3.2615404389175415
27,1,4.25563391760166
27,2,3.9364138553426415
27,3,3.639003554328963
27,4,5.15833400868832
27,5,5.571026907251801
27,6,4.107308212583504
27,7,4.737437205448609
27,8,5.985943004052876
27,9,3.936038727752602
27,10,2.295254104556909
27,11,2.1718415994233866
27,12,1.9099853839120895
27,13,1.801060277517224
27,14,2.487008458446305
27,15,2.857354512306567
27,16,2.919071560748646
27,17,3.202510968124242
27,18,2.720226253373789
27,19,2.8935310118205746
27,20,2.694627967848816
27,21,3.1908488972952354
27,22,2.549726201753831
27,23,1.268959752721095
27,24,1.546897244729793
27,25,0.7948009768614306
27,26,1.0807119732913018
27,27,0.0
27,28,0.3983162016876664
27,29,1.0597563379365338
27,30,0.8095871357568567
27,31,2.3359851464303403
27,32,1.5633767434325563
27,33,2.4075651799495517
27,34,2.2282888577314712
27,35,2.470264456132366
27,36,3.3126695368964048
27,38,1.7913656613254942
27,39,1.9254882021626833
27,40,2.0506324020398936
27,41,4.283577214089291
27,42,4.303317122388006
27,43,3.1051861087621306
27,44,3.022371044506576
27,45,2.506208336817549
27,46,2.3001504550348963
27,47,1.9207121159872802
27,48,2.176420107935655
27,49,2.5200559488731247
27,50,4.28334338783587
28,0,2.8632242372298755
28,1,3.8573177159139935
28,2,3.5380976536549755
28,3,3.240687352641297
28,4,4.760017807000654
28,5,5.172710705564135
28,6,3.708992010895838
28,7,4.339121003760943
28,8,5.58762680236521
28,9,3.5377225260649356
28,10,2.693570306244575
28,11,1.7735253977357204
28,12,1.511669182224423
28,13,1.4027440758295575
28,14,2.0886922567586383
28,15,2.4590383106189004
28,16,2.5207553590609795
28,17,2.8041947664365754
28,18,2.3219100516861224
28,19,2.495214810132908
28,20,2.2963117661611494
28,21,3.5891650989829014
28,22,2.948042403441497
28,23,0.8706435510334286
28,24,1.1485810430421266
28,25,0.39648477517376424
28,26,0.6823957716036353
28,27,0.3983162016876664
28,28,0.0
28,29,1.4580725396242002
28,30,1.2079033374445232
28,31,1.9376689447426738
28,32,1.9616929451202227
28,33,2.009248978261885
28,34,1.829972656043805
28,35,2.0719482544447
28,36,2.9143533352087383
28,38,2.1896818630131607
28,39,2.3238044038503496
28,40,2.4489486037275596
28,41,3.8852610124016254
28,42,3.90500092070034
28,43,3.5035023104497975
28,44,3.4206872461942424
28,45,2.904524538505215
28,46,2.698466656722563
28,47,2.3190283176749467
28,48,2.5747363096233213
28,49,2.918372150560791
28,50,3.885027186148205
29,0,2.9795271992940386
29,1,3.9736206779781567
29,2,3.6544006157191387
29,3,3.35699031470546
29,4,5.654798971251268
29,5,6.067491869814749
29,6,4.603773175146452
29,7,5.233902168011557
29,8,6.482407966615825
29,9,3.7063857668868763
29,10,1.2354977666203748
29,11,3.2315979373599206
29,12,2.9697417218486235
29,13,2.5531674014105357
29,14,3.5467647963828384
29,15,3.917110850243101
29,16,3.671178684641958
29,17,3.954618092017554
29,18,3.491043691404356
29,19,3.31773893295757
29,20,3.118187893307802
29,21,2.1310925593587013
29,22,1.4899698638172971
29,23,2.328716090657629
29,24,2.606653582666327
29,25,1.8545573147979644
29,26,2.1404683112278358
29,27,1.0597563379365338
29,28,1.4580725396242002
29,29,0.0
29,30,0.2501692021796771
29,31,2.6006829408000116
29,32,0.5036204054960226
29,33,1.946662498978208
29,34,2.9803959816247834
29,35,3.222371580025678
29,36,3.4411648275614697
29,38,0.7316093233889607
29,39,0.8657318642261498
29,40,0.9908760641033598
29,41,4.001563974465788
29,42,4.021303882764504
29,43,2.0454297708255975
29,44,1.9626147065700423
29,45,1.4464519988810152
29,46,1.240394117098363
29,47,0.8609557780507466
29,48,1.1166637699991213
29,49,1.460299610936591
29,50,4.001330148212368
30,0,3.2296964014737157
30,1,4.223789880157834
30,2,3.9045698178988157
30,3,3.607159516885137
30,4,5.904968173430945
30,5,6.317661071994426
30,6,4.853942377326129
30,7,5.484071370191234
30,8,6.732577168795502
30,9,3.9565549690665534
30,10,1.485666968800052
30,11,2.9814287351802435
30,12,2.7195725196689464
30,13,2.610647413274081
30,14,3.2965955942031613
30,15,3.666941648063424
30,16,3.7286586965055024
30,17,4.012098103881098
30,18,3.529813389130646
30,19,3.5679081351372472
30,20,3.3683570954874793
30,21,2.3812617615383784
30,22,1.7401390659969742
30,23,2.078546888477952
30,24,2.3564843804866498
30,25,1.6043881126182873
30,26,1.8902991090481585
30,27,0.8095871357568567
30,28,1.2079033374445232
30,29,0.2501692021796771
30,30,0.0
30,31,2.8508521429796887
30,32,0.7537896076756997
30,33,2.196831701157885
30,34,3.037875993488328
30,35,3.279851591889223
30,36,3.6913340297411468
30,38,0.9817785255686378
30,39,1.1159010664058269
30,40,1.241045266283037
30,41,4.251733176645465
30,42,4.271473084944181
30,43,2.2955989730052746
30,44,2.2127839087497194
30,45,1.6966212010606923
30,46,1.49056331927804
30,47,1.1111249802304237
30,48,1.3668329721787984
30,49,1.7104688131162682
30,50,4.251499350392045
31,0,1.6868851421376343
31,1,2.6809786208217523
31,2,2.3617585585627343
31,3,2.0643482575490557
31,4,4.362156914094864
31,5,4.774849812658345
31,6,3.3111311179900484
31,7,3.941260110855153
31,8,5.189765909459421
31,9,2.413743709730472
31,10,3.8361807074203864
31,11,1.969907240411537
31,12,1.7080510249002396
31,13,1.2605253442541315
31,14,2.285074099434455
31,15,2.655420153294717
31,16,2.3785366274855537
31,17,2.6619760348611496
31,18,2.518291894361939
31,19,2.691596652808725
31,20,2.492693608836966
31,21,4.731775500158713
31,22,4.090652804617309
31,23,1.0670253937092453
31,24,1.3449628857179432
31,25,1.7293505204316153
31,26,1.4434395240017441
31,27,2.3359851464303403
31,28,1.9376689447426738
31,29,2.6006829408000116
31,30,2.8508521429796887
31,31,0.0
31,32,2.0970625353039893
31,33,0.6540204418218037
31,34,1.687753924468379
31,35,1.929729522869274
31,36,2.1485227704050653
31,38,2.3250514531969273
31,39,2.459173994034116
31,40,2.5843181939113262
31,41,2.7089219173093837
31,42,2.7286618256080994
31,43,3.638871900633564
31,44,3.556056836378009
31,45,3.0398941286889816
31,46,2.8338362469063294
31,47,2.4543979078587133
31,48,2.710105899807088
31,49,3.0537417407445577
31,50,2.7086880910559636
32,0,2.475906793798016
32,1,3.4700002724821344
32,2,3.1507802102231164
32,3,2.8533699092094373
32,4,5.151178565755246
32,5,5.563871464318726
32,6,4.10015276965043
32,7,4.730281762515535
32,8,5.978787561119803
32,9,3.2027653613908535
32,10,1.7391181721163975
32,11,3.7352183428559433
32,12,3.473362127344646
32,13,2.0495469959145134
32,14,3.9622108948808545
32,15,3.591864841020593
32,16,3.1675582791459354
32,17,3.4509976865215313
32,18,3.9946640969003786
