source_id,target_id,rtt
0,0,0.0
0,1,2.3367821432164155
0,2,6.7144766341963935
0,3,87.5348801054462
0,4,6.851693185976835
0,5,7.930792757625073
0,6,1.3251325323987255
0,7,5.886749434788423
0,8,10.41716689446015
0,9,6.2039854747350445
0,10,87.5348801054462
0,12,37.30944409730738
0,13,5.041075994007165
0,14,5.662331658013177
0,15,36.919348385721314
0,17,30.24818893099581
0,18,29.751058482994512
0,19,29.487637827836824
0,20,18.238772854455256
0,21,1.6524140402569039
0,22,5.9383440879503535
1,0,2.3367821432164155
1,1,0.0
1,2,8.973196026414097
1,3,86.07387342559164
1,4,4.979813391998372
1,5,6.409720791048413
1,6,1.659588831564218
1,7,4.332435783463979
1,8,8.489522647222696
1,9,5.190481799687767
1,10,86.07387342559164
1,12,38.43387411483836
1,13,7.3011319788140385
1,14,7.9429929099811245
1,15,37.99557510650627
1,17,31.27275764529544
1,18,30.574176918693652
1,19,30.6257905188204
1,20,19.399914027289388
1,21,3.7972657070879885
1,22,8.183163787441604
2,0,6.7144766341963935
2,1,8.973196026414097
2,2,0.0
2,3,93.12551920251005
2,4,13.475276246155502
2,5,14.286828143153272
2,6,7.9206804962566535
2,7,12.371460797584884
2,8,17.019217317288465
2,9,12.253481630848636
2,10,93.12551920251005
2,12,32.903652863638946
2,13,1.6743898931583987
2,14,1.080250842298861
2,15,32.64788902265179
2,17,26.25854876601333
2,18,26.339587153834568
2,19,25.203452549474516
2,20,14.39050420829557
2,21,5.18035197184038
2,22,0.8006582713806392
3,0,87.5348801054462
3,1,86.07387342559164
3,2,93.12551920251005
3,3,0.0
3,4,81.13528285306927
3,5,79.69342228796657
3,6,86.22030821761035
3,7,81.77930286458682
3,8,77.8049537763283
3,9,81.339481202359
3,10,0.0
3,12,124.1004407845706
3,13,91.75650599410429
3,14,92.119757074511
3,15,123.53347849053361
3,17,116.8162158273625
3,18,115.50303413692349
3,19,116.43935246030655
3,20,105.37898774323169
3,21,89.13208806622738
3,22,92.57722840148683
4,0,6.851693185976835
4,1,4.979813391998372
4,2,13.475276246155502
4,3,81.13528285306927
4,4,0.0
4,5,1.8986987348028954
4,6,5.571385215179897
4,7,1.3609870515148483
4,8,3.5655594812564835
4,9,2.7451882855353142
4,10,81.13528285306927
4,12,43.24605892441003
4,13,11.821517576803442
4,14,12.400009373413287
4,15,42.77925001343551
4,17,36.03822961538944
4,18,35.198897799331746
4,19,35.45955420832245
4,20,24.27592540856383
4,21,8.497327369109277
4,22,12.726236686165558
5,0,7.930792757625073
5,1,6.409720791048413
5,2,14.286828143153272
5,3,79.69342228796657
5,4,1.8986987348028954
5,5,0.0
5,6,6.606041375455748
5,7,2.0863151723632747
5,8,3.12779722572933
5,9,2.2215166209213746
5,10,79.69342228796657
5,12,44.835912879608046
5,13,12.681846915518083
5,14,13.207195272317396
5,15,44.389520568501936
5,17,37.659150553166505
5,18,36.89218105852817
5,19,37.031593940613234
5,20,25.80953514788361
5,21,9.574641097727657
5,22,13.579785743930733
6,0,1.3251325323987255
6,1,1.659588831564218
6,2,7.9206804962566535
6,3,86.22030821761035
6,4,5.571385215179897
6,5,6.606041375455748
6,6,0.0
6,7,4.56752181467892
6,8,9.132492257521548
6,9,4.905409785024912
6,10,86.22030821761035
6,12,38.56665126929108
6,13,6.2580087326864655
6,14,6.851667147216796
6,15,38.1663202663189
6,17,31.481221072353872
6,18,30.933064168813495
6,19,30.745082509673534
6,20,19.49389089552517
6,21,2.9709652909130524
6,22,7.161934411194327
7,0,5.886749434788423
7,1,4.332435783463979
7,2,12.371460797584884
7,3,81.77930286458682
7,4,1.3609870515148483
7,5,2.0863151723632747
7,6,4.56752181467892
7,7,0.0
7,8,4.676457381920298
7,9,1.6037369847288419
7,10,81.77930286458682
7,12,42.76583549665232
7,13,10.739190785382895
7,14,11.291746583141526
7,15,42.32512752174828
7,17,35.59914884123021
7,18,34.864723307174536
7,19,34.95822308747091
7,20,23.73069766090532
7,21,7.537509279075305
7,22,11.642379517159702
8,0,10.41716689446015
8,1,8.489522647222696
8,2,17.019217317288465
8,3,77.8049537763283
8,4,3.5655594812564835
8,5,3.12779722572933
8,6,9.132492257521548
8,7,4.676457381920298
8,8,0.0
8,9,5.329254223417807
8,10,77.8049537763283
8,12,46.434806941215136
8,13,15.372577624796152
8,14,15.941480868846304
8,15,45.93658635599657
8,17,39.18843255358691
8,18,38.213116520337124
8,19,38.68525516095913
8,20,27.574142338380728
8,21,12.062731726940678
8,22,16.27729388433496
9,0,6.2039854747350445
9,1,5.190481799687767
9,2,12.253481630848636
9,3,81.339481202359
9,4,2.7451882855353142
9,5,2.2215166209213746
9,6,4.905409785024912
9,7,1.6037369847288419
9,8,5.329254223417807
9,9,0.0
9,10,81.339481202359
9,12,43.45378191968934
9,13,10.689442781674874
9,14,11.179220715904808
9,15,43.042985536589455
9,17,36.34330315106508
9,18,35.72120870413925
9,19,35.63359263984807
9,20,24.38332350064291
9,21,7.793145940188892
9,22,11.575486655211574
10,0,87.5348801054462
10,1,86.07387342559164
10,2,93.12551920251005
10,3,0.0
10,4,81.13528285306927
10,5,79.69342228796657
10,6,86.22030821761035
10,7,81.77930286458682
10,8,77.8049537763283
10,9,81.339481202359
10,10,0.0
10,12,124.1004407845706
10,13,91.75650599410429
10,14,92.119757074511
10,15,123.53347849053361
10,17,116.8162158273625
10,18,115.50303413692349
10,19,116.43935246030655
10,20,105.37898774323169
10,21,89.13208806622738
10,22,92.57722840148683
12,0,37.30944409730738
12,1,38.43387411483836
12,2,32.903652863638946
12,3,124.1004407845706
12,4,43.24605892441003
12,5,44.835912879608046
12,6,38.56665126929108
12,7,42.76583549665232
12,8,46.434806941215136
12,9,43.45378191968934
12,10,124.1004407845706
12,12,0.0
12,13,33.89968583784579
12,14,33.72772189153758
12,15,0.9280696698051479
12,17,7.284967491404991
12,18,8.968536495361251
12,19,7.82187366327191
12,20,19.072778652606676
12,21,35.835636455269984
12,22,33.23407746154465
13,0,5.041075994007165
13,1,7.3011319788140385
13,2,1.6743898931583987
13,3,91.75650599410429
13,4,11.821517576803442
13,5,12.681846915518083
13,6,6.2580087326864655
13,7,10.739190785382895
13,8,15.372577624796152
13,9,10.689442781674874
13,10,91.75650599410429
13,12,33.89968583784579
13,13,0.0
13,14,0.6754338043918894
13,15,33.60599119213297
13,17,27.117881789265883
13,18,27.03791507835041
13,19,26.142057944721124
13,20,15.124996264434012
13,21,3.5128124069185116
13,22,0.9047788126315993
14,0,5.662331658013177
14,1,7.9429929099811245
14,2,1.080250842298861
14,3,92.119757074511
14,4,12.400009373413287
14,5,13.207195272317396
14,6,6.851667147216796
14,7,11.291746583141526
14,8,15.941480868846304
14,9,11.179220715904808
14,10,92.119757074511
14,12,33.72772189153758
14,13,0.6754338043918894
14,14,0.0
14,15,33.45204711694676
14,17,27.007979095631505
14,18,27.000059614100095
14,19,25.99506622727201
14,20,15.06248923306655
14,21,4.166254585179142
14,22,0.49494777027172493
15,0,36.919348385721314
15,1,37.99557510650627
15,2,32.64788902265179
15,3,123.53347849053361
15,4,42.77925001343551
15,5,44.389520568501936
15,6,38.1663202663189
15,7,42.32512752174828
15,8,45.93658635599657
15,9,43.042985536589455
15,10,123.53347849053361
15,12,0.9280696698051479
15,13,33.60599119213297
15,14,33.45204711694676
15,15,0.0
15,17,6.748172758559534
15,18,8.230932484471657
15,19,7.4670276430847276
15,20,18.68338642732967
15,21,35.46434970212561
15,22,32.95759513665122
17,0,30.24818893099581
17,1,31.27275764529544
17,2,26.25854876601333
17,3,116.8162158273625
17,4,36.03822961538944
17,5,37.659150553166505
17,6,31.481221072353872
17,7,35.59914884123021
17,8,39.18843255358691
17,9,36.34330315106508
17,10,116.8162158273625
17,12,7.284967491404991
17,13,27.117881789265883
17,14,27.007979095631505
17,15,6.748172758559534
17,17,0.0
17,18,2.8164131928071168
17,19,1.752610996394172
17,20,12.053185732045614
17,21,28.821706706455753
17,22,26.51318515013242
18,0,29.751058482994512
18,1,30.574176918693652
18,2,26.339587153834568
18,3,115.50303413692349
18,4,35.198897799331746
18,5,36.89218105852817
18,6,30.933064168813495
18,7,34.864723307174536
18,8,38.213116520337124
18,9,35.72120870413925
18,10,115.50303413692349
18,12,8.968536495361251
18,13,27.03791507835041
18,14,27.000059614100095
18,15,8.230932484471657
18,17,2.8164131928071168
18,18,0.0
18,19,4.312385755733953
18,20,11.949083430682798
18,21,28.413337567498026
18,22,26.509508232279885
19,0,29.487637827836824
19,1,30.6257905188204
19,2,25.203452549474516
19,3,116.43935246030655
19,4,35.45955420832245
19,5,37.031593940613234
19,6,30.745082509673534
19,7,34.95822308747091
19,8,38.68525516095913
19,9,35.63359263984807
19,10,116.43935246030655
19,12,7.82187366327191
19,13,26.142057944721124
19,14,25.99506622727201
19,15,7.4670276430847276
19,17,1.752610996394172
19,18,4.312385755733953
19,19,0.0
19,20,11.251223016157596
19,21,28.016899441371027
19,22,25.500358292959195
20,0,18.238772854455256
20,1,19.399914027289388
20,2,14.39050420829557
20,3,105.37898774323169
20,4,24.27592540856383
20,5,25.80953514788361
20,6,19.49389089552517
20,7,23.73069766090532
20,8,27.574142338380728
20,9,24.38332350064291
20,10,105.37898774323169
20,12,19.072778652606676
20,13,15.124996264434012
20,14,15.06248923306655
20,15,18.68338642732967
20,17,12.053185732045614
20,18,11.949083430682798
20,19,11.251223016157596
20,20,0.0
20,21,16.782948160422826
20,22,14.570400436658765
21,0,1.6524140402569039
21,1,3.7972657070879885
21,2,5.18035197184038
21,3,89.13208806622738
21,4,8.497327369109277
21,5,9.574641097727657
21,6,2.9709652909130524
21,7,7.537509279075305
21,8,12.062731726940678
21,9,7.793145940188892
21,10,89.13208806622738
21,12,35.835636455269984
21,13,3.5128124069185116
21,14,4.166254585179142
21,15,35.46434970212561
21,17,28.821706706455753
21,18,28.413337567498026
21,19,28.016899441371027
21,20,16.782948160422826
21,21,0.0
21,22,4.387530251666904
22,0,5.9383440879503535
22,1,8.183163787441604
22,2,0.8006582713806392
22,3,92.57722840148683
22,4,12.726236686165558
22,5,13.579785743930733
22,6,7.161934411194327
22,7,11.642379517159702
22,8,16.27729388433496
22,9,11.575486655211574
22,10,92.57722840148683
22,12,33.23407746154465
22,13,0.9047788126315993
22,14,0.49494777027172493
22,15,32.95759513665122
22,17,26.51318515013242
22,18,26.509508232279885
22,19,25.500358292959195
22,20,14.570400436658765
22,21,4.387530251666904
22,22,0.0
