source_id,target_id,rtt
0,0,0.0
0,1,0.9964796314472443
0,2,1.3580072926862754
0,3,1.5607951684950772
0,4,0.560966623029944
0,5,1.0942305529683536
0,6,0.7032705661997356
0,7,1.0307401452305842
0,8,1.5500291374392927
0,9,57.33267963566283
0,10,5.218731934290702
0,11,0.028503624880799303
0,12,2.634667529892935
0,13,2.425564263256705
0,14,5.373376086046071
0,15,0.560966623029944
0,16,0.560966623029944
0,17,0.560966623029944
0,18,1.1471020102986373
0,19,3.703886671025075
0,20,5.038240802304166
0,21,6.763141517128577
0,22,6.375190278784209
0,23,5.569502026308052
0,24,5.218731934290702
0,25,5.373376086046071
0,26,3.938762428194281
0,27,3.1595646554965793
0,28,2.4182550728126864
1,0,0.9964796314472443
1,1,0.0
1,2,1.2786402141064181
1,3,0.581387730425671
1,4,1.5573987760677257
1,5,1.9360162776263863
1,6,0.8509343104014115
1,7,2.0214273489319843
1,8,1.7657566427353584
1,9,57.27647080275453
1,10,5.12315730722024
1,11,0.9681526746262372
1,12,2.7494813785378596
1,13,2.2492131601143837
1,14,5.1530608835927945
1,15,1.5573987760677257
1,16,1.5573987760677257
1,17,1.5573987760677257
1,18,0.175265995899369
1,19,3.5847998309392772
1,20,4.450820935913624
1,21,6.575880860542903
1,22,6.4250664073185995
1,23,5.533638705633423
1,24,5.12315730722024
1,25,5.1530608835927945
1,26,4.035788978837677
1,27,3.489526264459951
1,28,2.3441250603412818
2,0,1.3580072926862754
2,1,1.2786402141064181
2,2,0.0
2,3,1.408432702024144
2,4,1.6772792342138383
2,5,1.4564114800955466
2,6,1.8198294148466012
2,7,2.1245359492617566
2,8,0.5676068776062306
2,9,58.51203501041
2,10,3.926041395305178
2,11,1.3484871764504358
2,12,1.4710831535467332
2,13,1.0761729994237534
2,14,4.034648142578582
2,15,1.6772792342138383
2,16,1.6772792342138383
2,17,1.6772792342138383
2,18,1.2438428414281388
2,19,2.390565470448268
2,20,3.738682931256628
2,21,5.438384450313338
2,22,5.173596129662017
2,23,4.310001321450658
2,24,3.926041395305178
2,25,4.034648142578582
2,26,2.7649232615298764
2,27,2.237577500134506
2,28,1.1077223191656456
3,0,1.5607951684950772
3,1,0.581387730425671
3,2,1.408432702024144
3,3,0.0
3,4,2.1183579274584763
3,5,2.406333092121036
3,6,1.395877951160528
3,7,2.591062374467561
3,8,1.9664018565816892
3,9,57.42513963634473
3,10,4.979443436504028
3,11,1.5330039184323632
3,12,2.8062720364647062
3,13,2.1690673117290595
3,14,4.936233551184331
3,15,2.1183579274584763
3,16,2.1183579274584763
3,17,2.1183579274584763
3,18,0.4154295705914442
3,19,3.4647826788789744
3,20,4.0330841272491424
3,21,6.360568373451962
3,22,6.347989924595584
3,23,5.418183172859342
3,24,4.979443436504028
3,25,4.936233551184331
3,26,4.028824474123745
3,27,3.633641304002718
3,28,2.3188502230186003
4,0,0.560966623029944
4,1,1.5573987760677257
4,2,1.6772792342138383
4,3,2.1183579274584763
4,4,0.0
4,5,0.7881238102332726
4,6,1.1179217368620984
4,7,0.48669529592817456
4,8,1.6867791744006433
4,9,57.37885051666329
4,10,5.345067919669439
4,11,0.5893516796523425
4,12,2.723723854889502
4,13,2.6794812489356183
4,14,5.563903976409775
4,15,0.0
4,16,0.0
4,17,0.0
4,18,1.7061810913539859
4,19,3.8748699452341233
4,20,5.415197198317661
4,21,6.920794870682207
4,22,6.406099059477175
4,23,5.658097709371653
4,24,5.345067919669439
4,25,5.563903976409775
4,26,3.9848434081343385
4,27,3.0926129686023804
4,28,2.6225014702069513
5,0,1.0942305529683536
5,1,1.9360162776263863
5,2,1.4564114800955466
5,3,2.406333092121036
5,4,0.7881238102332726
5,5,0.0
5,6,1.7871790558936542
5,7,0.951029891381342
5,8,1.2055516682991134
5,9,58.1491047020334
5,10,4.705044113962681
5,11,1.1167945363981449
5,12,2.099417726613551
5,13,2.250208183197149
5,14,4.983873944906082
5,15,0.7881238102332726
5,16,0.7881238102332726
5,17,0.7881238102332726
5,18,2.037906873858623
5,19,3.2992495943848144
5,20,5.088419474314801
5,21,6.298047870042783
5,22,5.688112926461471
5,23,4.984183107902232
5,24,4.705044113962681
5,25,4.983873944906082
5,26,3.2942243004128806
5,27,2.3425544890118277
5,28,2.131753936766081
6,0,0.7032705661997356
6,1,0.8509343104014115
6,2,1.8198294148466012
6,3,1.395877951160528
6,4,1.1179217368620984
6,5,1.7871790558936542
6,6,0.0
6,7,1.4678120352876665
6,8,2.1474296045428116
6,9,56.720821679355645
6,10,5.745582225158125
6,11,0.6855738680776587
6,12,3.2236574895114116
6,13,2.8862839001326366
6,14,5.841449515111416
6,15,1.1179217368620984
6,16,1.1179217368620984
6,17,1.1179217368620984
6,18,1.0236989574501612
6,19,4.210238176736296
6,20,5.277286439189509
6,21,7.252515046815781
6,22,6.965572165735623
6,23,6.12352657089055
6,24,5.745582225158125
6,25,5.841449515111416
6,26,4.535272889801406
6,27,3.8207054599519847
6,28,2.926467954054277
7,0,1.0307401452305842
7,1,2.0214273489319843
7,2,2.1245359492617566
7,3,2.591062374467561
7,4,0.48669529592817456
7,5,0.951029891381342
7,6,1.4678120352876665
7,7,0.0
7,8,2.0562196906897983
7,9,57.24806862238681
7,10,5.648957263153314
7,11,1.0583037178220747
7,12,3.0335196222194236
7,13,3.082452715485165
7,14,5.908088908897667
7,15,0.48669529592817456
7,16,0.48669529592817456
7,17,0.48669529592817456
7,18,2.1766092723117536
7,19,4.218457941317684
7,20,5.860321440626927
7,21,7.238393408611313
7,22,6.636306921956257
7,23,5.9342718500850635
7,24,5.648957263153314
7,25,5.908088908897667
7,26,4.245084899509725
7,27,3.283113155438904
7,28,3.0011894856843986
8,0,1.5500291374392927
8,1,1.7657566427353584
8,2,0.5676068776062306
8,3,1.9664018565816892
8,4,1.6867791744006433
8,5,1.2055516682991134
8,6,2.1474296045428116
8,7,2.0562196906897983
8,8,0.0
8,9,58.86503488510629
8,10,3.6800315118140103
8,11,1.5508567513865967
8,12,1.085289952959205
8,13,1.045054418686964
8,14,3.8774913707290155
8,15,1.6867791744006433
8,16,1.6867791744006433
8,17,1.6867791744006433
8,18,1.7616100703768274
8,19,2.1896428088337454
8,20,3.885652474325027
8,21,5.242595883356937
8,22,4.82912865389439
8,23,4.020824547512172
8,24,3.6800315118140103
8,25,3.8774913707290155
8,26,2.393663711272016
8,27,1.7254734627640336
8,28,0.944976381770421
9,0,57.33267963566283
9,1,57.27647080275453
9,2,58.51203501041
9,3,57.42513963634473
9,4,57.37885051666329
9,5,58.1491047020334
9,6,56.720821679355645
9,7,57.24806862238681
9,8,58.86503488510629
9,9,0.0
9,10,62.393601860583395
9,11,57.32779365185457
9,12,59.94447128136867
9,13,59.5255074678528
9,14,62.35118862574499
9,15,57.37885051666329
9,16,57.37885051666329
9,17,57.37885051666329
9,18,57.36519906274832
9,19,60.8594149879406
9,20,61.00329651073908
9,21,63.768943227628995
9,22,63.68373423764099
9,23,62.81007755194153
9,24,62.393601860583395
9,25,62.35118862574499
9,26,61.25608609029858
9,27,60.466815069002166
9,28,59.61195949788935
10,0,5.218731934290702
10,1,5.12315730722024
10,2,3.926041395305178
10,3,4.979443436504028
10,4,5.345067919669439
10,5,4.705044113962681
10,6,5.745582225158125
10,7,5.648957263153314
10,8,3.6800315118140103
10,9,62.393601860583395
10,10,0.0
10,11,5.216483713159904
10,12,2.6220925442246776
10,13,2.8767269426824797
10,14,0.6671183948614499
10,15,5.345067919669439
10,16,5.345067919669439
10,17,5.345067919669439
10,18,5.029259099014255
10,19,1.5401017894699334
10,20,2.646235930979256
10,21,1.5996164346860267
10,22,1.4919341632393737
10,23,0.4994189388303394
10,24,0.0
10,25,0.6671183948614499
10,26,1.4788479486566697
10,27,2.575360773840668
10,28,2.8192403034799622
11,0,0.028503624880799303
11,1,0.9681526746262372
11,2,1.3484871764504358
11,3,1.5330039184323632
11,4,0.5893516796523425
11,5,1.1167945363981449
11,6,0.6855738680776587
11,7,1.0583037178220747
11,8,1.5508567513865967
11,9,57.32779365185457
11,10,5.216483713159904
11,11,0.0
11,12,2.635917359295795
11,13,2.417964921035343
11,14,5.367661761293125
11,15,0.5893516796523425
11,16,0.5893516796523425
11,17,0.5893516796523425
11,18,1.1191445706660952
11,19,3.6998779335276972
11,20,5.022132152202322
11,21,6.7588865079698195
11,22,6.377592163382466
11,23,5.569128893259112
11,24,5.216483713159904
11,25,5.367661761293125
11,26,3.941200025981705
11,27,3.1681544407101945
11,28,2.4135072683076553
12,0,2.634667529892935
12,1,2.7494813785378596
12,2,1.4710831535467332
12,3,2.8062720364647062
12,4,2.723723854889502
12,5,2.099417726613551
12,6,3.2236574895114116
12,7,3.0335196222194236
12,8,1.085289952959205
12,9,59.94447128136867
12,10,2.6220925442246776
12,11,2.635917359295795
12,12,0.0
12,13,0.8175139685576418
12,14,2.8863033674292002
12,15,2.723723854889502
12,16,2.723723854889502
12,17,2.723723854889502
12,18,2.7059849349612173
12,19,1.2125167694975
12,20,3.323886238583482
12,21,4.20561893806915
12,22,3.744798321664449
12,23,2.942133052298051
12,24,2.6220925442246776
12,25,2.8863033674292002
12,26,1.3116158031667429
12,27,0.9215047379075941
12,28,0.5752862534999604
13,0,2.425564263256705
13,1,2.2492131601143837
13,2,1.0761729994237534
13,3,2.1690673117290595
13,4,2.6794812489356183
13,5,2.250208183197149
13,6,2.8862839001326366
13,7,3.082452715485165
13,8,1.045054418686964
13,9,59.5255074678528
13,10,2.8767269426824797
13,11,2.417964921035343
13,12,0.8175139685576418
13,13,0.0
13,14,2.9589498980228686
13,15,2.6794812489356183
13,16,2.6794812489356183
13,17,2.6794812489356183
13,18,2.1639236701883298
13,19,1.3368137193691534
13,20,2.8501032788423117
13,21,4.366305533202976
13,22,4.189810092663323
13,23,3.2849228571043616
13,24,2.8767269426824797
13,25,2.9589498980228686
13,26,1.8701187180818366
13,27,1.738334161540003
13,28,0.24789196951557524
14,0,5.373376086046071
14,1,5.1530608835927945
14,2,4.034648142578582
14,3,4.936233551184331
14,4,5.563903976409775
14,5,4.983873944906082
14,6,5.841449515111416
14,7,5.908088908897667
14,8,3.8774913707290155
14,9,62.35118862574499
14,10,0.6671183948614499
14,11,5.367661761293125
14,12,2.8863033674292002
14,13,2.9589498980228686
14,14,0.0
14,15,5.563903976409775
14,16,5.563903976409775
14,17,5.563903976409775
14,18,5.040591285207968
14,19,1.6904366965088742
14,20,2.084673073336836
14,21,1.4252635895349974
14,22,1.9468552472383198
14,23,1.0485336998055768
14,24,0.6671183948614499
14,25,0.0
14,26,1.9442493491384791
14,27,3.0256552649074235
14,28,2.957268714712606
15,0,0.560966623029944
15,1,1.5573987760677257
15,2,1.6772792342138383
15,3,2.1183579274584763
15,4,0.0
15,5,0.7881238102332726
15,6,1.1179217368620984
15,7,0.48669529592817456
15,8,1.6867791744006433
15,9,57.37885051666329
15,10,5.345067919669439
15,11,0.5893516796523425
15,12,2.723723854889502
15,13,2.6794812489356183
15,14,5.563903976409775
15,15,0.0
15,16,0.0
15,17,0.0
15,18,1.7061810913539859
15,19,3.8748699452341233
15,20,5.415197198317661
15,21,6.920794870682207
15,22,6.406099059477175
15,23,5.658097709371653
15,24,5.345067919669439
15,25,5.563903976409775
15,26,3.9848434081343385
15,27,3.0926129686023804
15,28,2.6225014702069513
16,0,0.560966623029944
16,1,1.5573987760677257
16,2,1.6772792342138383
16,3,2.1183579274584763
16,4,0.0
16,5,0.7881238102332726
16,6,1.1179217368620984
16,7,0.48669529592817456
16,8,1.6867791744006433
16,9,57.37885051666329
16,10,5.345067919669439
16,11,0.5893516796523425
16,12,2.723723854889502
16,13,2.6794812489356183
16,14,5.563903976409775
16,15,0.0
16,16,0.0
16,17,0.0
16,18,1.7061810913539859
16,19,3.8748699452341233
16,20,5.415197198317661
16,21,6.920794870682207
16,22,6.406099059477175
16,23,5.658097709371653
16,24,5.345067919669439
16,25,5.563903976409775
16,26,3.9848434081343385
16,27,3.0926129686023804
16,28,2.6225014702069513
17,0,0.560966623029944
17,1,1.5573987760677257
17,2,1.6772792342138383
17,3,2.1183579274584763
17,4,0.0
17,5,0.7881238102332726
17,6,1.1179217368620984
17,7,0.48669529592817456
17,8,1.6867791744006433
17,9,57.37885051666329
17,10,5.345067919669439
17,11,0.5893516796523425
17,12,2.723723854889502
17,13,2.6794812489356183
17,14,5.563903976409775
17,15,0.0
17,16,0.0
17,17,0.0
17,18,1.7061810913539859
17,19,3.8748699452341233
17,20,5.415197198317661
17,21,6.920794870682207
17,22,6.406099059477175
17,23,5.658097709371653
17,24,5.345067919669439
17,25,5.563903976409775
17,26,3.9848434081343385
17,27,3.0926129686023804
17,28,2.6225014702069513
18,0,1.1471020102986373
18,1,0.175265995899369
18,2,1.2438428414281388
18,3,0.4154295705914442
18,4,1.7061810913539859
18,5,2.037906873858623
18,6,1.0236989574501612
18,7,2.1766092723117536
18,8,1.7616100703768274
18,9,57.36519906274832
18,10,5.029259099014255
18,11,1.1191445706660952
18,12,2.7059849349612173
18,13,2.1639236701883298
18,14,5.040591285207968
18,15,1.7061810913539859
18,16,1.7061810913539859
18,17,1.7061810913539859
18,18,0.0
18,19,3.494433827243415
18,20,4.293507761880283
18,21,6.464976866008617
18,22,6.350368736905021
18,23,5.447687368071562
18,24,5.029259099014255
18,25,5.040591285207968
18,26,3.977624821272664
18,27,3.475665184625495
18,28,2.2745472245540013
19,0,3.703886671025075
19,1,3.5847998309392772
19,2,2.390565470448268
19,3,3.4647826788789744
19,4,3.8748699452341233
19,5,3.2992495943848144
19,6,4.210238176736296
19,7,4.218457941317684
19,8,2.1896428088337454
19,9,60.8594149879406
19,10,1.5401017894699334
19,11,3.6998779335276972
19,12,1.2125167694975
19,13,1.3368137193691534
19,14,1.6904366965088742
19,15,3.8748699452341233
19,16,3.8748699452341233
19,17,3.8748699452341233
19,18,3.494433827243415
19,19,0.0
19,20,2.3710361317999844
19,21,3.059455162466115
19,22,2.888896818911695
19,23,1.9555528544230505
19,24,1.5401017894699334
19,25,1.6904366965088742
19,26,0.8957640071167121
19,27,1.6097020918047038
19,28,1.2884056275015006
20,0,5.038240802304166
20,1,4.450820935913624
20,2,3.738682931256628
20,3,4.0330841272491424
20,4,5.415197198317661
20,5,5.088419474314801
20,6,5.277286439189509
20,7,5.860321440626927
20,8,3.885652474325027
20,9,61.00329651073908
20,10,2.646235930979256
20,11,5.022132152202322
20,12,3.323886238583482
20,13,2.8501032788423117
20,14,2.084673073336836
20,15,5.415197198317661
20,16,5.415197198317661
20,17,5.415197198317661
20,18,4.293507761880283
20,19,2.3710361317999844
20,20,0.0
20,21,3.126017863582654
20,22,4.030916982224133
20,23,3.1090122095234594
20,24,2.646235930979256
20,25,2.084673073336836
20,26,3.185601281734768
20,27,3.960107871310181
20,28,3.0130129405534363
21,0,6.763141517128577
21,1,6.575880860542903
21,2,5.438384450313338
21,3,6.360568373451962
21,4,6.920794870682207
21,5,6.298047870042783
21,6,7.252515046815781
21,7,7.238393408611313
21,8,5.242595883356937
21,9,63.768943227628995
21,10,1.5996164346860267
21,11,6.7588865079698195
21,12,4.20561893806915
21,13,4.366305533202976
21,14,1.4252635895349974
21,15,6.920794870682207
21,16,6.920794870682207
21,17,6.920794870682207
21,18,6.464976866008617
21,19,3.059455162466115
21,20,3.126017863582654
21,21,0.0
21,22,1.5791440255088967
21,23,1.4563801458970735
21,24,1.5996164346860267
21,25,1.4252635895349974
21,26,3.0700519605010803
21,27,4.159680691001018
21,28,4.345734584630113
22,0,6.375190278784209
22,1,6.4250664073185995
22,2,5.173596129662017
22,3,6.347989924595584
22,4,6.406099059477175
22,5,5.688112926461471
22,6,6.965572165735623
22,7,6.636306921956257
22,8,4.82912865389439
22,9,63.68373423764099
22,10,1.4919341632393737
22,11,6.377592163382466
22,12,3.744798321664449
22,13,4.189810092663323
22,14,1.9468552472383198
22,15,6.406099059477175
22,16,6.406099059477175
22,17,6.406099059477175
22,18,6.350368736905021
22,19,2.888896818911695
22,20,4.030916982224133
22,21,1.5791440255088967
22,22,0.0
22,23,0.9936912493984318
22,24,1.4919341632393737
22,25,1.9468552472383198
22,26,2.4364279278237477
22,27,3.36255989922022
22,28,4.081119285118281
23,0,5.569502026308052
23,1,5.533638705633423
23,2,4.310001321450658
23,3,5.418183172859342
23,4,5.658097709371653
23,5,4.984183107902232
23,6,6.12352657089055
23,7,5.9342718500850635
23,8,4.020824547512172
23,9,62.81007755194153
23,10,0.4994189388303394
23,11,5.569128893259112
23,12,2.942133052298051
23,13,3.2849228571043616
23,14,1.0485336998055768
23,15,5.658097709371653
23,16,5.658097709371653
23,17,5.658097709371653
23,18,5.447687368071562
23,19,1.9555528544230505
23,20,3.1090122095234594
23,21,1.4563801458970735
23,22,0.9936912493984318
23,23,0.0
23,24,0.4994189388303394
23,25,1.0485336998055768
23,26,1.6935239849982686
23,27,2.7502728910361607
23,28,3.203665648646994
24,0,5.218731934290702
24,1,5.12315730722024
24,2,3.926041395305178
24,3,4.979443436504028
24,4,5.345067919669439
24,5,4.705044113962681
24,6,5.745582225158125
24,7,5.648957263153314
24,8,3.6800315118140103
24,9,62.393601860583395
24,10,0.0
24,11,5.216483713159904
24,12,2.6220925442246776
24,13,2.8767269426824797
24,14,0.6671183948614499
24,15,5.345067919669439
24,16,5.345067919669439
24,17,5.345067919669439
24,18,5.029259099014255
24,19,1.5401017894699334
24,20,2.646235930979256
24,21,1.5996164346860267
24,22,1.4919341632393737
24,23,0.4994189388303394
24,24,0.0
24,25,0.6671183948614499
24,26,1.4788479486566697
24,27,2.575360773840668
24,28,2.8192403034799622
25,0,5.373376086046071
25,1,5.1530608835927945
25,2,4.034648142578582
25,3,4.936233551184331
25,4,5.563903976409775
25,5,4.983873944906082
25,6,5.841449515111416
25,7,5.908088908897667
25,8,3.8774913707290155
25,9,62.35118862574499
25,10,0.6671183948614499
25,11,5.367661761293125
25,12,2.8863033674292002
25,13,2.9589498980228686
25,14,0.0
25,15,5.563903976409775
25,16,5.563903976409775
25,17,5.563903976409775
25,18,5.040591285207968
25,19,1.6904366965088742
25,20,2.084673073336836
25,21,1.4252635895349974
25,22,1.9468552472383198
25,23,1.0485336998055768
25,24,0.6671183948614499
25,25,0.0
25,26,1.9442493491384791
25,27,3.0256552649074235
25,28,2.957268714712606
26,0,3.938762428194281
26,1,4.035788978837677
26,2,2.7649232615298764
26,3,4.028824474123745
26,4,3.9848434081343385
26,5,3.2942243004128806
26,6,4.535272889801406
26,7,4.245084899509725
26,8,2.393663711272016
26,9,61.25608609029858
26,10,1.4788479486566697
26,11,3.941200025981705
26,12,1.3116158031667429
26,13,1.8701187180818366
26,14,1.9442493491384791
26,15,3.9848434081343385
26,16,3.9848434081343385
26,17,3.9848434081343385
26,18,3.977624821272664
26,19,0.8957640071167121
26,20,3.185601281734768
26,21,3.0700519605010803
26,22,2.4364279278237477
26,23,1.6935239849982686
26,24,1.4788479486566697
26,25,1.9442493491384791
26,26,0.0
26,27,1.0978854645378993
26,28,1.7112451647915188
27,0,3.1595646554965793
27,1,3.489526264459951
27,2,2.237577500134506
27,3,3.633641304002718
27,4,3.0926129686023804
27,5,2.3425544890118277
27,6,3.8207054599519847
27,7,3.283113155438904
27,8,1.7254734627640336
27,9,60.466815069002166
27,10,2.575360773840668
27,11,3.1681544407101945
27,12,0.9215047379075941
27,13,1.738334161540003
27,14,3.0256552649074235
27,15,3.0926129686023804
27,16,3.0926129686023804
27,17,3.0926129686023804
27,18,3.475665184625495
27,19,1.6097020918047038
27,20,3.960107871310181
27,21,4.159680691001018
27,22,3.36255989922022
27,23,2.7502728910361607
27,24,2.575360773840668
27,25,3.0256552649074235
27,26,1.0978854645378993
27,27,0.0
27,28,1.4967155980734648
28,0,2.4182550728126864
28,1,2.3441250603412818
28,2,1.1077223191656456
28,3,2.3188502230186003
28,4,2.6225014702069513
28,5,2.131753936766081
28,6,2.926467954054277
28,7,3.0011894856843986
28,8,0.944976381770421
28,9,59.61195949788935
28,10,2.8192403034799622
28,11,2.4135072683076553
28,12,0.5752862534999604
28,13,0.24789196951557524
28,14,2.957268714712606
28,15,2.6225014702069513
28,16,2.6225014702069513
28,17,2.6225014702069513
28,18,2.2745472245540013
28,19,1.2884056275015006
28,20,3.0130129405534363
28,21,4.345734584630113
28,22,4.081119285118281
28,23,3.203665648646994
28,24,2.8192403034799622
28,25,2.957268714712606
28,26,1.7112451647915188
28,27,1.4967155980734648
28,28,0.0
