source_id,target_id,rtt
0,0,0.0
0,1,6.162254604054972
0,2,0.15609206888727378
0,3,1.2615069203312332
0,4,3.2380806773662076
0,5,3.06049241669595
0,6,6.262280350274907
0,7,7.924751494229976
0,8,4.858867610590539
0,9,1.2491068882081702
0,10,164.30378861020142
0,11,5.255034813888557
0,12,3.203197118938417
0,13,1.9310608039929633
0,14,1.2615069203312332
0,15,5.287409505768777
0,16,5.739184549075233
0,17,164.30378861020142
0,18,4.849262169462937
0,19,4.052003415063358
0,20,0.2493545048875648
0,21,2.7331196623438165
0,22,4.340351134353404
0,23,5.273278363345333
0,24,5.211668793356273
1,0,6.162254604054972
1,1,0.0
1,2,6.318346672942246
1,3,7.423761524386205
1,4,2.9307521669760894
1,5,3.108340427646347
1,6,0.10002574621993482
1,7,1.7624968901750035
1,8,4.906715621540936
1,9,5.671122270861675
1,10,170.4660432142564
1,11,11.417289417943529
1,12,9.36545172299339
1,13,8.093315408047935
1,14,7.423761524386205
1,15,11.44966410982375
1,16,11.901439153130205
1,17,170.4660432142564
1,18,11.011516773517908
1,19,10.21425801911833
1,20,6.411609108942537
1,21,8.895374266398788
1,22,10.502605738408375
1,23,11.435532967400304
1,24,11.373923397411245
2,0,0.15609206888727378
2,1,6.318346672942246
2,2,0.0
2,3,1.1127028429863042
2,4,3.3941727462534814
2,5,3.216584485583224
2,6,6.418372419162181
2,7,8.080843563117249
2,8,5.014959679477813
2,9,1.405198957095444
2,10,164.1549845328565
2,11,5.106230736543628
2,12,3.054393041593488
2,13,1.7822567266480345
2,14,1.1127028429863042
2,15,5.1386054284238485
2,16,5.590380471730304
2,17,164.1549845328565
2,18,4.700458092118008
2,19,3.9031993377184286
2,20,0.09326243600029102
2,21,2.5843155849988872
2,22,4.191547057008474
2,23,5.124474286000403
2,24,5.062864716011344
3,0,1.2615069203312332
3,1,7.423761524386205
3,2,1.1127028429863042
3,3,0.0
3,4,4.49958759769744
3,5,4.321999337027183
3,6,7.523787270606141
3,7,9.186258414561209
3,8,6.120374530921772
3,9,2.5106138085394036
3,10,163.0422816898702
3,11,3.9935278935573235
3,12,1.941690198607184
3,13,0.6695538836617302
3,14,0.0
3,15,4.025902585437544
3,16,4.477677628744
3,17,163.0422816898702
3,18,3.5877552491317033
3,19,2.7904964947321247
3,20,1.2059652789865951
3,21,1.471612742012583
3,22,3.0788442140221703
3,23,4.011771443014099
3,24,3.9501618730250394
4,0,3.2380806773662076
4,1,2.9307521669760894
4,2,3.3941727462534814
4,3,4.49958759769744
4,4,0.0
4,5,0.17758826067025746
4,6,3.030777913196024
4,7,4.6932490571510925
4,8,1.9759634545648463
4,9,2.740370103885586
4,10,167.54186928756764
4,11,8.493115491254763
4,12,6.4412777963046235
4,13,5.16914148135917
4,14,4.49958759769744
4,15,8.525490183134984
4,16,8.977265226441439
4,17,167.54186928756764
4,18,8.087342846829143
4,19,7.290084092429565
4,20,3.4874351822537726
4,21,5.971200339710023
4,22,7.578431811719611
4,23,8.51135904071154
4,24,8.449749470722479
5,0,3.06049241669595
5,1,3.108340427646347
5,2,3.216584485583224
5,3,4.321999337027183
5,4,0.17758826067025746
5,5,0.0
5,6,3.2083661738662816
5,7,4.8708373178213495
5,8,1.7983751938945889
5,9,2.5627818432153284
5,10,167.36428102689737
5,11,8.315527230584506
5,12,6.2636895356343665
5,13,4.991553220688913
5,14,4.321999337027183
5,15,8.347901922464727
5,16,8.799676965771182
5,17,167.36428102689737
5,18,7.909754586158887
5,19,7.112495831759308
5,20,3.309846921583515
5,21,5.793612079039766
5,22,7.400843551049354
5,23,8.333770780041283
5,24,8.272161210052221
6,0,6.262280350274907
6,1,0.10002574621993482
6,2,6.418372419162181
6,3,7.523787270606141
6,4,3.030777913196024
6,5,3.2083661738662816
6,6,0.0
6,7,1.8625226363949383
6,8,5.0067413677608705
6,9,5.77114801708161
6,10,170.56606896047634
6,11,11.517315164163465
6,12,9.465477469213324
6,13,8.193341154267872
6,14,7.523787270606141
6,15,11.549689856043686
6,16,12.001464899350141
6,17,170.56606896047634
6,18,11.111542519737844
6,19,10.314283765338265
6,20,6.511634855162472
6,21,8.995400012618724
6,22,10.602631484628311
6,23,11.53555871362024
6,24,11.473949143631181
7,0,7.924751494229976
7,1,1.7624968901750035
7,2,8.080843563117249
7,3,9.186258414561209
7,4,4.6932490571510925
7,5,4.8708373178213495
7,6,1.8625226363949383
7,7,0.0
7,8,6.669212511715939
7,9,7.4336191610366775
7,10,172.2285401044314
7,11,13.179786308118532
7,12,11.127948613168392
7,13,9.85581229822294
7,14,9.186258414561209
7,15,13.212160999998753
7,16,13.663936043305208
7,17,172.2285401044314
7,18,12.774013663692912
7,19,11.976754909293334
7,20,8.17410599911754
7,21,10.657871156573792
7,22,12.26510262858338
7,23,13.198029857575309
7,24,13.136420287586247
8,0,4.858867610590539
8,1,4.906715621540936
8,2,5.014959679477813
8,3,6.120374530921772
8,4,1.9759634545648463
8,5,1.7983751938945889
8,6,5.0067413677608705
8,7,6.669212511715939
8,8,0.0
8,9,4.361157037109917
8,10,169.16265622079197
8,11,10.113902424479095
8,12,8.062064729528956
8,13,6.7899284145835015
8,14,6.120374530921772
8,15,10.146277116359316
8,16,10.598052159665771
8,17,169.16265622079197
8,18,9.708129780053476
8,19,8.910871025653897
8,20,5.108222115478104
8,21,7.591987272934356
8,22,9.199218744943943
8,23,10.132145973935872
8,24,10.07053640394681
9,0,1.2491068882081702
9,1,5.671122270861675
9,2,1.405198957095444
9,3,2.5106138085394036
9,4,2.740370103885586
9,5,2.5627818432153284
9,6,5.77114801708161
9,7,7.4336191610366775
9,8,4.361157037109917
9,9,0.0
9,10,165.5528954984096
9,11,6.504141702096727
9,12,4.452304007146587
9,13,3.1801676922011337
9,14,2.5106138085394036
9,15,6.536516393976948
9,16,6.9882914372834035
9,17,165.5528954984096
9,18,6.098369057671108
9,19,5.301110303271528
9,20,1.498461393095735
9,21,3.982226550551987
9,22,5.589458022561574
9,23,6.522385251553503
9,24,6.460775681564443
10,0,164.30378861020142
10,1,170.4660432142564
10,2,164.1549845328565
10,3,163.0422816898702
10,4,167.54186928756764
10,5,167.36428102689737
10,6,170.56606896047634
10,7,172.2285401044314
10,8,169.16265622079197
10,9,165.5528954984096
10,10,0.0
10,11,159.13548583737744
10,12,164.98397188847738
10,13,163.7118355735319
10,14,163.0422816898702
10,15,159.16786052925767
10,16,159.6196355725641
10,17,318.1842396336903
10,18,161.6529558495617
10,19,164.0701600391813
10,20,164.2482469688568
10,21,162.75127628646175
10,22,161.14404481445217
10,23,160.21111758546024
10,24,159.09211981684516
11,0,5.255034813888557
11,1,11.417289417943529
11,2,5.106230736543628
11,3,3.9935278935573235
11,4,8.493115491254763
11,5,8.315527230584506
11,6,11.517315164163465
11,7,13.179786308118532
11,8,10.113902424479095
11,9,6.504141702096727
11,10,159.13548583737744
11,11,0.0
11,12,5.935218092164508
11,13,4.663081777219054
11,14,3.9935278935573235
11,15,0.1191067329447886
11,16,0.5708817762512444
11,17,159.13548583737744
11,18,2.6042020532488306
11,19,5.0214062428684265
11,20,5.199493172543919
11,21,3.7025224901488847
11,22,2.0952910181392976
11,23,1.1623637891473686
11,24,0.043366020532283896
12,0,3.203197118938417
12,1,9.36545172299339
12,2,3.054393041593488
12,3,1.941690198607184
12,4,6.4412777963046235
12,5,6.2636895356343665
12,6,9.465477469213324
12,7,11.127948613168392
12,8,8.062064729528956
12,9,4.452304007146587
12,10,164.98397188847738
12,11,5.935218092164508
12,12,0.0
12,13,2.611244082268914
12,14,1.941690198607184
12,15,5.9675927840447285
12,16,6.419367827351184
12,17,164.98397188847738
12,18,5.529445447738888
12,19,4.732186693339308
12,20,3.147655477593779
12,21,3.413302940619767
12,22,5.020534412629354
12,23,5.953461641621283
12,24,5.891852071632224
13,0,1.9310608039929633
13,1,8.093315408047935
13,2,1.7822567266480345
13,3,0.6695538836617302
13,4,5.16914148135917
13,5,4.991553220688913
13,6,8.193341154267872
13,7,9.85581229822294
13,8,6.7899284145835015
13,9,3.1801676922011337
13,10,163.7118355735319
13,11,4.663081777219054
13,12,2.611244082268914
13,13,0.0
13,14,0.6695538836617302
13,15,4.695456469099274
13,16,5.14723151240573
13,17,163.7118355735319
13,18,4.257309132793434
13,19,3.4600503783938548
13,20,1.8755191626483252
13,21,2.1411666256743134
13,22,3.748398097683901
13,23,4.68132532667583
13,24,4.6197157566867695
14,0,1.2615069203312332
14,1,7.423761524386205
14,2,1.1127028429863042
14,3,0.0
14,4,4.49958759769744
14,5,4.321999337027183
14,6,7.523787270606141
14,7,9.186258414561209
14,8,6.120374530921772
14,9,2.5106138085394036
14,10,163.0422816898702
14,11,3.9935278935573235
14,12,1.941690198607184
14,13,0.6695538836617302
14,14,0.0
14,15,4.025902585437544
14,16,4.477677628744
14,17,163.0422816898702
14,18,3.5877552491317033
14,19,2.7904964947321247
14,20,1.2059652789865951
14,21,1.471612742012583
14,22,3.0788442140221703
14,23,4.011771443014099
14,24,3.9501618730250394
15,0,5.287409505768777
15,1,11.44966410982375
15,2,5.1386054284238485
15,3,4.025902585437544
15,4,8.525490183134984
15,5,8.347901922464727
15,6,11.549689856043686
15,7,13.212160999998753
15,8,10.146277116359316
15,9,6.536516393976948
15,10,159.16786052925767
15,11,0.1191067329447886
15,12,5.9675927840447285
15,13,4.695456469099274
15,14,4.025902585437544
15,15,0.0
15,16,0.4517750433064558
15,17,159.16786052925767
15,18,2.636576745129051
15,19,5.053780934748647
15,20,5.23186786442414
15,21,3.7348971820291053
15,22,2.127665710019518
15,23,1.1947384810275894
15,24,0.0757407124125047
16,0,5.739184549075233
16,1,11.901439153130205
16,2,5.590380471730304
16,3,4.477677628744
16,4,8.977265226441439
16,5,8.799676965771182
16,6,12.001464899350141
16,7,13.663936043305208
16,8,10.598052159665771
16,9,6.9882914372834035
16,10,159.6196355725641
16,11,0.5708817762512444
16,12,6.419367827351184
16,13,5.14723151240573
16,14,4.477677628744
16,15,0.4517750433064558
16,16,0.0
16,17,159.6196355725641
16,18,3.088351788435507
16,19,5.505555978055103
16,20,5.683642907730595
16,21,4.1866722253355615
16,22,2.579440753325974
16,23,1.6465135243340452
16,24,0.5275157557189605
17,0,164.30378861020142
17,1,170.4660432142564
17,2,164.1549845328565
17,3,163.0422816898702
17,4,167.54186928756764
17,5,167.36428102689737
17,6,170.56606896047634
17,7,172.2285401044314
17,8,169.16265622079197
17,9,165.5528954984096
17,10,318.1842396336903
17,11,159.13548583737744
17,12,164.98397188847738
17,13,163.7118355735319
17,14,163.0422816898702
17,15,159.16786052925767
17,16,159.6196355725641
17,17,0.0
17,18,161.6529558495617
17,19,164.0701600391813
17,20,164.2482469688568
17,21,162.75127628646175
17,22,161.14404481445217
17,23,160.21111758546024
17,24,159.09211981684516
18,0,4.849262169462937
18,1,11.011516773517908
18,2,4.700458092118008
18,3,3.5877552491317033
18,4,8.087342846829143
18,5,7.909754586158887
18,6,11.111542519737844
18,7,12.774013663692912
18,8,9.708129780053476
18,9,6.098369057671108
18,10,161.6529558495617
18,11,2.6042020532488306
18,12,5.529445447738888
18,13,4.257309132793434
18,14,3.5877552491317033
18,15,2.636576745129051
18,16,3.088351788435507
18,17,161.6529558495617
18,18,0.0
18,19,3.435026259838662
18,20,4.793720528118299
18,21,2.1161425071191204
18,22,0.5089110351095331
18,23,1.4418382641014618
18,24,2.5608360327165465
19,0,4.052003415063358
19,1,10.21425801911833
19,2,3.9031993377184286
19,3,2.7904964947321247
19,4,7.290084092429565
19,5,7.112495831759308
19,6,10.314283765338265
19,7,11.976754909293334
19,8,8.910871025653897
19,9,5.301110303271528
19,10,164.0701600391813
19,11,5.0214062428684265
19,12,4.732186693339308
19,13,3.4600503783938548
19,14,2.7904964947321247
19,15,5.053780934748647
19,16,5.505555978055103
19,17,164.0701600391813
19,18,3.435026259838662
19,19,0.0
19,20,3.9964617737187194
19,21,1.3188837527195414
19,22,2.926115224729129
19,23,3.8590424537210577
19,24,4.978040222336142
20,0,0.2493545048875648
20,1,6.411609108942537
20,2,0.09326243600029102
20,3,1.2059652789865951
20,4,3.4874351822537726
20,5,3.309846921583515
20,6,6.511634855162472
20,7,8.17410599911754
20,8,5.108222115478104
20,9,1.498461393095735
20,10,164.2482469688568
20,11,5.199493172543919
20,12,3.147655477593779
20,13,1.8755191626483252
20,14,1.2059652789865951
20,15,5.23186786442414
20,16,5.683642907730595
20,17,164.2482469688568
20,18,4.793720528118299
20,19,3.9964617737187194
20,20,0.0
20,21,2.677578020999178
20,22,4.2848094930087655
20,23,5.217736722000694
20,24,5.156127152011635
21,0,2.7331196623438165
21,1,8.895374266398788
21,2,2.5843155849988872
21,3,1.471612742012583
21,4,5.971200339710023
21,5,5.793612079039766
21,6,8.995400012618724
21,7,10.657871156573792
21,8,7.591987272934356
21,9,3.982226550551987
21,10,162.75127628646175
21,11,3.7025224901488847
21,12,3.413302940619767
21,13,2.1411666256743134
21,14,1.471612742012583
21,15,3.7348971820291053
21,16,4.1866722253355615
21,17,162.75127628646175
21,18,2.1161425071191204
21,19,1.3188837527195414
21,20,2.677578020999178
21,21,0.0
21,22,1.6072314720095873
21,23,2.540158701001516
21,24,3.6591564696166006
22,0,4.340351134353404
22,1,10.502605738408375
22,2,4.191547057008474
22,3,3.0788442140221703
22,4,7.578431811719611
22,5,7.400843551049354
22,6,10.602631484628311
22,7,12.26510262858338
22,8,9.199218744943943
22,9,5.589458022561574
22,10,161.14404481445217
22,11,2.0952910181392976
22,12,5.020534412629354
22,13,3.748398097683901
22,14,3.0788442140221703
22,15,2.127665710019518
22,16,2.579440753325974
22,17,161.14404481445217
22,18,0.5089110351095331
22,19,2.926115224729129
22,20,4.2848094930087655
22,21,1.6072314720095873
22,22,0.0
22,23,0.9329272289919286
22,24,2.0519249976070135
23,0,5.273278363345333
23,1,11.435532967400304
23,2,5.124474286000403
23,3,4.011771443014099
23,4,8.51135904071154
23,5,8.333770780041283
23,6,11.53555871362024
23,7,13.198029857575309
23,8,10.132145973935872
23,9,6.522385251553503
23,10,160.21111758546024
23,11,1.1623637891473686
23,12,5.953461641621283
23,13,4.68132532667583
23,14,4.011771443014099
23,15,1.1947384810275894
23,16,1.6465135243340452
23,17,160.21111758546024
23,18,1.4418382641014618
23,19,3.8590424537210577
23,20,5.217736722000694
23,21,2.540158701001516
23,22,0.9329272289919286
23,23,0.0
23,24,1.1189977686150847
24,0,5.211668793356273
24,1,11.373923397411245
24,2,5.062864716011344
24,3,3.9501618730250394
24,4,8.449749470722479
24,5,8.272161210052221
24,6,11.473949143631181
24,7,13.136420287586247
24,8,10.07053640394681
24,9,6.460775681564443
24,10,159.09211981684516
24,11,0.043366020532283896
24,12,5.891852071632224
24,13,4.6197157566867695
24,14,3.9501618730250394
24,15,0.0757407124125047
24,16,0.5275157557189605
24,17,159.09211981684516
24,18,2.5608360327165465
24,19,4.978040222336142
24,20,5.156127152011635
24,21,3.6591564696166006
24,22,2.0519249976070135
24,23,1.1189977686150847
24,24,0.0
