source_id,target_id,rtt
0,0,0.0
0,1,0.0643989320474802
0,2,1.06914461428137
0,3,1.0672106092248042
0,4,0.2583948688292713
0,5,0.509008749788673
0,6,0.30248607632596064
0,7,0.2986590324501398
0,8,1.0991529907505961
0,9,0.8086331828996998
0,10,57.18478230518849
0,11,0.03222973014794331
0,12,0.7555896346673132
0,13,0.8334122455271469
0,14,1.049103528761778
0,15,0.7363788490874292
0,16,0.7363788490874292
0,17,inf
0,18,0.18708052647642118
0,19,0.4696188493308029
0,20,0.7131001036839087
0,21,0.28186914262391594
0,22,0.9409517767160974
1,0,0.0643989320474802
1,1,0.0
1,2,1.0690840860329638
1,3,1.0671500809763976
1,4,0.2583343405808649
1,5,0.5089482215402666
1,6,0.30242554807755423
1,7,0.2985985042017334
1,8,1.0990924625021898
1,9,0.8085726546512934
1,10,57.18472177694008
1,11,0.032169201899536905
1,12,0.7555291064189068
1,13,0.8333517172787405
1,14,1.0490430005133715
1,15,0.7363183208390228
1,16,0.7363183208390228
1,17,inf
1,18,0.18701999822801477
1,19,0.4695583210823965
1,20,0.7130395754355023
1,21,0.2818086143755095
1,22,0.940891248467691
2,0,1.06914461428137
2,1,1.0690840860329638
2,2,0.0
2,3,0.6635975253313158
2,4,1.0773652834999181
2,5,0.7629025187505565
2,6,1.3071712303114442
2,7,1.3033441864356232
2,8,0.6955399068571079
2,9,1.0625269518615832
2,10,57.82401075423721
2,11,1.0369148841334268
2,12,1.0094834036291966
2,13,0.4297991616336586
2,14,0.6454904448682897
2,15,0.3327657651939409
2,16,0.3327657651939409
2,17,inf
2,18,1.006050941147068
2,19,0.7235126182926863
2,20,0.9669938726457922
2,21,1.2865542966093995
2,22,0.5373386928226092
3,0,1.0672106092248042
3,1,1.0671500809763976
3,2,0.6635975253313158
3,3,0.0
3,4,1.0754312784433522
3,5,0.7609685136939905
3,6,1.3052372252548783
3,7,1.3014101813790573
3,8,0.6936059018005418
3,9,1.0605929468050173
3,10,57.82207674918064
3,11,1.0349808790768609
3,12,1.0075493985726307
3,13,0.42786515657709256
3,14,0.6435564398117235
3,15,0.33083176013737486
3,16,0.33083176013737486
3,17,inf
3,18,1.004116936090502
3,19,0.7215786132361204
3,20,0.9650598675892262
3,21,1.2846202915528335
3,22,0.5354046877660431
4,0,0.2583948688292713
4,1,0.2583343405808649
4,2,1.0773652834999181
4,3,1.0754312784433522
4,4,0.0
4,5,0.393242565665102
4,6,0.49642148485934534
4,7,0.49259444098352445
4,8,1.1073736599691442
4,9,0.6928669987761288
4,10,57.37871771372187
4,11,0.22616513868132804
4,12,0.6398234505437422
4,13,0.8416329147456949
4,14,1.057324197980326
4,15,0.7445995183059773
4,16,0.7445995183059773
4,17,inf
4,18,0.07131434235285015
4,19,0.35385266520723185
4,20,0.5973339195603378
4,21,0.47580455115730064
4,22,0.9491724459346456
5,0,0.509008749788673
5,1,0.5089482215402666
5,2,0.7629025187505565
5,3,0.7609685136939905
5,4,0.393242565665102
5,5,0.0
5,6,0.7470353658187471
5,7,0.7432083219429262
5,8,0.7929108952197825
5,9,0.37840423402676704
5,10,57.13988803640239
5,11,0.4767790196407297
5,12,0.3253606857943806
5,13,0.5271701499963333
5,14,0.7428614332309643
5,15,0.4301367535566156
5,16,0.4301367535566156
5,17,inf
5,18,0.32192822331225185
5,19,0.039389900457870185
5,20,0.2828711548109761
5,21,0.7264184321167023
5,22,0.6347096811852838
6,0,0.30248607632596064
6,1,0.30242554807755423
6,2,1.3071712303114442
6,3,1.3052372252548783
6,4,0.49642148485934534
6,5,0.7470353658187471
6,6,0.0
6,7,0.03740682352826855
6,8,1.3371796067806703
6,9,1.0466597989297737
6,10,57.42280892121856
6,11,0.2702563461780173
6,12,0.9936162506973872
6,13,1.071438861557221
6,14,1.287130144791852
6,15,0.9744054651175034
6,16,0.9744054651175034
6,17,inf
6,18,0.4251071425064952
6,19,0.7076454653608769
6,20,0.9511267197139828
6,21,0.02061693370204471
6,22,1.1789783927461717
7,0,0.2986590324501398
7,1,0.2985985042017334
7,2,1.3033441864356232
7,3,1.3014101813790573
7,4,0.49259444098352445
7,5,0.7432083219429262
7,6,0.03740682352826855
7,7,0.0
7,8,1.3333525629048493
7,9,1.0428327550539527
7,10,57.41898187734274
7,11,0.2664293023021964
7,12,0.9897892068215663
7,13,1.0676118176814
7,14,1.283303100916031
7,15,0.9705784212416825
7,16,0.9705784212416825
7,17,inf
7,18,0.4212800986306743
7,19,0.703818421485056
7,20,0.9472996758381619
7,21,0.01678988982622384
7,22,1.1751513488703507
8,0,1.0991529907505961
8,1,1.0990924625021898
8,2,0.6955399068571079
8,3,0.6936059018005418
8,4,1.1073736599691442
8,5,0.7929108952197825
8,6,1.3371796067806703
8,7,1.3333525629048493
8,8,0.0
8,9,1.0925353283308092
8,10,57.85401913070643
8,11,1.0669232606026529
8,12,1.0394917800984227
8,13,0.45980753810288466
8,14,0.6754988213375157
8,15,0.36277414166316696
8,16,0.36277414166316696
8,17,inf
8,18,1.036059317616294
8,19,0.7535209947619124
8,20,0.9970022491150182
8,21,1.3165626730786255
8,22,0.5673470692918352
9,0,0.8086331828996998
9,1,0.8085726546512934
9,2,1.0625269518615832
9,3,1.0605929468050173
9,4,0.6928669987761288
9,5,0.37840423402676704
9,6,1.0466597989297737
9,7,1.0428327550539527
9,8,1.0925353283308092
9,9,0.0
9,10,57.43951246951342
9,11,0.7764034527517565
9,12,0.13802261019919548
9,13,0.82679458310736
9,14,1.042485866341991
9,15,0.7297611866676423
9,16,0.7297611866676423
9,17,inf
9,18,0.6215526564232786
9,19,0.3390143335688969
9,20,0.09553307921579098
9,21,1.026042865227729
9,22,0.9343341142963105
10,0,57.18478230518849
10,1,57.18472177694008
10,2,57.82401075423721
10,3,57.82207674918064
10,4,57.37871771372187
10,5,57.13988803640239
10,6,57.42280892121856
10,7,57.41898187734274
10,8,57.85401913070643
10,9,57.43951246951342
10,10,0.0
10,11,57.152552575040545
10,12,57.38646892128103
10,13,57.58827838548298
10,14,57.80396966871761
10,15,57.49124498904327
10,16,57.49124498904327
10,17,inf
10,18,57.30740337136902
10,19,57.10049813594452
10,20,57.343979390297626
10,21,57.40219198751652
10,22,57.695817916671935
11,0,0.03222973014794331
11,1,0.032169201899536905
11,2,1.0369148841334268
11,3,1.0349808790768609
11,4,0.22616513868132804
11,5,0.4767790196407297
11,6,0.2702563461780173
11,7,0.2664293023021964
11,8,1.0669232606026529
11,9,0.7764034527517565
11,10,57.152552575040545
11,11,0.0
11,12,0.7233599045193699
11,13,0.8011825153792036
11,14,1.0168737986138345
11,15,0.704149118939486
11,16,0.704149118939486
11,17,inf
11,18,0.15485079632847787
11,19,0.43738911918285955
11,20,0.6808703735359655
11,21,0.2496394124759726
11,22,0.9087220465681541
12,0,0.7555896346673132
12,1,0.7555291064189068
12,2,1.0094834036291966
12,3,1.0075493985726307
12,4,0.6398234505437422
12,5,0.3253606857943806
12,6,0.9936162506973872
12,7,0.9897892068215663
12,8,1.0394917800984227
12,9,0.13802261019919548
12,10,57.38646892128103
12,11,0.7233599045193699
12,12,0.0
12,13,0.7737510348749734
12,14,0.9894423181096045
12,15,0.6767176384352558
12,16,0.6767176384352558
12,17,inf
12,18,0.5685091081908921
12,19,0.2859707853365104
12,20,0.04248953098340451
12,21,0.9729993169953425
12,22,0.881290566063924
13,0,0.8334122455271469
13,1,0.8333517172787405
13,2,0.4297991616336586
13,3,0.42786515657709256
13,4,0.8416329147456949
13,5,0.5271701499963333
13,6,1.071438861557221
13,7,1.0676118176814
13,8,0.45980753810288466
13,9,0.82679458310736
13,10,57.58827838548298
13,11,0.8011825153792036
13,12,0.7737510348749734
13,13,0.0
13,14,0.40975807611406634
13,15,0.09703339643971767
13,16,0.09703339643971767
13,17,inf
13,18,0.7703185723928447
13,19,0.4877802495384631
13,20,0.731261503891569
13,21,1.0508219278551763
13,22,0.3016063240683859
14,0,1.049103528761778
14,1,1.0490430005133715
14,2,0.6454904448682897
14,3,0.6435564398117235
14,4,1.057324197980326
14,5,0.7428614332309643
14,6,1.287130144791852
14,7,1.283303100916031
14,8,0.6754988213375157
14,9,1.042485866341991
14,10,57.80396966871761
14,11,1.0168737986138345
14,12,0.9894423181096045
14,13,0.40975807611406634
14,14,0.0
14,15,0.3127246796743487
14,16,0.3127246796743487
14,17,inf
14,18,0.9860098556274759
14,19,0.7034715327730942
14,20,0.9469527871262
14,21,1.2665132110898072
14,22,0.5172976073030169
15,0,0.7363788490874292
15,1,0.7363183208390228
15,2,0.3327657651939409
15,3,0.33083176013737486
15,4,0.7445995183059773
15,5,0.4301367535566156
15,6,0.9744054651175034
15,7,0.9705784212416825
15,8,0.36277414166316696
15,9,0.7297611866676423
15,10,57.49124498904327
15,11,0.704149118939486
15,12,0.6767176384352558
15,13,0.09703339643971767
15,14,0.3127246796743487
15,15,0.0
15,16,0.0
15,17,inf
15,18,0.6732851759531271
15,19,0.39074685309874546
15,20,0.6342281074518513
15,21,0.9537885314154586
15,22,0.20457292762866822
16,0,0.7363788490874292
16,1,0.7363183208390228
16,2,0.3327657651939409
16,3,0.33083176013737486
16,4,0.7445995183059773
16,5,0.4301367535566156
16,6,0.9744054651175034
16,7,0.9705784212416825
16,8,0.36277414166316696
16,9,0.7297611866676423
16,10,57.49124498904327
16,11,0.704149118939486
16,12,0.6767176384352558
16,13,0.09703339643971767
16,14,0.3127246796743487
16,15,0.0
16,16,0.0
16,17,inf
16,18,0.6732851759531271
16,19,0.39074685309874546
16,20,0.6342281074518513
16,21,0.9537885314154586
16,22,0.20457292762866822
17,0,inf
17,1,inf
17,2,inf
17,3,inf
17,4,inf
17,5,inf
17,6,inf
17,7,inf
17,8,inf
17,9,inf
17,10,inf
17,11,inf
17,12,inf
17,13,inf
17,14,inf
17,15,inf
17,16,inf
17,17,0.0
17,18,inf
17,19,inf
17,20,inf
17,21,inf
17,22,inf
18,0,0.18708052647642118
18,1,0.18701999822801477
18,2,1.006050941147068
18,3,1.004116936090502
18,4,0.07131434235285015
18,5,0.32192822331225185
18,6,0.4251071425064952
18,7,0.4212800986306743
18,8,1.036059317616294
18,9,0.6215526564232786
18,10,57.30740337136902
18,11,0.15485079632847787
18,12,0.5685091081908921
18,13,0.7703185723928447
18,14,0.9860098556274759
18,15,0.6732851759531271
18,16,0.6732851759531271
18,17,inf
18,18,0.0
18,19,0.2825383228543817
18,20,0.5260195772074876
18,21,0.40449020880445047
18,22,0.8778581035817954
19,0,0.4696188493308029
19,1,0.4695583210823965
19,2,0.7235126182926863
19,3,0.7215786132361204
19,4,0.35385266520723185
19,5,0.039389900457870185
19,6,0.7076454653608769
19,7,0.703818421485056
19,8,0.7535209947619124
19,9,0.3390143335688969
19,10,57.10049813594452
19,11,0.43738911918285955
19,12,0.2859707853365104
19,13,0.4877802495384631
19,14,0.7034715327730942
19,15,0.39074685309874546
19,16,0.39074685309874546
19,17,inf
19,18,0.2825383228543817
19,19,0.0
19,20,0.24348125435310589
19,21,0.6870285316588322
19,22,0.5953197807274136
20,0,0.7131001036839087
20,1,0.7130395754355023
20,2,0.9669938726457922
20,3,0.9650598675892262
20,4,0.5973339195603378
20,5,0.2828711548109761
20,6,0.9511267197139828
20,7,0.9472996758381619
20,8,0.9970022491150182
20,9,0.09553307921579098
20,10,57.343979390297626
20,11,0.6808703735359655
20,12,0.04248953098340451
20,13,0.731261503891569
20,14,0.9469527871262
20,15,0.6342281074518513
20,16,0.6342281074518513
20,17,inf
20,18,0.5260195772074876
20,19,0.24348125435310589
20,20,0.0
20,21,0.930509786011938
20,22,0.8388010350805195
21,0,0.28186914262391594
21,1,0.2818086143755095
21,2,1.2865542966093995
21,3,1.2846202915528335
21,4,0.47580455115730064
21,5,0.7264184321167023
21,6,0.02061693370204471
21,7,0.01678988982622384
21,8,1.3165626730786255
21,9,1.026042865227729
21,10,57.40219198751652
21,11,0.2496394124759726
21,12,0.9729993169953425
21,13,1.0508219278551763
21,14,1.2665132110898072
21,15,0.9537885314154586
21,16,0.9537885314154586
21,17,inf
21,18,0.40449020880445047
21,19,0.6870285316588322
21,20,0.930509786011938
21,21,0.0
21,22,1.158361459044127
22,0,0.9409517767160974
22,1,0.940891248467691
22,2,0.5373386928226092
22,3,0.5354046877660431
22,4,0.9491724459346456
22,5,0.6347096811852838
22,6,1.1789783927461717
22,7,1.1751513488703507
22,8,0.5673470692918352
22,9,0.9343341142963105
22,10,57.695817916671935
22,11,0.9087220465681541
22,12,0.881290566063924
22,13,0.3016063240683859
22,14,0.5172976073030169
22,15,0.20457292762866822
22,16,0.20457292762866822
22,17,inf
22,18,0.8778581035817954
22,19,0.5953197807274136
22,20,0.8388010350805195
22,21,1.158361459044127
22,22,0.0
