source_id,target_id,rtt
0,0,0.0
0,1,0.0643989320474802
0,2,1.06914461428137
0,3,1.0672106092248042
0,4,0.2583948688292713
0,5,0.509008749788673
0,6,0.30248607632596064
0,7,0.2986590324501398
0,8,1.0991529907505961
0,9,0.8086331828996998
0,10,0.3922058803797525
0,11,57.18478230518849
0,12,0.03222973014794331
0,13,0.7555896346673132
0,14,0.7694921366377532
0,15,0.05947880623648183
0,16,0.8334122455271469
0,17,1.049103528761778
0,18,0.7363788490874292
0,19,0.7363788490874292
0,20,0.06050107692578867
0,21,0.18708052647642118
0,22,0.4696188493308029
0,23,0.7131001036839087
0,24,0.28186914262391594
0,25,0.9409517767160974
1,0,0.0643989320474802
1,1,0.0
1,2,1.0690840860329638
1,3,1.0671500809763976
1,4,0.2583343405808649
1,5,0.5089482215402666
1,6,0.30242554807755423
1,7,0.2985985042017334
1,8,1.0990924625021898
1,9,0.8085726546512934
1,10,0.3921453521313461
1,11,57.18472177694008
1,12,0.032169201899536905
1,13,0.7555291064189068
1,14,0.7694316083893468
1,15,0.059418277988075426
1,16,0.8333517172787405
1,17,1.0490430005133715
1,18,0.7363183208390228
1,19,0.7363183208390228
1,20,0.060440548677382265
1,21,0.18701999822801477
1,22,0.4695583210823965
1,23,0.7130395754355023
1,24,0.2818086143755095
1,25,0.940891248467691
2,0,1.06914461428137
2,1,1.0690840860329638
2,2,0.0
2,3,0.6635975253313158
2,4,1.0773652834999181
2,5,0.7629025187505565
2,6,1.3071712303114442
2,7,1.3033441864356232
2,8,0.6955399068571079
2,9,1.0625269518615832
2,10,1.2111762950503993
2,11,57.82401075423721
2,12,1.0369148841334268
2,13,1.0094834036291966
2,14,0.36587905274426485
2,15,1.0641639602219655
2,16,0.4297991616336586
2,17,0.6454904448682897
2,18,0.3327657651939409
2,19,0.3327657651939409
2,20,1.0651862309112723
2,21,1.006050941147068
2,22,0.7235126182926863
2,23,0.9669938726457922
2,24,1.2865542966093995
2,25,0.5373386928226092
3,0,1.0672106092248042
3,1,1.0671500809763976
3,2,0.6635975253313158
3,3,0.0
3,4,1.0754312784433522
3,5,0.7609685136939905
3,6,1.3052372252548783
3,7,1.3014101813790573
3,8,0.6936059018005418
3,9,1.0605929468050173
3,10,1.2092422899938335
3,11,57.82207674918064
3,12,1.0349808790768609
3,13,1.0075493985726307
3,14,0.3639450476876988
3,15,1.0622299551653993
3,16,0.42786515657709256
3,17,0.6435564398117235
3,18,0.33083176013737486
3,19,0.33083176013737486
3,20,1.0632522258547061
3,21,1.004116936090502
3,22,0.7215786132361204
3,23,0.9650598675892262
3,24,1.2846202915528335
3,25,0.5354046877660431
4,0,0.2583948688292713
4,1,0.2583343405808649
4,2,1.0773652834999181
4,3,1.0754312784433522
4,4,0.0
4,5,0.393242565665102
4,6,0.49642148485934534
4,7,0.49259444098352445
4,8,1.1073736599691442
4,9,0.6928669987761288
4,10,0.2764396962561815
4,11,57.37871771372187
4,12,0.22616513868132804
4,13,0.6398234505437422
4,14,0.7777128058563012
4,15,0.25341421476986653
4,16,0.8416329147456949
4,17,1.057324197980326
4,18,0.7445995183059773
4,19,0.7445995183059773
4,20,0.2544364854591734
4,21,0.07131434235285015
4,22,0.35385266520723185
4,23,0.5973339195603378
4,24,0.47580455115730064
4,25,0.9491724459346456
5,0,0.509008749788673
5,1,0.5089482215402666
5,2,0.7629025187505565
5,3,0.7609685136939905
5,4,0.393242565665102
5,5,0.0
5,6,0.7470353658187471
5,7,0.7432083219429262
5,8,0.7929108952197825
5,9,0.37840423402676704
5,10,0.5270535772155832
5,11,57.13988803640239
5,12,0.4767790196407297
5,13,0.3253606857943806
5,14,0.46325004110693957
5,15,0.5040280957292682
5,16,0.5271701499963333
5,17,0.7428614332309643
5,18,0.4301367535566156
5,19,0.4301367535566156
5,20,0.5050503664185751
5,21,0.32192822331225185
5,22,0.039389900457870185
5,23,0.2828711548109761
5,24,0.7264184321167023
5,25,0.6347096811852838
6,0,0.30248607632596064
6,1,0.30242554807755423
6,2,1.3071712303114442
6,3,1.3052372252548783
6,4,0.49642148485934534
6,5,0.7470353658187471
6,6,0.0
6,7,0.03740682352826855
6,8,1.3371796067806703
6,9,1.0466597989297737
6,10,0.6302324964098266
6,11,57.42280892121856
6,12,0.2702563461780173
6,13,0.9936162506973872
6,14,1.0075187526678273
6,15,0.2975054222665558
6,16,1.071438861557221
6,17,1.287130144791852
6,18,0.9744054651175034
6,19,0.9744054651175034
6,20,0.2985276929558627
6,21,0.4251071425064952
6,22,0.7076454653608769
6,23,0.9511267197139828
6,24,0.02061693370204471
6,25,1.1789783927461717
7,0,0.2986590324501398
7,1,0.2985985042017334
7,2,1.3033441864356232
7,3,1.3014101813790573
7,4,0.49259444098352445
7,5,0.7432083219429262
7,6,0.03740682352826855
7,7,0.0
7,8,1.3333525629048493
7,9,1.0428327550539527
7,10,0.6264054525340057
7,11,57.41898187734274
7,12,0.2664293023021964
7,13,0.9897892068215663
7,14,1.0036917087920063
7,15,0.29367837839073496
7,16,1.0676118176814
7,17,1.283303100916031
7,18,0.9705784212416825
7,19,0.9705784212416825
7,20,0.2947006490800418
7,21,0.4212800986306743
7,22,0.703818421485056
7,23,0.9472996758381619
7,24,0.01678988982622384
7,25,1.1751513488703507
8,0,1.0991529907505961
8,1,1.0990924625021898
8,2,0.6955399068571079
8,3,0.6936059018005418
8,4,1.1073736599691442
8,5,0.7929108952197825
8,6,1.3371796067806703
8,7,1.3333525629048493
8,8,0.0
8,9,1.0925353283308092
8,10,1.2411846715196253
8,11,57.85401913070643
8,12,1.0669232606026529
8,13,1.0394917800984227
8,14,0.3958874292134909
8,15,1.0941723366911915
8,16,0.45980753810288466
8,17,0.6754988213375157
8,18,0.36277414166316696
8,19,0.36277414166316696
8,20,1.0951946073804983
8,21,1.036059317616294
8,22,0.7535209947619124
8,23,0.9970022491150182
8,24,1.3165626730786255
8,25,0.5673470692918352
9,0,0.8086331828996998
9,1,0.8085726546512934
9,2,1.0625269518615832
9,3,1.0605929468050173
9,4,0.6928669987761288
9,5,0.37840423402676704
9,6,1.0466597989297737
9,7,1.0428327550539527
9,8,1.0925353283308092
9,9,0.0
9,10,0.8266780103266099
9,11,57.43951246951342
9,12,0.7764034527517565
9,13,0.13802261019919548
9,14,0.7628744742179663
9,15,0.8036525288402949
9,16,0.82679458310736
9,17,1.042485866341991
9,18,0.7297611866676423
9,19,0.7297611866676423
9,20,0.8046747995296019
9,21,0.6215526564232786
9,22,0.3390143335688969
9,23,0.09553307921579098
9,24,1.026042865227729
9,25,0.9343341142963105
10,0,0.3922058803797525
10,1,0.3921453521313461
10,2,1.2111762950503993
10,3,1.2092422899938335
10,4,0.2764396962561815
10,5,0.5270535772155832
10,6,0.6302324964098266
10,7,0.6264054525340057
10,8,1.2411846715196253
10,9,0.8266780103266099
10,10,0.0
10,11,57.512528725272354
10,12,0.3599761502318092
10,13,0.7736344620942234
10,14,0.9115238174067825
10,15,0.3872252263203477
10,16,0.9754439262961762
10,17,1.1911352095308072
10,18,0.8784105298564585
10,19,0.8784105298564585
10,20,0.38824749700965455
10,21,0.20512535390333134
10,22,0.48766367675771305
10,23,0.7311449311108189
10,24,0.6096155627077818
10,25,1.0829834574851267
11,0,57.18478230518849
11,1,57.18472177694008
11,2,57.82401075423721
11,3,57.82207674918064
11,4,57.37871771372187
11,5,57.13988803640239
11,6,57.42280892121856
11,7,57.41898187734274
11,8,57.85401913070643
11,9,57.43951246951342
11,10,57.512528725272354
11,11,0.0
11,12,57.152552575040545
11,13,57.38646892128103
11,14,57.52435827659359
11,15,57.17980165112908
11,16,57.58827838548298
11,17,57.80396966871761
11,18,57.49124498904327
11,19,57.49124498904327
11,20,57.18082392181839
11,21,57.30740337136902
11,22,57.10049813594452
11,23,57.343979390297626
11,24,57.40219198751652
11,25,57.695817916671935
12,0,0.03222973014794331
12,1,0.032169201899536905
12,2,1.0369148841334268
12,3,1.0349808790768609
12,4,0.22616513868132804
12,5,0.4767790196407297
12,6,0.2702563461780173
12,7,0.2664293023021964
12,8,1.0669232606026529
12,9,0.7764034527517565
12,10,0.3599761502318092
12,11,57.152552575040545
12,12,0.0
12,13,0.7233599045193699
12,14,0.7372624064898099
12,15,0.02724907608853852
12,16,0.8011825153792036
12,17,1.0168737986138345
12,18,0.704149118939486
12,19,0.704149118939486
12,20,0.02827134677784536
12,21,0.15485079632847787
12,22,0.43738911918285955
12,23,0.6808703735359655
12,24,0.2496394124759726
12,25,0.9087220465681541
13,0,0.7555896346673132
13,1,0.7555291064189068
13,2,1.0094834036291966
13,3,1.0075493985726307
13,4,0.6398234505437422
13,5,0.3253606857943806
13,6,0.9936162506973872
13,7,0.9897892068215663
13,8,1.0394917800984227
13,9,0.13802261019919548
13,10,0.7736344620942234
13,11,57.38646892128103
13,12,0.7233599045193699
13,13,0.0
13,14,0.7098309259855797
13,15,0.7506089806079084
13,16,0.7737510348749734
13,17,0.9894423181096045
13,18,0.6767176384352558
13,19,0.6767176384352558
13,20,0.7516312512972153
13,21,0.5685091081908921
13,22,0.2859707853365104
13,23,0.04248953098340451
13,24,0.9729993169953425
13,25,0.881290566063924
14,0,0.7694921366377532
14,1,0.7694316083893468
14,2,0.36587905274426485
14,3,0.3639450476876988
14,4,0.7777128058563012
14,5,0.46325004110693957
14,6,1.0075187526678273
14,7,1.0036917087920063
14,8,0.3958874292134909
14,9,0.7628744742179663
14,10,0.9115238174067825
14,11,57.52435827659359
14,12,0.7372624064898099
14,13,0.7098309259855797
14,14,0.0
14,15,0.7645114825783484
14,16,0.1301466839900416
14,17,0.34583796722467264
14,18,0.033113287550323924
14,19,0.033113287550323924
14,20,0.7655337532676553
14,21,0.706398463503451
14,22,0.4238601406490694
14,23,0.6673413950021753
14,24,0.9869018189657826
14,25,0.23768621517899213
15,0,0.05947880623648183
15,1,0.059418277988075426
15,2,1.0641639602219655
15,3,1.0622299551653993
15,4,0.25341421476986653
15,5,0.5040280957292682
15,6,0.2975054222665558
15,7,0.29367837839073496
15,8,1.0941723366911915
15,9,0.8036525288402949
15,10,0.3872252263203477
15,11,57.17980165112908
15,12,0.02724907608853852
15,13,0.7506089806079084
15,14,0.7645114825783484
15,15,0.0
15,16,0.8284315914677421
15,17,1.0441228747023732
15,18,0.7313981950280245
15,19,0.7313981950280245
15,20,0.05552042286638388
15,21,0.1820998724170164
15,22,0.46463819527139805
15,23,0.7081194496245039
15,24,0.2768884885645111
15,25,0.9359711226566927
16,0,0.8334122455271469
16,1,0.8333517172787405
16,2,0.4297991616336586
16,3,0.42786515657709256
16,4,0.8416329147456949
16,5,0.5271701499963333
16,6,1.071438861557221
16,7,1.0676118176814
16,8,0.45980753810288466
16,9,0.82679458310736
16,10,0.9754439262961762
16,11,57.58827838548298
16,12,0.8011825153792036
16,13,0.7737510348749734
16,14,0.1301466839900416
16,15,0.8284315914677421
16,16,0.0
16,17,0.40975807611406634
16,18,0.09703339643971767
16,19,0.09703339643971767
16,20,0.829453862157049
16,21,0.7703185723928447
16,22,0.4877802495384631
16,23,0.731261503891569
16,24,1.0508219278551763
16,25,0.3016063240683859
17,0,1.049103528761778
17,1,1.0490430005133715
17,2,0.6454904448682897
17,3,0.6435564398117235
17,4,1.057324197980326
17,5,0.7428614332309643
17,6,1.287130144791852
17,7,1.283303100916031
17,8,0.6754988213375157
17,9,1.042485866341991
17,10,1.1911352095308072
17,11,57.80396966871761
17,12,1.0168737986138345
17,13,0.9894423181096045
17,14,0.34583796722467264
17,15,1.0441228747023732
17,16,0.40975807611406634
17,17,0.0
17,18,0.3127246796743487
17,19,0.3127246796743487
17,20,1.04514514539168
17,21,0.9860098556274759
17,22,0.7034715327730942
17,23,0.9469527871262
17,24,1.2665132110898072
17,25,0.5172976073030169
18,0,0.7363788490874292
18,1,0.7363183208390228
18,2,0.3327657651939409
18,3,0.33083176013737486
18,4,0.7445995183059773
18,5,0.4301367535566156
18,6,0.9744054651175034
18,7,0.9705784212416825
18,8,0.36277414166316696
18,9,0.7297611866676423
18,10,0.8784105298564585
18,11,57.49124498904327
18,12,0.704149118939486
18,13,0.6767176384352558
18,14,0.033113287550323924
18,15,0.7313981950280245
18,16,0.09703339643971767
18,17,0.3127246796743487
18,18,0.0
18,19,0.0
18,20,0.7324204657173313
18,21,0.6732851759531271
18,22,0.39074685309874546
18,23,0.6342281074518513
18,24,0.9537885314154586
18,25,0.20457292762866822
19,0,0.7363788490874292
19,1,0.7363183208390228
19,2,0.3327657651939409
19,3,0.33083176013737486
19,4,0.7445995183059773
19,5,0.4301367535566156
19,6,0.9744054651175034
19,7,0.9705784212416825
19,8,0.36277414166316696
19,9,0.7297611866676423
19,10,0.8784105298564585
19,11,57.49124498904327
19,12,0.704149118939486
19,13,0.6767176384352558
19,14,0.033113287550323924
19,15,0.7313981950280245
19,16,0.09703339643971767
19,17,0.3127246796743487
19,18,0.0
19,19,0.0
19,20,0.7324204657173313
19,21,0.6732851759531271
19,22,0.39074685309874546
19,23,0.6342281074518513
19,24,0.9537885314154586
19,25,0.20457292762866822
20,0,0.06050107692578867
20,1,0.060440548677382265
20,2,1.0651862309112723
20,3,1.0632522258547061
20,4,0.2544364854591734
20,5,0.5050503664185751
20,6,0.2985276929558627
20,7,0.2947006490800418
20,8,1.0951946073804983
20,9,0.8046747995296019
20,10,0.38824749700965455
20,11,57.18082392181839
20,12,0.02827134677784536
20,13,0.7516312512972153
20,14,0.7655337532676553
20,15,0.05552042286638388
20,16,0.829453862157049
20,17,1.04514514539168
20,18,0.7324204657173313
20,19,0.7324204657173313
20,20,0.0
20,21,0.18312214310632324
20,22,0.46566046596070493
20,23,0.7091417203138108
20,24,0.277910759253818
20,25,0.9369933933459995
21,0,0.18708052647642118
21,1,0.18701999822801477
21,2,1.006050941147068
21,3,1.004116936090502
21,4,0.07131434235285015
21,5,0.32192822331225185
21,6,0.4251071425064952
21,7,0.4212800986306743
21,8,1.036059317616294
21,9,0.6215526564232786
21,10,0.20512535390333134
21,11,57.30740337136902
21,12,0.15485079632847787
21,13,0.5685091081908921
21,14,0.706398463503451
21,15,0.1820998724170164
21,16,0.7703185723928447
21,17,0.9860098556274759
21,18,0.6732851759531271
21,19,0.6732851759531271
21,20,0.18312214310632324
21,21,0.0
21,22,0.2825383228543817
21,23,0.5260195772074876
21,24,0.40449020880445047
21,25,0.8778581035817954
22,0,0.4696188493308029
22,1,0.4695583210823965
22,2,0.7235126182926863
22,3,0.7215786132361204
22,4,0.35385266520723185
22,5,0.039389900457870185
22,6,0.7076454653608769
22,7,0.703818421485056
22,8,0.7535209947619124
22,9,0.3390143335688969
22,10,0.48766367675771305
22,11,57.10049813594452
22,12,0.43738911918285955
22,13,0.2859707853365104
22,14,0.4238601406490694
22,15,0.46463819527139805
22,16,0.4877802495384631
22,17,0.7034715327730942
22,18,0.39074685309874546
22,19,0.39074685309874546
22,20,0.46566046596070493
22,21,0.2825383228543817
22,22,0.0
22,23,0.24348125435310589
22,24,0.6870285316588322
22,25,0.5953197807274136
23,0,0.7131001036839087
23,1,0.7130395754355023
23,2,0.9669938726457922
23,3,0.9650598675892262
23,4,0.5973339195603378
23,5,0.2828711548109761
23,6,0.9511267197139828
23,7,0.9472996758381619
23,8,0.9970022491150182
23,9,0.09553307921579098
23,10,0.7311449311108189
23,11,57.343979390297626
23,12,0.6808703735359655
23,13,0.04248953098340451
23,14,0.6673413950021753
23,15,0.7081194496245039
23,16,0.731261503891569
23,17,0.9469527871262
23,18,0.6342281074518513
23,19,0.6342281074518513
23,20,0.7091417203138108
23,21,0.5260195772074876
23,22,0.24348125435310589
23,23,0.0
23,24,0.930509786011938
23,25,0.8388010350805195
24,0,0.28186914262391594
24,1,0.2818086143755095
24,2,1.2865542966093995
24,3,1.2846202915528335
24,4,0.47580455115730064
24,5,0.7264184321167023
24,6,0.02061693370204471
24,7,0.01678988982622384
24,8,1.3165626730786255
24,9,1.026042865227729
24,10,0.6096155627077818
24,11,57.40219198751652
24,12,0.2496394124759726
24,13,0.9729993169953425
24,14,0.9869018189657826
24,15,0.2768884885645111
24,16,1.0508219278551763
24,17,1.2665132110898072
24,18,0.9537885314154586
24,19,0.9537885314154586
24,20,0.277910759253818
24,21,0.40449020880445047
24,22,0.6870285316588322
24,23,0.930509786011938
24,24,0.0
24,25,1.158361459044127
25,0,0.9409517767160974
25,1,0.940891248467691
25,2,0.5373386928226092
25,3,0.5354046877660431
25,4,0.9491724459346456
25,5,0.6347096811852838
25,6,1.1789783927461717
25,7,1.1751513488703507
25,8,0.5673470692918352
25,9,0.9343341142963105
25,10,1.0829834574851267
25,11,57.695817916671935
25,12,0.9087220465681541
25,13,0.881290566063924
25,14,0.23768621517899213
25,15,0.9359711226566927
25,16,0.3016063240683859
25,17,0.5172976073030169
25,18,0.20457292762866822
25,19,0.20457292762866822
25,20,0.9369933933459995
25,21,0.8778581035817954
25,22,0.5953197807274136
25,23,0.8388010350805195
25,24,1.158361459044127
25,25,0.0
