source_id,target_id,rtt
0,0,0.0
0,1,0.46721670303694857
0,2,0.25725027891224483
0,3,0.008269827988611558
0,4,0.8347146866195692
0,5,0.2662877288094868
0,6,0.6371324699431824
0,7,0.7807950059918188
0,8,0.35618954360101396
0,9,0.2583372994580987
0,10,0.634201688825591
0,11,0.6301658569064728
0,12,57.23034193237063
0,13,57.23034193237063
0,15,57.23034193237063
0,16,57.23034193237063
0,17,0.03795975949823984
0,18,0.6277337168894833
0,19,57.23034193237063
0,20,0.4419317991677519
0,21,0.2645628775207477
0,22,0.2662877288094868
0,23,0.977309641498887
0,24,0.656636478758695
0,25,0.8296810065923471
0,26,0.2547721348544027
0,27,57.23034193237063
0,28,0.6157925376055877
0,29,0.2547721348544027
0,30,0.9450203148739189
0,31,57.23034193237063
0,32,0.25132752304268413
0,33,0.6240992472989757
0,34,0.8595860337235355
0,35,0.01678988982622384
0,36,0.847056697597258
0,37,0.8489711538553435
1,0,0.46721670303694857
1,1,0.0
1,2,0.21790341396717888
1,3,0.466138588807525
1,4,0.4200173613032781
1,5,0.2247269851583979
1,6,0.3606417228561582
1,7,0.3783738647094042
1,8,0.2337424895292531
1,9,0.21871179467634697
1,10,0.3670278681940284
1,11,0.3634693151352175
1,12,56.97354836757814
1,13,56.97354836757814
1,15,56.97354836757814
1,16,56.97354836757814
1,17,0.4544558173832515
1,18,0.3535667690701148
1,19,56.97354836757814
1,20,0.02868388382903116
1,21,0.21722554666273008
1,22,0.2247269851583979
1,23,0.6700545385939046
1,24,0.29269582011396733
1,25,0.4169336616204923
1,26,0.22043612591534117
1,27,56.97354836757814
1,28,0.3592176364393342
1,29,0.22043612591534117
1,30,0.6441778749687915
1,31,56.97354836757814
1,32,0.22338006715775974
1,33,0.2535321197257076
1,34,0.43206559265314376
1,35,0.45188262936596324
1,36,0.4764133981532445
1,37,0.566581756802619
2,0,0.25725027891224483
2,1,0.21790341396717888
2,2,0.0
2,3,0.2576208453810063
2,4,0.5821258714040789
2,5,0.032169201899536905
2,6,0.416231597238783
2,7,0.5299889510473756
2,8,0.22432422628877693
2,9,0.004920530818848189
2,10,0.41639847984588324
2,11,0.4122144029227317
2,12,57.12671610042259
2,13,57.12671610042259
2,15,57.12671610042259
2,16,57.12671610042259
2,17,0.23961613114752553
2,18,0.4069214502635781
2,19,57.12671610042259
2,20,0.19635196385927725
2,21,0.016022183033019992
2,22,0.032169201899536905
2,23,0.759463708511855
2,24,0.4110725153354353
2,25,0.5774226119236849
2,26,0.0025527645746038067
2,27,57.12671610042259
2,28,0.400342461374043
2,29,0.0025527645746038067
2,30,0.7288000854036983
2,31,57.12671610042259
2,32,0.005925394172977026
2,33,0.3756991574065123
2,34,0.6048898806705905
2,35,0.24099112144379659
2,36,0.6053359977937727
2,37,0.6368525055950608
3,0,0.008269827988611558
3,1,0.466138588807525
3,2,0.2576208453810063
3,3,0.0
3,4,0.8362964890169768
3,5,0.2676224601866566
3,6,0.6407884957739424
3,7,0.782583991761496
3,8,0.3512515653114747
3,9,0.258860879032924
3,10,0.637991983486766
3,11,0.6339436211157626
3,12,57.222877023170206
3,13,57.222877023170206
3,15,57.222877023170206
3,16,57.222877023170206
3,17,0.045320038393798716
3,18,0.63138009310136
3,19,57.222877023170206
3,20,0.44061358805381695
3,21,0.2653799781588839
3,22,0.2676224601866566
3,23,0.9814099451722378
3,24,0.6588596785772819
3,25,0.8313063995629975
3,26,0.25516374360636396
3,27,57.222877023170206
3,28,0.6196554013836619
3,29,0.25516374360636396
3,30,0.9491761337174139
3,31,57.222877023170206
3,32,0.2516954716399273
3,33,0.6260479056688164
3,34,0.8608355940910847
3,35,0.02061693370204471
3,36,0.8497074174738245
3,37,0.8532392668409933
4,0,0.8347146866195692
4,1,0.4200173613032781
4,2,0.5821258714040789
4,3,0.8362964890169768
4,4,0.0
4,5,0.5687522661322679
4,6,0.2757389172714712
4,7,0.05765335051180223
4,8,0.6521662156184407
4,9,0.5800372358233691
4,10,0.28677188787429686
4,11,0.28826113735588615
4,12,57.02207197584082
4,13,57.02207197584082
4,15,57.02207197584082
4,16,57.02207197584082
4,17,0.8105271664700129
4,18,0.28090655467188325
4,19,57.02207197584082
4,20,0.4480794973527177
4,21,0.5722477317435912
4,22,0.5687522661322679
4,23,0.32717995195221666
4,24,0.18732136730803656
4,25,0.00671940166721461
4,26,0.5844030195904998
4,27,57.02207197584082
4,28,0.3026293695716697
4,29,0.5844030195904998
4,30,0.3161265744045134
4,31,57.02207197584082
4,32,0.5879351702105875
4,33,0.21297836533725523
4,34,0.04248953098340451
4,35,0.8179866599268444
4,36,0.11331898293748342
4,37,0.2939121844155465
5,0,0.2662877288094868
5,1,0.2247269851583979
5,2,0.032169201899536905
5,3,0.2676224601866566
5,4,0.5687522661322679
5,5,0.0
5,6,0.3914313865422202
5,7,0.5153885325569387
5,8,0.25510329038801455
5,9,0.02724907608853852
5,10,0.3910030054829214
5,11,0.3868237735130584
5,12,57.152552575040545
5,13,57.152552575040545
5,15,57.152552575040545
5,16,57.152552575040545
5,17,0.24460676075214985
5,18,0.3820535660301339
5,19,57.152552575040545
5,20,0.20618865703182232
5,21,0.016906805155262578
5,22,0.0
5,23,0.7351568008797887
5,24,0.3935207729759232
5,25,0.5638106087245554
5,26,0.03222973014794331
5,27,57.152552575040545
5,28,0.37443247569536375
5,29,0.03222973014794331
5,30,0.704149118939486
5,31,57.152552575040545
5,32,0.03414727074475557
5,33,0.35947022488544883
5,34,0.5932983079499083
5,35,0.2496394124759726
5,36,0.5866619139522148
5,37,0.6113103910900937
6,0,0.6371324699431824
6,1,0.3606417228561582
6,2,0.416231597238783
6,3,0.6407884957739424
6,4,0.2757389172714712
6,5,0.3914313865422202
6,6,0.0
6,7,0.22130024213064992
6,8,0.5722538671861027
6,9,0.41240875375441327
6,10,0.011940502518588738
6,11,0.012544292754579094
6,12,57.23751590144733
6,13,57.23751590144733
6,15,57.23751590144733
6,16,57.23751590144733
6,17,0.6061320670429229
6,18,0.009439839954793076
6,19,57.23751590144733
6,20,0.37866357054333183
6,21,0.40182410552222075
6,22,0.3914313865422202
6,23,0.3437875037813008
6,24,0.12170200808623334
6,25,0.2690377368575939
6,26,0.41778054367552264
6,27,57.23751590144733
6,28,0.027608590971285193
6,29,0.41778054367552264
6,30,0.3127246796743487
6,31,57.23751590144733
6,32,0.4209620234262108
6,33,0.13948213519508132
6,34,0.3163848124134628
6,35,0.6206196237819661
6,36,0.23073495092264631
6,37,0.22107693114036178
7,0,0.7807950059918188
7,1,0.3783738647094042
7,2,0.5299889510473756
7,3,0.782583991761496
7,4,0.05765335051180223
7,5,0.5153885325569387
7,6,0.22130024213064992
7,7,0.0
7,8,0.6119656996046644
7,9,0.527706263878728
7,10,0.23265150813318564
7,11,0.23384297734023068
7,12,57.054474216643655
7,13,57.054474216643655
7,15,57.054474216643655
7,16,57.054474216643655
7,17,0.7558998501172068
7,18,0.22588150229644496
7,19,57.054474216643655
7,20,0.40573872537753114
7,21,0.5195697325077281
7,22,0.5153885325569387
7,23,0.3283014393654863
7,24,0.12987700651652126
7,25,0.05145141037836239
7,26,0.5322129951864227
7,27,57.054474216643655
7,28,0.24768642440673838
7,29,0.5322129951864227
7,30,0.31184128685493817
7,31,57.054474216643655
7,32,0.535741325017804
7,33,0.15723011445283355
7,34,0.09553307921579098
7,35,0.7640357044495653
7,36,0.11049544555712953
7,37,0.27230814811690807
8,0,0.35618954360101396
8,1,0.2337424895292531
8,2,0.22432422628877693
8,3,0.3512515653114747
8,4,0.6521662156184407
8,5,0.25510329038801455
8,6,0.5722538671861027
8,7,0.6119656996046644
8,8,0.0
8,9,0.22902469952963972
8,10,0.5762496422439457
8,11,0.5722844776454928
8,12,56.91403347521648
8,13,56.91403347521648
8,15,56.91403347521648
8,16,56.91403347521648
8,17,0.3630053305995907
8,18,0.5639687772889487
8,19,56.91403347521648
8,20,0.20715844021680405
8,21,0.23823673348053562
8,22,0.25510329038801455
8,23,0.8981882727737519
8,24,0.5224246053157613
8,25,0.6493825601501843
8,26,0.22516722061491212
8,27,56.91403347521648
8,28,0.5644750322839763
8,29,0.22516722061491212
8,30,0.8709175676613177
8,31,56.91403347521648
8,32,0.2247602880915234
8,33,0.48303709495200475
8,34,0.6613949071380075
8,35,0.34630091367106136
8,36,0.7097214249310388
8,37,0.7882663038309119
9,0,0.2583372994580987
9,1,0.21871179467634697
9,2,0.004920530818848189
9,3,0.258860879032924
9,4,0.5800372358233691
9,5,0.02724907608853852
9,6,0.41240875375441327
9,7,0.527706263878728
9,8,0.22902469952963972
9,9,0.0
9,10,0.41248796669196297
9,11,0.4083039671970917
9,12,57.13070204026317
9,13,57.13070204026317
9,15,57.13070204026317
9,16,57.13070204026317
9,17,0.24004936527556725
9,18,0.40308710536882375
9,19,57.13070204026317
9,20,0.19760527886722778
9,21,0.011291911728638871
9,22,0.02724907608853852
9,23,0.7557456099848461
9,24,0.4083206764941329
9,25,0.575297242174084
9,26,0.005480062424242624
9,27,57.13070204026317
9,28,0.3963538277417447
9,29,0.005480062424242624
9,30,0.725028511385424
9,31,57.13070204026317
9,32,0.008564396725877372
9,33,0.37313245012751606
9,34,0.6030740932611056
9,35,0.24200046730762825
9,36,0.6024528712429279
9,37,0.6329415929930645
10,0,0.634201688825591
10,1,0.3670278681940284
10,2,0.41639847984588324
10,3,0.637991983486766
10,4,0.28677188787429686
10,5,0.3910030054829214
10,6,0.011940502518588738
10,7,0.23265150813318564
10,8,0.5762496422439457
10,9,0.41248796669196297
10,10,0.0
10,11,0.004184079221588211
10,12,57.249016442639
10,13,57.249016442639
10,15,57.249016442639
10,16,57.249016442639
10,17,0.6027994357527797
10,18,0.013956500339256363
10,19,57.249016442639
10,20,0.38442730854468155
10,21,0.4017925092656055
10,22,0.3910030054829214
10,23,0.3449136499333793
10,24,0.1334470632339276
10,25,0.28006347342061744
10,26,0.41788870855762966
10,27,57.249016442639
10,28,0.01939259536295726
10,29,0.41788870855762966
10,30,0.313455412698549
10,31,57.249016442639
10,32,0.42102522046760416
10,33,0.1502729255695889
10,34,0.32759226688421483
10,35,0.617747734291947
10,36,0.2390751084312633
10,37,0.22045477069356045
11,0,0.6301658569064728
11,1,0.3634693151352175
11,2,0.4122144029227317
11,3,0.6339436211157626
11,4,0.28826113735588615
11,5,0.3868237735130584
11,6,0.012544292754579094
11,7,0.23384297734023068
11,8,0.5722844776454928
11,9,0.4083039671970917
11,10,0.004184079221588211
11,11,0.0
11,12,57.24778191274356
11,13,57.24778191274356
11,15,57.24778191274356
11,16,57.24778191274356
11,17,0.598804276403271
11,18,0.011490011628597818
11,19,57.24778191274356
11,20,0.38074092777299906
11,21,0.3976089081982571
11,22,0.3868237735130584
11,23,0.3490578816569294
11,24,0.13267842647628256
11,25,0.28155864168306505
11,26,0.41370466151895413
11,27,57.24778191274356
11,28,0.016060413668011034
11,29,0.41370466151895413
11,30,0.3176156508019997
11,31,57.24778191274356
11,32,0.4168412690623481
11,33,0.14849181070083312
11,34,0.32892698510112944
11,35,0.6137060723528633
11,36,0.2419532962891951
11,37,0.22463884047359642
12,0,57.23034193237063
12,1,56.97354836757814
12,2,57.12671610042259
12,3,57.222877023170206
12,4,57.02207197584082
12,5,57.152552575040545
12,6,57.23751590144733
12,7,57.054474216643655
12,8,56.91403347521648
12,9,57.13070204026317
12,10,57.249016442639
12,11,57.24778191274356
12,12,0.0
12,13,0.0
12,15,0.0
12,16,0.0
12,17,57.25193979059692
12,18,57.23649997624185
12,19,0.0
12,20,56.97648534428522
12,21,57.137175933701066
12,22,57.152552575040545
12,23,57.304890392931945
12,24,57.11622852361543
12,25,57.02760900846757
12,26,57.12826976708905
12,27,0.0
12,28,57.25440722215712
12,29,57.12826976708905
12,30,57.30942991249054
12,31,0.0
12,32,57.12893406119606
12,33,57.10049813594452
12,34,56.98227381224145
12,35,57.227466009789744
12,36,57.13069979331122
12,37,57.313891556028075
13,0,57.23034193237063
13,1,56.97354836757814
13,2,57.12671610042259
13,3,57.222877023170206
13,4,57.02207197584082
13,5,57.152552575040545
13,6,57.23751590144733
13,7,57.054474216643655
13,8,56.91403347521648
13,9,57.13070204026317
13,10,57.249016442639
13,11,57.24778191274356
13,12,0.0
13,13,0.0
13,15,0.0
13,16,0.0
13,17,57.25193979059692
13,18,57.23649997624185
13,19,0.0
13,20,56.97648534428522
13,21,57.137175933701066
13,22,57.152552575040545
13,23,57.304890392931945
13,24,57.11622852361543
13,25,57.02760900846757
13,26,57.12826976708905
13,27,0.0
13,28,57.25440722215712
13,29,57.12826976708905
13,30,57.30942991249054
13,31,0.0
13,32,57.12893406119606
13,33,57.10049813594452
13,34,56.98227381224145
13,35,57.227466009789744
13,36,57.13069979331122
13,37,57.313891556028075
15,0,57.23034193237063
15,1,56.97354836757814
15,2,57.12671610042259
15,3,57.222877023170206
15,4,57.02207197584082
15,5,57.152552575040545
15,6,57.23751590144733
15,7,57.054474216643655
15,8,56.91403347521648
15,9,57.13070204026317
15,10,57.249016442639
15,11,57.24778191274356
15,12,0.0
15,13,0.0
15,15,0.0
15,16,0.0
15,17,57.25193979059692
15,18,57.23649997624185
15,19,0.0
15,20,56.97648534428522
15,21,57.137175933701066
15,22,57.152552575040545
15,23,57.304890392931945
15,24,57.11622852361543
15,25,57.02760900846757
15,26,57.12826976708905
15,27,0.0
15,28,57.25440722215712
15,29,57.12826976708905
15,30,57.30942991249054
15,31,0.0
15,32,57.12893406119606
15,33,57.10049813594452
15,34,56.98227381224145
15,35,57.227466009789744
15,36,57.13069979331122
15,37,57.313891556028075
16,0,57.23034193237063
16,1,56.97354836757814
16,2,57.12671610042259
16,3,57.222877023170206
16,4,57.02207197584082
16,5,57.152552575040545
16,6,57.23751590144733
16,7,57.054474216643655
16,8,56.91403347521648
16,9,57.13070204026317
16,10,57.249016442639
16,11,57.24778191274356
16,12,0.0
16,13,0.0
16,15,0.0
16,16,0.0
16,17,57.25193979059692
16,18,57.23649997624185
16,19,0.0
16,20,56.97648534428522
16,21,57.137175933701066
16,22,57.152552575040545
16,23,57.304890392931945
16,24,57.11622852361543
16,25,57.02760900846757
16,26,57.12826976708905
16,27,0.0
16,28,57.25440722215712
16,29,57.12826976708905
16,30,57.30942991249054
16,31,0.0
16,32,57.12893406119606
16,33,57.10049813594452
16,34,56.98227381224145
16,35,57.227466009789744
16,36,57.13069979331122
16,37,57.313891556028075
17,0,0.03795975949823984
17,1,0.4544558173832515
17,2,0.23961613114752553
17,3,0.045320038393798716
17,4,0.8105271664700129
17,5,0.24460676075214985
17,6,0.6061320670429229
17,7,0.7558998501172068
17,8,0.3630053305995907
17,9,0.24004936527556725
17,10,0.6027994357527797
17,11,0.598804276403271
17,12,57.25193979059692
17,13,57.25193979059692
17,15,57.25193979059692
17,16,57.25193979059692
17,17,0.0
17,18,0.5967705420221157
17,19,57.25193979059692
17,20,0.43033763961225513
17,21,0.24499342449768696
17,22,0.24460676075214985
17,23,0.9448481773961993
17,24,0.63032131089746
17,25,0.8053382349026743
17,26,0.23707776433338276
17,27,57.25193979059692
17,28,0.584189406807628
17,29,0.23707776433338276
17,30,0.9124137921283764
17,31,57.25193979059692
17,32,0.23377323440159037
17,33,0.5988012706942666
17,34,0.8366093941808334
17,35,0.028534802853327275
17,36,0.8191149956057213
17,37,0.816086493068912
18,0,0.6277337168894833
18,1,0.3535667690701148
18,2,0.4069214502635781
18,3,0.63138009310136
18,4,0.28090655467188325
18,5,0.3820535660301339
18,6,0.009439839954793076
18,7,0.22588150229644496
18,8,0.5639687772889487
18,9,0.40308710536882375
18,10,0.013956500339256363
18,11,0.011490011628597818
18,12,57.23649997624185
18,13,57.23649997624185
18,15,57.23649997624185
18,16,57.23649997624185
18,17,0.5967705420221157
18,18,0.0
18,19,57.23649997624185
18,20,0.3712184610127842
18,21,0.3924884120099238
18,22,0.3820535660301339
18,23,0.35319238813451054
18,24,0.1218284680088752
18,25,0.2742223334220823
18,26,0.4084628246460849
18,27,57.23649997624185
18,28,0.021811217351067117
18,29,0.4084628246460849
18,30,0.32209613136602777
18,31,57.23649997624185
18,32,0.4116387474632583
18,33,0.13702655097032027
18,34,0.32120485420487593
18,35,0.6112167152765765
18,36,0.23863427303316023
18,37,0.23024942577842752
19,0,57.23034193237063
19,1,56.97354836757814
19,2,57.12671610042259
19,3,57.222877023170206
19,4,57.02207197584082
19,5,57.152552575040545
19,6,57.23751590144733
19,7,57.054474216643655
19,8,56.91403347521648
19,9,57.13070204026317
19,10,57.249016442639
19,11,57.24778191274356
19,12,0.0
19,13,0.0
19,15,0.0
19,16,0.0
19,17,57.25193979059692
19,18,57.23649997624185
19,19,0.0
19,20,56.97648534428522
19,21,57.137175933701066
19,22,57.152552575040545
19,23,57.304890392931945
19,24,57.11622852361543
19,25,57.02760900846757
19,26,57.12826976708905
19,27,0.0
19,28,57.25440722215712
19,29,57.12826976708905
19,30,57.30942991249054
19,31,0.0
19,32,57.12893406119606
19,33,57.10049813594452
19,34,56.98227381224145
19,35,57.227466009789744
19,36,57.13069979331122
19,37,57.313891556028075
20,0,0.4419317991677519
20,1,0.02868388382903116
20,2,0.19635196385927725
20,3,0.44061358805381695
20,4,0.4480794973527177
20,5,0.20618865703182232
20,6,0.37866357054333183
20,7,0.40573872537753114
20,8,0.20715844021680405
20,9,0.19760527886722778
20,10,0.38442730854468155
20,11,0.38074092777299906
20,12,56.97648534428522
20,13,56.97648534428522
20,15,56.97648534428522
20,16,56.97648534428522
20,17,0.43033763961225513
20,18,0.3712184610127842
20,19,56.97648534428522
20,20,0.0
20,21,0.19720335538318987
20,22,0.20618865703182232
20,23,0.6936644241155762
20,24,0.3166336457486329
20,25,0.44491140781189353
20,26,0.1988452407123442
20,27,56.97648534428522
20,28,0.3755237896773856
20,29,0.1988452407123442
20,30,0.6672813722504691
20,31,56.97648534428522
20,32,0.2016038051623071
20,33,0.27729521764120707
20,34,0.4605564487346923
20,35,0.4268153556231833
20,36,0.5025631271572278
20,37,0.5880089677358927
21,0,0.2645628775207477
21,1,0.21722554666273008
21,2,0.016022183033019992
21,3,0.2653799781588839
21,4,0.5722477317435912
21,5,0.016906805155262578
21,6,0.40182410552222075
21,7,0.5195697325077281
21,8,0.23823673348053562
21,9,0.011291911728638871
21,10,0.4017925092656055
21,11,0.3976089081982571
21,12,57.137175933701066
21,13,57.137175933701066
21,15,57.137175933701066
21,16,57.137175933701066
21,17,0.24499342449768696
21,18,0.3924884120099238
21,19,57.137175933701066
21,20,0.19720335538318987
21,21,0.0
21,22,0.016906805155262578
21,23,0.7452817561356798
21,24,0.3993794518287215
21,25,0.5674406217627825
21,26,0.016730169666418222
21,27,57.137175933701066
21,28,0.38556518712640353
21,29,0.016730169666418222
21,30,0.7144951996204842
21,31,57.137175933701066
21,32,0.019463167761360162
21,33,0.36452300498193557
21,34,0.5957929687141386
21,35,0.24809262532920698
21,36,0.5932609648319734
21,37,0.6222354597384989
22,0,0.2662877288094868
22,1,0.2247269851583979
22,2,0.032169201899536905
22,3,0.2676224601866566
22,4,0.5687522661322679
22,5,0.0
22,6,0.3914313865422202
22,7,0.5153885325569387
22,8,0.25510329038801455
22,9,0.02724907608853852
22,10,0.3910030054829214
22,11,0.3868237735130584
22,12,57.152552575040545
22,13,57.152552575040545
22,15,57.152552575040545
22,16,57.152552575040545
22,17,0.24460676075214985
22,18,0.3820535660301339
22,19,57.152552575040545
22,20,0.20618865703182232
22,21,0.016906805155262578
22,22,0.0
22,23,0.7351568008797887
22,24,0.3935207729759232
22,25,0.5638106087245554
22,26,0.03222973014794331
22,27,57.152552575040545
22,28,0.37443247569536375
22,29,0.03222973014794331
22,30,0.704149118939486
22,31,57.152552575040545
22,32,0.03414727074475557
22,33,0.35947022488544883
22,34,0.5932983079499083
22,35,0.2496394124759726
22,36,0.5866619139522148
22,37,0.6113103910900937
23,0,0.977309641498887
23,1,0.6700545385939046
23,2,0.759463708511855
23,3,0.9814099451722378
23,4,0.32717995195221666
23,5,0.7351568008797887
23,6,0.3437875037813008
23,7,0.3283014393654863
23,8,0.8981882727737519
23,9,0.7557456099848461
23,10,0.3449136499333793
23,11,0.3490578816569294
23,12,57.304890392931945
23,13,57.304890392931945
23,15,57.304890392931945
23,16,57.304890392931945
23,17,0.9448481773961993
23,18,0.35319238813451054
23,19,57.304890392931945
23,20,0.6936644241155762
23,21,0.7452817561356798
23,22,0.7351568008797887
23,23,0.0
23,24,0.3773681283787423
23,25,0.3243710294824773
23,26,0.7610799660333094
23,27,57.304890392931945
23,28,0.36253623750653324
23,29,0.7610799660333094
23,30,0.033113287550323924
23,31,57.304890392931945
23,32,0.7643083155512098
23,33,0.41654065474965374
23,34,0.35559392273044416
23,35,0.9610194675175515
23,36,0.2187293405848756
23,37,0.13004146892244486
24,0,0.656636478758695
24,1,0.29269582011396733
24,2,0.4110725153354353
24,3,0.6588596785772819
24,4,0.18732136730803656
24,5,0.3935207729759232
24,6,0.12170200808623334
24,7,0.12987700651652126
24,8,0.5224246053157613
24,9,0.4083206764941329
24,10,0.1334470632339276
24,11,0.13267842647628256
24,12,57.11622852361543
24,13,57.11622852361543
24,15,57.11622852361543
24,16,57.11622852361543
24,17,0.63032131089746
24,18,0.1218284680088752
24,19,57.11622852361543
24,20,0.3166336457486329
24,21,0.3993794518287215
24,22,0.3935207729759232
24,23,0.3773681283787423
24,24,0.0
24,25,0.18127298949751994
24,26,0.41314360954946605
24,27,57.11622852361543
24,28,0.14180421880267802
24,29,0.41314360954946605
24,30,0.3518583418562504
24,31,57.11622852361543
24,32,0.41663246067474446
24,33,0.039389900457870185
24,34,0.22180569085282245
24,35,0.6398469509359632
24,36,0.19487304081574652
24,37,0.27925662656600136
25,0,0.8296810065923471
25,1,0.4169336616204923
25,2,0.5774226119236849
25,3,0.8313063995629975
25,4,0.00671940166721461
25,5,0.5638106087245554
25,6,0.2690377368575939
25,7,0.05145141037836239
25,8,0.6493825601501843
25,9,0.575297242174084
25,10,0.28006347342061744
25,11,0.28155864168306505
25,12,57.02760900846757
25,13,57.02760900846757
25,15,57.02760900846757
25,16,57.02760900846757
25,17,0.8053382349026743
25,18,0.2742223334220823
25,19,57.02760900846757
25,20,0.44491140781189353
25,21,0.5674406217627825
25,22,0.5638106087245554
25,23,0.3243710294824773
25,24,0.18127298949751994
25,25,0.0
25,26,0.5796901603557427
25,27,57.02760900846757
25,28,0.29594057330544843
25,29,0.5796901603557427
25,30,0.31273828369782325
25,31,57.02760900846757
25,32,0.5832221104436494
25,33,0.20743867712965972
25,34,0.04903595695583708
25,35,0.8129454503697945
25,36,0.10922147413377273
25,37,0.2889032394716749
26,0,0.2547721348544027
26,1,0.22043612591534117
26,2,0.0025527645746038067
26,3,0.25516374360636396
26,4,0.5844030195904998
26,5,0.03222973014794331
26,6,0.41778054367552264
26,7,0.5322129951864227
26,8,0.22516722061491212
26,9,0.005480062424242624
26,10,0.41788870855762966
26,11,0.41370466151895413
26,12,57.12826976708905
26,13,57.12826976708905
26,15,57.12826976708905
26,16,57.12826976708905
26,17,0.23707776433338276
26,18,0.4084628246460849
26,19,57.12826976708905
26,20,0.1988452407123442
26,21,0.016730169666418222
26,22,0.03222973014794331
26,23,0.7610799660333094
26,24,0.41314360954946605
26,25,0.5796901603557427
26,26,0.0
26,27,57.12826976708905
26,28,0.4017772704374906
26,29,0.0
26,30,0.7303830644256978
26,31,57.12826976708905
26,32,0.003532164459947635
26,33,0.3778340946706968
26,34,0.6072324390088516
26,35,0.2385030187629564
26,36,0.6073592114944318
26,37,0.6383432573281849
27,0,57.23034193237063
27,1,56.97354836757814
27,2,57.12671610042259
27,3,57.222877023170206
27,4,57.02207197584082
27,5,57.152552575040545
27,6,57.23751590144733
27,7,57.054474216643655
27,8,56.91403347521648
27,9,57.13070204026317
27,10,57.249016442639
27,11,57.24778191274356
27,12,0.0
27,13,0.0
27,15,0.0
27,16,0.0
27,17,57.25193979059692
27,18,57.23649997624185
27,19,0.0
27,20,56.97648534428522
27,21,57.137175933701066
27,22,57.152552575040545
27,23,57.304890392931945
27,24,57.11622852361543
27,25,57.02760900846757
27,26,57.12826976708905
27,27,0.0
27,28,57.25440722215712
27,29,57.12826976708905
27,30,57.30942991249054
27,31,0.0
27,32,57.12893406119606
27,33,57.10049813594452
27,34,56.98227381224145
27,35,57.227466009789744
27,36,57.13069979331122
27,37,57.313891556028075
28,0,0.6157925376055877
28,1,0.3592176364393342
28,2,0.400342461374043
28,3,0.6196554013836619
28,4,0.3026293695716697
28,5,0.37443247569536375
28,6,0.027608590971285193
28,7,0.24768642440673838
28,8,0.5644750322839763
28,9,0.3963538277417447
28,10,0.01939259536295726
28,11,0.016060413668011034
28,12,57.25440722215712
28,13,57.25440722215712
28,15,57.25440722215712
28,16,57.25440722215712
28,17,0.584189406807628
28,18,0.021811217351067117
28,19,57.25440722215712
28,20,0.3755237896773856
28,21,0.38556518712640353
28,22,0.37443247569536375
28,23,0.36253623750653324
28,24,0.14180421880267802
28,25,0.29594057330544843
28,26,0.4017772704374906
28,27,57.25440722215712
28,28,0.0
28,29,0.4017772704374906
28,30,0.33083176013737486
28,31,57.25440722215712
28,32,0.40487021643249976
28,33,0.1539687706421354
28,34,0.34299190655941597
28,35,0.5993727202774822
28,36,0.25796395384605647
28,37,0.23692472789103086
29,0,0.2547721348544027
29,1,0.22043612591534117
29,2,0.0025527645746038067
29,3,0.25516374360636396
29,4,0.5844030195904998
29,5,0.03222973014794331
29,6,0.41778054367552264
29,7,0.5322129951864227
29,8,0.22516722061491212
29,9,0.005480062424242624
29,10,0.41788870855762966
29,11,0.41370466151895413
29,12,57.12826976708905
29,13,57.12826976708905
29,15,57.12826976708905
29,16,57.12826976708905
29,17,0.23707776433338276
29,18,0.4084628246460849
29,19,57.12826976708905
29,20,0.1988452407123442
29,21,0.016730169666418222
29,22,0.03222973014794331
29,23,0.7610799660333094
29,24,0.41314360954946605
29,25,0.5796901603557427
29,26,0.0
29,27,57.12826976708905
29,28,0.4017772704374906
29,29,0.0
29,30,0.7303830644256978
29,31,57.12826976708905
29,32,0.003532164459947635
29,33,0.3778340946706968
29,34,0.6072324390088516
29,35,0.2385030187629564
29,36,0.6073592114944318
29,37,0.6383432573281849
30,0,0.9450203148739189
30,1,0.6441778749687915
30,2,0.7288000854036983
30,3,0.9491761337174139
30,4,0.3161265744045134
30,5,0.704149118939486
30,6,0.3127246796743487
30,7,0.31184128685493817
30,8,0.8709175676613177
30,9,0.725028511385424
30,10,0.313455412698549
30,11,0.3176156508019997
30,12,57.30942991249054
30,13,57.30942991249054
30,15,57.30942991249054
30,16,57.30942991249054
30,17,0.9124137921283764
30,18,0.32209613136602777
30,19,57.30942991249054
30,20,0.6672813722504691
30,21,0.7144951996204842
30,22,0.704149118939486
30,23,0.033113287550323924
30,24,0.3518583418562504
30,25,0.31273828369782325
30,26,0.7303830644256978
30,27,57.30942991249054
30,28,0.33083176013737486
30,29,0.7303830644256978
30,30,0.0
30,31,57.30942991249054
30,32,0.733587210498035
30,33,0.39074685309874546
30,34,0.3473878174041797
30,35,0.92876225636085
30,36,0.20457292762866822
30,37,0.09703339643971767
31,0,57.23034193237063
31,1,56.97354836757814
31,2,57.12671610042259
31,3,57.222877023170206
31,4,57.02207197584082
31,5,57.152552575040545
31,6,57.23751590144733
31,7,57.054474216643655
31,8,56.91403347521648
31,9,57.13070204026317
31,10,57.249016442639
31,11,57.24778191274356
31,12,0.0
31,13,0.0
31,15,0.0
31,16,0.0
31,17,57.25193979059692
31,18,57.23649997624185
31,19,0.0
31,20,56.97648534428522
31,21,57.137175933701066
31,22,57.152552575040545
31,23,57.304890392931945
31,24,57.11622852361543
31,25,57.02760900846757
31,26,57.12826976708905
31,27,0.0
31,28,57.25440722215712
31,29,57.12826976708905
31,30,57.30942991249054
31,31,0.0
31,32,57.12893406119606
31,33,57.10049813594452
31,34,56.98227381224145
31,35,57.227466009789744
31,36,57.13069979331122
31,37,57.313891556028075
32,0,0.25132752304268413
32,1,0.22338006715775974
32,2,0.005925394172977026
32,3,0.2516954716399273
32,4,0.5879351702105875
32,5,0.03414727074475557
32,6,0.4209620234262108
32,7,0.535741325017804
32,8,0.2247602880915234
32,9,0.008564396725877372
32,10,0.42102522046760416
32,11,0.4168412690623481
32,12,57.12893406119606
32,13,57.12893406119606
32,15,57.12893406119606
32,16,57.12893406119606
32,17,0.23377323440159037
32,18,0.4116387474632583
32,19,57.12893406119606
32,20,0.2016038051623071
32,21,0.019463167761360162
32,22,0.03414727074475557
32,23,0.7643083155512098
32,24,0.41663246067474446
32,25,0.5832221104436494
32,26,0.003532164459947635
32,27,57.12893406119606
32,28,0.40487021643249976
32,29,0.003532164459947635
32,30,0.733587210498035
32,31,57.12893406119606
32,32,0.0
32,33,0.38134384560237433
32,34,0.6107588323331266
32,35,0.23507224216237638
32,36,0.6108285989379091
32,37,0.641477701074341
33,0,0.6240992472989757
33,1,0.2535321197257076
33,2,0.3756991574065123
33,3,0.6260479056688164
33,4,0.21297836533725523
33,5,0.35947022488544883
33,6,0.13948213519508132
33,7,0.15723011445283355
33,8,0.48303709495200475
33,9,0.37313245012751606
33,10,0.1502729255695889
33,11,0.14849181070083312
33,12,57.10049813594452
33,13,57.10049813594452
33,15,57.10049813594452
33,16,57.10049813594452
33,17,0.5988012706942666
33,18,0.13702655097032027
33,19,57.10049813594452
33,20,0.27729521764120707
33,21,0.36452300498193557
33,22,0.35947022488544883
33,23,0.41654065474965374
33,24,0.039389900457870185
33,25,0.20743867712965972
33,26,0.3778340946706968
33,27,57.10049813594452
33,28,0.1539687706421354
33,29,0.3778340946706968
33,30,0.39074685309874546
33,31,57.10049813594452
33,32,0.38134384560237433
33,33,0.0
33,34,0.24348125435310589
33,35,0.6073239743667868
33,36,0.2324023869734667
33,37,0.31624953736370226
34,0,0.8595860337235355
34,1,0.43206559265314376
34,2,0.6048898806705905
34,3,0.8608355940910847
34,4,0.04248953098340451
34,5,0.5932983079499083
34,6,0.3163848124134628
34,7,0.09553307921579098
34,8,0.6613949071380075
34,9,0.6030740932611056
34,10,0.32759226688421483
34,11,0.32892698510112944
34,12,56.98227381224145
34,13,56.98227381224145
34,15,56.98227381224145
34,16,56.98227381224145
34,17,0.8366093941808334
34,18,0.32120485420487593
34,19,56.98227381224145
34,20,0.4605564487346923
34,21,0.5957929687141386
34,22,0.5932983079499083
34,23,0.35559392273044416
34,24,0.22180569085282245
34,25,0.04903595695583708
34,26,0.6072324390088516
34,27,56.98227381224145
34,28,0.34299190655941597
34,29,0.6072324390088516
34,30,0.3473878174041797
34,31,56.98227381224145
34,32,0.6107588323331266
34,33,0.24348125435310589
34,34,0.0
34,35,0.8429311914023192
34,36,0.14943861648192494
34,37,0.3322258671627396
35,0,0.01678988982622384
35,1,0.45188262936596324
35,2,0.24099112144379659
35,3,0.02061693370204471
35,4,0.8179866599268444
35,5,0.2496394124759726
35,6,0.6206196237819661
35,7,0.7640357044495653
35,8,0.34630091367106136
35,9,0.24200046730762825
35,10,0.617747734291947
35,11,0.6137060723528633
35,12,57.227466009789744
35,13,57.227466009789744
35,15,57.227466009789744
35,16,57.227466009789744
35,17,0.028534802853327275
35,18,0.6112167152765765
35,19,57.227466009789744
35,20,0.4268153556231833
35,21,0.24809262532920698
35,22,0.2496394124759726
35,23,0.9610194675175515
35,24,0.6398469509359632
35,25,0.8129454503697945
35,26,0.2385030187629564
35,27,57.227466009789744
35,28,0.5993727202774822
35,29,0.2385030187629564
35,30,0.92876225636085
35,31,57.227466009789744
35,32,0.23507224216237638
35,33,0.6073239743667868
35,34,0.8429311914023192
35,35,0.0
35,36,0.830287421562094
35,37,0.8327813438425343
36,0,0.847056697597258
36,1,0.4764133981532445
36,2,0.6053359977937727
36,3,0.8497074174738245
36,4,0.11331898293748342
36,5,0.5866619139522148
36,6,0.23073495092264631
36,7,0.11049544555712953
36,8,0.7097214249310388
36,9,0.6024528712429279
36,10,0.2390751084312633
36,11,0.2419532962891951
36,12,57.13069979331122
36,13,57.13069979331122
36,15,57.13069979331122
36,16,57.13069979331122
36,17,0.8191149956057213
36,18,0.23863427303316023
36,19,57.13069979331122
36,20,0.5025631271572278
36,21,0.5932609648319734
36,22,0.5866619139522148
36,23,0.2187293405848756
36,24,0.19487304081574652
36,25,0.10922147413377273
36,26,0.6073592114944318
36,27,57.13069979331122
36,28,0.25796395384605647
36,29,0.6073592114944318
36,30,0.20457292762866822
36,31,57.13069979331122
36,32,0.6108285989379091
36,33,0.2324023869734667
36,34,0.14943861648192494
36,35,0.830287421562094
36,36,0.0
36,37,0.183211767610179
37,0,0.8489711538553435
37,1,0.566581756802619
37,2,0.6368525055950608
37,3,0.8532392668409933
37,4,0.2939121844155465
37,5,0.6113103910900937
37,6,0.22107693114036178
37,7,0.27230814811690807
37,8,0.7882663038309119
37,9,0.6329415929930645
37,10,0.22045477069356045
37,11,0.22463884047359642
37,12,57.313891556028075
37,13,57.313891556028075
37,15,57.313891556028075
37,16,57.313891556028075
37,17,0.816086493068912
37,18,0.23024942577842752
37,19,57.313891556028075
37,20,0.5880089677358927
37,21,0.6222354597384989
37,22,0.6113103910900937
37,23,0.13004146892244486
37,24,0.27925662656600136
37,25,0.2889032394716749
37,26,0.6383432573281849
37,27,57.313891556028075
37,28,0.23692472789103086
37,29,0.6383432573281849
37,30,0.09703339643971767
37,31,57.313891556028075
37,32,0.641477701074341
37,33,0.31624953736370226
37,34,0.3322258671627396
37,35,0.8327813438425343
37,36,0.183211767610179
37,37,0.0
