source_id,target_id,rtt
0,0,0.0
0,1,0.49115628746059437
0,2,0.2985985042017334
0,3,0.03740682352826855
0,4,0.9118703125241556
0,5,0.2664293023021964
0,6,0.7723659181127587
0,7,0.9649138607565422
0,8,114.33301535255923
0,9,0.29367837839073496
0,10,0.7768825784972219
0,11,0.7744160897865634
0,12,57.41898187734274
0,13,57.41898187734274
0,15,57.72639766313216
0,16,58.394452122014535
0,17,0.045324692679551117
0,18,0.7629260781579655
0,19,57.99942605439981
0,20,114.39546722162797
0,21,0.2833361074574591
0,22,0.2664293023021964
0,23,1.1181354970743171
0,24,0.6652894276455155
0,25,0.9184167384965882
0,26,0.2986590324501398
0,27,57.41898187734274
0,28,0.7847372955090327
0,29,0.2986590324501398
0,30,1.0850222095239932
0,31,57.99942605439981
0,32,0.30057657304695207
0,33,0.6258995271876453
0,34,0.8693807815407512
0,35,0.01678988982622384
0,36,1.018819398022676
0,37,1.1820556059637108
1,0,0.49115628746059437
1,1,0.0
1,2,0.2568961870579348
1,3,0.4949833313364152
1,4,0.870167995380357
1,5,0.2247269851583979
1,6,0.7306636009689601
1,7,0.9232115436127436
1,8,114.29131303541541
1,9,0.2519760612469364
1,10,0.7351802613534233
1,11,0.7327137726427648
1,12,57.37727956019894
1,13,57.37727956019894
1,15,57.68469534598837
1,16,58.35274980487074
1,17,0.5029012004876978
1,18,0.721223761014167
1,19,57.95772373725602
1,20,114.35376490448417
1,21,0.24163379031366047
1,22,0.2247269851583979
1,23,1.0764331799305187
1,24,0.6235871105017169
1,25,0.8767144213527897
1,26,0.25695671530634123
1,27,57.37727956019894
1,28,0.7430349783652341
1,29,0.25695671530634123
1,30,1.0433198923801947
1,31,57.95772373725602
1,32,0.2588742559031535
1,33,0.5841972100438467
1,34,0.8276784643969526
1,35,0.4743663976343705
1,36,0.9771170808788775
1,37,1.1403532888199124
2,0,0.2985985042017334
2,1,0.2568961870579348
2,2,0.0
2,3,0.30242554807755423
2,4,0.6776102121214961
2,5,0.032169201899536905
2,6,0.5381058177100991
2,7,0.7306537603538826
2,8,114.09875525215656
2,9,0.059418277988075426
2,10,0.5426224780945623
2,11,0.5401559893839039
2,12,57.18472177694008
2,13,57.18472177694008
2,15,57.4921375627295
2,16,58.16019202161188
2,17,0.3103434172288368
2,18,0.528665977755306
2,19,57.765165953997155
2,20,114.1612071212253
2,21,0.04907600705479948
2,22,0.032169201899536905
2,23,0.8838753966716577
2,24,0.4310293272428559
2,25,0.6841566380939287
2,26,0.0643989320474802
2,27,57.18472177694008
2,28,0.5504771951063732
2,29,0.0643989320474802
2,30,0.8507621091213338
2,31,57.765165953997155
2,32,0.06631647264429247
2,33,0.39163942678498576
2,34,0.6351206811380916
2,35,0.2818086143755095
2,36,0.7845592976200165
2,37,0.9477955055610514
3,0,0.03740682352826855
3,1,0.4949833313364152
3,2,0.30242554807755423
3,3,0.0
3,4,0.9156973563999765
3,5,0.2702563461780173
3,6,0.7761929619885796
3,7,0.9687409046323631
3,8,114.33684239643505
3,9,0.2975054222665558
3,10,0.7807096223730428
3,11,0.7782431336623843
3,12,57.42280892121856
3,13,57.42280892121856
3,15,57.730224707007984
3,16,58.39827916589036
3,17,0.049151736555371986
3,18,0.7667531220337864
3,19,58.003253098275636
3,20,114.39929426550378
3,21,0.2871631513332799
3,22,0.2702563461780173
3,23,1.1219625409501381
3,24,0.6691164715213364
3,25,0.9222437823724091
3,26,0.30248607632596064
3,27,57.42280892121856
3,28,0.7885643393848536
3,29,0.30248607632596064
3,30,1.0888492533998142
3,31,58.003253098275636
3,32,0.3044036169227729
3,33,0.6297265710634662
3,34,0.873207825416572
3,35,0.02061693370204471
3,36,1.022646441898497
3,37,1.1858826498395318
4,0,0.9118703125241556
4,1,0.870167995380357
4,2,0.6776102121214961
4,3,0.9156973563999765
4,4,0.0
4,5,0.6454410102219592
4,6,0.43243717626162376
4,7,0.13802261019919548
4,8,114.3005023964975
4,9,0.6726900863104976
4,10,0.43695383664608706
4,11,0.4344873479354285
4,12,57.38646892128103
4,13,57.65949731254868
4,15,57.38646892128103
4,16,58.0545233801634
4,17,0.9236152255512591
4,18,0.4229973363068307
4,19,57.65949731254868
4,20,114.36295426556624
4,21,0.6623478153772218
4,22,0.6454410102219592
4,23,0.7782067552231823
4,24,0.3253606857943806
4,25,0.09152548793924159
4,26,0.6776707403699025
4,27,57.7979935852625
4,28,0.4448085536578978
4,29,0.6776707403699025
4,30,0.7450934676728583
4,31,57.65949731254868
4,32,0.6795882809667148
4,33,0.2859707853365104
4,34,0.04248953098340451
4,35,0.8950804226979318
4,36,0.19192814746532944
4,37,0.842126864112576
5,0,0.2664293023021964
5,1,0.2247269851583979
5,2,0.032169201899536905
5,3,0.2702563461780173
5,4,0.6454410102219592
5,5,0.0
5,6,0.5059366158105622
5,7,0.6984845584543458
5,8,114.06658605025703
5,9,0.02724907608853852
5,10,0.5104532761950255
5,11,0.5079867874843669
5,12,57.152552575040545
5,13,57.152552575040545
5,15,57.45996836082997
5,16,58.12802281971234
5,17,0.27817421532929987
5,18,0.4964967758557691
5,19,57.73299675209762
5,20,114.12903791932577
5,21,0.016906805155262578
5,22,0.0
5,23,0.8517061947721207
5,24,0.398860125343319
5,25,0.6519874361943918
5,26,0.03222973014794331
5,27,57.152552575040545
5,28,0.5183079932068362
5,29,0.03222973014794331
5,30,0.8185929072217968
5,31,57.73299675209762
5,32,0.03414727074475557
5,33,0.35947022488544883
5,34,0.6029514792385547
5,35,0.2496394124759726
5,36,0.7523900957204797
5,37,0.9156263036615144
6,0,0.7723659181127587
6,1,0.7306636009689601
6,2,0.5381058177100991
6,3,0.7761929619885796
6,4,0.43243717626162376
6,5,0.5059366158105622
6,6,0.0
6,7,0.4854807244940102
6,8,114.16099800208612
6,9,0.5331856918991007
6,10,0.02339634029404944
6,11,0.020929851583390894
6,12,57.24696452686963
6,13,57.245939816196646
6,15,57.24696452686963
6,16,57.64096588381136
6,17,0.7841108311398621
6,18,0.009439839954793076
6,19,57.245939816196646
6,20,114.22344987115486
6,21,0.5228434209658248
6,22,0.5059366158105622
6,23,0.3646492588711448
6,24,0.18585629138298354
6,25,0.4389836022340563
6,26,0.5381663459585055
6,27,57.65848919085111
6,28,0.0312510573058602
6,29,0.5381663459585055
6,30,0.33153597132082085
6,31,57.245939816196646
6,32,0.5400838865553178
6,33,0.14646639092511335
6,34,0.38994764527821923
6,35,0.7555760282865348
6,36,0.5393862617601441
6,37,0.42856936776053856
7,0,0.9649138607565422
7,1,0.9232115436127436
7,2,0.7306537603538826
7,3,0.9687409046323631
7,4,0.13802261019919548
7,5,0.6984845584543458
7,6,0.4854807244940102
7,7,0.0
7,8,114.3535459447299
7,9,0.7257336345428842
7,10,0.4899973848784735
7,11,0.4875308961678149
7,12,57.43951246951342
7,13,57.71254086078107
7,15,57.43951246951342
7,16,58.10756692839579
7,17,0.9766587737836456
7,18,0.4760408845392171
7,19,57.71254086078107
7,20,114.41599781379864
7,21,0.7153913636096083
7,22,0.6984845584543458
7,23,0.8312503034555688
7,24,0.37840423402676704
7,25,0.14456903617162806
7,26,0.730714288602289
7,27,57.85103713349489
7,28,0.4978521018902842
7,29,0.730714288602289
7,30,0.7981370159052449
7,31,57.71254086078107
7,32,0.7326318291991013
7,33,0.3390143335688969
7,34,0.09553307921579098
7,35,0.9481239709303183
7,36,0.24497169569771593
7,37,0.8951704123449625
8,0,114.33301535255923
8,1,114.29131303541541
8,2,114.09875525215656
8,3,114.33684239643505
8,4,114.3005023964975
8,5,114.06658605025703
8,6,114.16099800208612
8,7,114.3535459447299
8,8,0.0
8,9,114.09383512634557
8,10,114.16551466247058
8,11,114.16304817375992
8,12,56.91403347521648
8,13,171.21913862529757
8,15,171.11502974710552
8,16,171.7830842059879
8,17,114.34476026558633
8,18,114.15155816213132
8,19,171.38805813837317
8,20,113.8905188195017
8,21,114.08349285541229
8,22,114.06658605025703
8,23,114.50676758104768
8,24,114.05392151161888
8,25,114.30704882246994
8,26,114.09881578040498
8,27,171.21913862529757
8,28,114.1733693794824
8,29,114.09881578040498
8,30,114.47365429349735
8,31,171.38805813837317
8,32,114.10073332100177
8,33,114.014531611161
8,34,114.2580128655141
8,35,114.316225462733
8,36,114.40745148199603
8,37,114.57068768993707
9,0,0.29367837839073496
9,1,0.2519760612469364
9,2,0.059418277988075426
9,3,0.2975054222665558
9,4,0.6726900863104976
9,5,0.02724907608853852
9,6,0.5331856918991007
9,7,0.7257336345428842
9,8,114.09383512634557
9,9,0.0
9,10,0.537702352283564
9,11,0.5352358635729054
9,12,57.17980165112908
9,13,57.17980165112908
9,15,57.487217436918506
9,16,58.15527189580088
9,17,0.30542329141783836
9,18,0.5237458519443076
9,19,57.76024582818616
9,20,114.1562869954143
9,21,0.0441558812438011
9,22,0.02724907608853852
9,23,0.8789552708606593
9,24,0.4261092014318575
9,25,0.6792365122829302
9,26,0.05947880623648183
9,27,57.17980165112908
9,28,0.5455570692953747
9,29,0.05947880623648183
9,30,0.8458419833103353
9,31,57.76024582818616
9,32,0.06139634683329409
9,33,0.3867193009739873
9,34,0.6302005553270932
9,35,0.2768884885645111
9,36,0.7796391718090181
9,37,0.942875379750053
10,0,0.7768825784972219
10,1,0.7351802613534233
10,2,0.5426224780945623
10,3,0.7807096223730428
10,4,0.43695383664608706
10,5,0.5104532761950255
10,6,0.02339634029404944
10,7,0.4899973848784735
10,8,114.16551466247058
10,9,0.537702352283564
10,10,0.0
10,11,0.02544651196785418
10,12,57.25148118725409
10,13,57.25045647658111
10,15,57.25148118725409
10,16,57.64548254419583
10,17,0.7886274915243253
10,18,0.013956500339256363
10,19,57.25045647658111
10,20,114.22796653153932
10,21,0.5273600813502881
10,22,0.5104532761950255
10,23,0.3691659192556081
10,24,0.1903729517674468
10,25,0.4435002626185196
10,26,0.5426830063429688
10,27,57.66300585123557
10,28,0.03576771769032348
10,29,0.5426830063429688
10,30,0.33605263170528415
10,31,57.25045647658111
10,32,0.544600546939781
10,33,0.15098305130957662
10,34,0.39446430566268254
10,35,0.760092688670998
10,36,0.5439029221446074
10,37,0.43308602814500186
11,0,0.7744160897865634
11,1,0.7327137726427648
11,2,0.5401559893839039
11,3,0.7782431336623843
11,4,0.4344873479354285
11,5,0.5079867874843669
11,6,0.020929851583390894
11,7,0.4875308961678149
11,8,114.16304817375992
11,9,0.5352358635729054
11,10,0.02544651196785418
11,11,0.0
11,12,57.24901469854344
11,13,57.24798998787045
11,15,57.24901469854344
11,16,57.64301605548517
11,17,0.7861610028136669
11,18,0.011490011628597818
11,19,57.24798998787045
11,20,114.22550004282866
11,21,0.5248935926396295
11,22,0.5079867874843669
11,23,0.3666994305449495
11,24,0.18790646305678826
11,25,0.441033773907861
11,26,0.5402165176323103
11,27,57.660539362524915
11,28,0.033301228979664935
11,29,0.5402165176323103
11,30,0.3335861429946256
11,31,57.24798998787045
11,32,0.5421340582291225
11,33,0.14851656259891807
11,34,0.39199781695202396
11,35,0.7576261999603395
11,36,0.5414364334339489
11,37,0.4306195394343433
12,0,57.41898187734274
12,1,57.37727956019894
12,2,57.18472177694008
12,3,57.42280892121856
12,4,57.38646892128103
12,5,57.152552575040545
12,6,57.24696452686963
12,7,57.43951246951342
12,8,56.91403347521648
12,9,57.17980165112908
12,10,57.25148118725409
12,11,57.24901469854344
12,12,0.0
12,13,114.30510515008109
12,15,114.20099627188904
12,16,114.86905073077142
12,17,57.430726790369846
12,18,57.23752468691484
12,19,114.47402466315668
12,20,56.97648534428522
12,21,57.16945938019581
12,22,57.152552575040545
12,23,57.59273410583119
12,24,57.13988803640239
12,25,57.39301534725346
12,26,57.18478230518849
12,27,114.30510515008109
12,28,57.25933590426591
12,29,57.18478230518849
12,30,57.55962081828087
12,31,114.47402466315668
12,32,57.1866998457853
12,33,57.10049813594452
12,34,57.343979390297626
12,35,57.40219198751652
12,36,57.49341800677955
12,37,57.65665421472058
13,0,57.41898187734274
13,1,57.37727956019894
13,2,57.18472177694008
13,3,57.42280892121856
13,4,57.65949731254868
13,5,57.152552575040545
13,6,57.245939816196646
13,7,57.71254086078107
13,8,171.21913862529757
13,9,57.17980165112908
13,10,57.25045647658111
13,11,57.24798998787045
13,12,114.30510515008109
13,13,0.0
13,15,114.47402466315668
13,16,114.86802602009843
13,17,57.430726790369846
13,18,57.23649997624185
13,19,114.4729999524837
13,20,171.2815904943663
13,21,57.16945938019581
13,22,57.152552575040545
13,23,57.591709395158205
13,24,57.41291642767004
13,25,57.66604373852111
13,26,57.18478230518849
13,27,114.30510515008109
13,28,57.25831119359292
13,29,57.18478230518849
13,30,57.55859610760788
13,31,114.4729999524837
13,32,57.1866998457853
13,33,57.37352652721217
13,34,57.61700778156528
13,35,57.40219198751652
13,36,57.7664463980472
13,37,57.6556295040476
15,0,57.72639766313216
15,1,57.68469534598837
15,2,57.4921375627295
15,3,57.730224707007984
15,4,57.38646892128103
15,5,57.45996836082997
15,6,57.24696452686963
15,7,57.43951246951342
15,8,171.11502974710552
15,9,57.487217436918506
15,10,57.25148118725409
15,11,57.24901469854344
15,12,114.20099627188904
15,13,114.47402466315668
15,15,0.0
15,16,114.86905073077142
15,17,57.73814257615927
15,18,57.23752468691484
15,19,114.47402466315668
15,20,171.17748161617425
15,21,57.476875165985234
15,22,57.45996836082997
15,23,57.59273410583119
15,24,57.13988803640239
15,25,57.39301534725346
15,26,57.492198090977915
15,27,114.61252093587052
15,28,57.25933590426591
15,29,57.492198090977915
15,30,57.55962081828087
15,31,114.47402466315668
15,32,57.49411563157472
15,33,57.10049813594452
15,34,57.343979390297626
15,35,57.70960777330594
15,36,57.49341800677955
15,37,57.65665421472058
16,0,58.394452122014535
16,1,58.35274980487074
16,2,58.16019202161188
16,3,58.39827916589036
16,4,58.0545233801634
16,5,58.12802281971234
16,6,57.64096588381136
16,7,58.10756692839579
16,8,171.7830842059879
16,9,58.15527189580088
16,10,57.64548254419583
16,11,57.64301605548517
16,12,114.86905073077142
16,13,114.86802602009843
16,15,114.86905073077142
16,16,0.0
16,17,58.40619703504164
16,18,57.631526043856574
16,19,114.86802602009843
16,20,171.84553607505663
16,21,58.14492962486761
16,22,58.12802281971234
16,23,57.342543200040865
16,24,57.80794249528476
16,25,58.06106980613583
16,26,58.16025254986029
16,27,115.28057539475289
16,28,57.65333726120764
16,29,58.16025254986029
16,30,57.30942991249054
16,31,114.86802602009843
16,32,58.162170090457096
16,33,57.76855259482689
16,34,58.01203384918
16,35,58.377662232188314
16,36,58.16147246566192
16,37,57.40646330893026
17,0,0.045324692679551117
17,1,0.5029012004876978
17,2,0.3103434172288368
17,3,0.049151736555371986
17,4,0.9236152255512591
17,5,0.27817421532929987
17,6,0.7841108311398621
17,7,0.9766587737836456
17,8,114.34476026558633
17,9,0.30542329141783836
17,10,0.7886274915243253
17,11,0.7861610028136669
17,12,57.430726790369846
17,13,57.430726790369846
17,15,57.73814257615927
17,16,58.40619703504164
17,17,0.0
17,18,0.774670991185069
17,19,58.01117096742692
17,20,114.40721213465507
17,21,0.2950810204845625
17,22,0.27817421532929987
17,23,1.1298804101014206
17,24,0.6770343406726189
17,25,0.9301616515236917
17,26,0.3104039454772432
17,27,57.430726790369846
17,28,0.7964822085361362
17,29,0.3104039454772432
17,30,1.0967671225510967
17,31,58.01117096742692
17,32,0.31232148607405547
17,33,0.6376444402147488
17,34,0.8811256945678546
17,35,0.028534802853327275
17,36,1.0305643110497795
17,37,1.1938005189908143
18,0,0.7629260781579655
18,1,0.721223761014167
18,2,0.528665977755306
18,3,0.7667531220337864
18,4,0.4229973363068307
18,5,0.4964967758557691
18,6,0.009439839954793076
18,7,0.4760408845392171
18,8,114.15155816213132
18,9,0.5237458519443076
18,10,0.013956500339256363
18,11,0.011490011628597818
18,12,57.23752468691484
18,13,57.23649997624185
18,15,57.23752468691484
18,16,57.631526043856574
18,17,0.774670991185069
18,18,0.0
18,19,57.23649997624185
18,20,114.21401003120006
18,21,0.5134035810110317
18,22,0.4964967758557691
18,23,0.3552094189163517
18,24,0.17641645142819046
18,25,0.4295437622792632
18,26,0.5287265060037124
18,27,57.64904935089631
18,28,0.021811217351067117
18,29,0.5287265060037124
18,30,0.32209613136602777
18,31,57.23649997624185
18,32,0.5306440466005247
18,33,0.13702655097032027
18,34,0.38050780532342615
18,35,0.7461361883317417
18,36,0.5299464218053511
18,37,0.4191295278057454
19,0,57.99942605439981
19,1,57.95772373725602
19,2,57.765165953997155
19,3,58.003253098275636
19,4,57.65949731254868
19,5,57.73299675209762
19,6,57.245939816196646
19,7,57.71254086078107
19,8,171.38805813837317
19,9,57.76024582818616
19,10,57.25045647658111
19,11,57.24798998787045
19,12,114.47402466315668
19,13,114.4729999524837
19,15,114.47402466315668
19,16,114.86802602009843
19,17,58.01117096742692
19,18,57.23649997624185
19,19,0.0
19,20,171.45051000744192
19,21,57.749903557252885
19,22,57.73299675209762
19,23,57.591709395158205
19,24,57.41291642767004
19,25,57.66604373852111
19,26,57.765226482245566
19,27,114.88554932713816
19,28,57.25831119359292
19,29,57.765226482245566
19,30,57.55859610760788
19,31,114.4729999524837
19,32,57.76714402284237
19,33,57.37352652721217
19,34,57.61700778156528
19,35,57.98263616457359
19,36,57.7664463980472
19,37,57.6556295040476
20,0,114.39546722162797
20,1,114.35376490448417
20,2,114.1612071212253
20,3,114.39929426550378
20,4,114.36295426556624
20,5,114.12903791932577
20,6,114.22344987115486
20,7,114.41599781379864
20,8,113.8905188195017
20,9,114.1562869954143
20,10,114.22796653153932
20,11,114.22550004282866
20,12,56.97648534428522
20,13,171.2815904943663
20,15,171.17748161617425
20,16,171.84553607505663
20,17,114.40721213465507
20,18,114.21401003120006
20,19,171.45051000744192
20,20,0.0
20,21,114.14594472448103
20,22,114.12903791932577
20,23,114.56921945011642
20,24,114.11637338068762
20,25,114.36950069153868
20,26,114.16126764947371
20,27,171.2815904943663
20,28,114.23582124855113
20,29,114.16126764947371
20,30,114.53610616256609
20,31,171.45051000744192
20,32,114.16318519007052
20,33,114.07698348022974
20,34,114.32046473458284
20,35,114.37867733180174
20,36,114.46990335106477
20,37,114.63313955900581
21,0,0.2833361074574591
21,1,0.24163379031366047
21,2,0.04907600705479948
21,3,0.2871631513332799
21,4,0.6623478153772218
21,5,0.016906805155262578
21,6,0.5228434209658248
21,7,0.7153913636096083
21,8,114.08349285541229
21,9,0.0441558812438011
21,10,0.5273600813502881
21,11,0.5248935926396295
21,12,57.16945938019581
21,13,57.16945938019581
21,15,57.476875165985234
21,16,58.14492962486761
21,17,0.2950810204845625
21,18,0.5134035810110317
21,19,57.749903557252885
21,20,114.14594472448103
21,21,0.0
21,22,0.016906805155262578
21,23,0.8686129999273834
21,24,0.4157669304985816
21,25,0.6688942413496544
21,26,0.049136535303205886
21,27,57.16945938019581
21,28,0.5352147983620988
21,29,0.049136535303205886
21,30,0.8354997123770594
21,31,57.749903557252885
21,32,0.05105407590001815
21,33,0.37637703004071144
21,34,0.6198582843938173
21,35,0.2665462176312352
21,36,0.7692969008757422
21,37,0.9325331088167771
22,0,0.2664293023021964
22,1,0.2247269851583979
22,2,0.032169201899536905
22,3,0.2702563461780173
22,4,0.6454410102219592
22,5,0.0
22,6,0.5059366158105622
22,7,0.6984845584543458
22,8,114.06658605025703
22,9,0.02724907608853852
22,10,0.5104532761950255
22,11,0.5079867874843669
22,12,57.152552575040545
22,13,57.152552575040545
22,15,57.45996836082997
22,16,58.12802281971234
22,17,0.27817421532929987
22,18,0.4964967758557691
22,19,57.73299675209762
22,20,114.12903791932577
22,21,0.016906805155262578
22,22,0.0
22,23,0.8517061947721207
22,24,0.398860125343319
22,25,0.6519874361943918
22,26,0.03222973014794331
22,27,57.152552575040545
22,28,0.5183079932068362
22,29,0.03222973014794331
22,30,0.8185929072217968
22,31,57.73299675209762
22,32,0.03414727074475557
22,33,0.35947022488544883
22,34,0.6029514792385547
22,35,0.2496394124759726
22,36,0.7523900957204797
22,37,0.9156263036615144
23,0,1.1181354970743171
23,1,1.0764331799305187
23,2,0.8838753966716577
23,3,1.1219625409501381
23,4,0.7782067552231823
23,5,0.8517061947721207
23,6,0.3646492588711448
23,7,0.8312503034555688
23,8,114.50676758104768
23,9,0.8789552708606593
23,10,0.3691659192556081
23,11,0.3666994305449495
23,12,57.59273410583119
23,13,57.591709395158205
23,15,57.59273410583119
23,16,57.342543200040865
23,17,1.1298804101014206
23,18,0.3552094189163517
23,19,57.591709395158205
23,20,114.56921945011642
23,21,0.8686129999273834
23,22,0.8517061947721207
23,23,0.0
23,24,0.5316258703445421
23,25,0.7847531811956149
23,26,0.8839359249200641
23,27,58.004258769812665
23,28,0.37702063626741883
23,29,0.8839359249200641
23,30,0.033113287550323924
23,31,57.591709395158205
23,32,0.8858534655168764
23,33,0.49223596988667195
23,34,0.7357172242397778
23,35,1.1013456072480934
23,36,0.8851558407217027
23,37,0.1301466839900416
24,0,0.6652894276455155
24,1,0.6235871105017169
24,2,0.4310293272428559
24,3,0.6691164715213364
24,4,0.3253606857943806
24,5,0.398860125343319
24,6,0.18585629138298354
24,7,0.37840423402676704
24,8,114.05392151161888
24,9,0.4261092014318575
24,10,0.1903729517674468
24,11,0.18790646305678826
24,12,57.13988803640239
24,13,57.41291642767004
24,15,57.13988803640239
24,16,57.80794249528476
24,17,0.6770343406726189
24,18,0.17641645142819046
24,19,57.41291642767004
24,20,114.11637338068762
24,21,0.4157669304985816
24,22,0.398860125343319
24,23,0.5316258703445421
24,24,0.0
24,25,0.33190711176681315
24,26,0.43108985549126233
24,27,57.551412700383864
24,28,0.19822766877925757
24,29,0.43108985549126233
24,30,0.4985125827942182
24,31,57.41291642767004
24,32,0.4330073960880746
24,33,0.039389900457870185
24,34,0.2828711548109761
24,35,0.6484995378192916
24,36,0.43230977129290105
24,37,0.5955459792339358
25,0,0.9184167384965882
25,1,0.8767144213527897
25,2,0.6841566380939287
25,3,0.9222437823724091
25,4,0.09152548793924159
25,5,0.6519874361943918
25,6,0.4389836022340563
25,7,0.14456903617162806
25,8,114.30704882246994
25,9,0.6792365122829302
25,10,0.4435002626185196
25,11,0.441033773907861
25,12,57.39301534725346
25,13,57.66604373852111
25,15,57.39301534725346
25,16,58.06106980613583
25,17,0.9301616515236917
25,18,0.4295437622792632
25,19,57.66604373852111
25,20,114.36950069153868
25,21,0.6688942413496544
25,22,0.6519874361943918
25,23,0.7847531811956149
25,24,0.33190711176681315
25,25,0.0
25,26,0.6842171663423351
25,27,57.804540011234934
25,28,0.45135497963033033
25,29,0.6842171663423351
25,30,0.7516398936452909
25,31,57.66604373852111
25,32,0.6861347069391474
25,33,0.292517211308943
25,34,0.04903595695583708
25,35,0.9016268486703644
25,36,0.19847457343776204
25,37,0.8486732900850086
26,0,0.2986590324501398
26,1,0.25695671530634123
26,2,0.0643989320474802
26,3,0.30248607632596064
26,4,0.6776707403699025
26,5,0.03222973014794331
26,6,0.5381663459585055
26,7,0.730714288602289
26,8,114.09881578040498
26,9,0.05947880623648183
26,10,0.5426830063429688
26,11,0.5402165176323103
26,12,57.18478230518849
26,13,57.18478230518849
26,15,57.492198090977915
26,16,58.16025254986029
26,17,0.3104039454772432
26,18,0.5287265060037124
26,19,57.765226482245566
26,20,114.16126764947371
26,21,0.049136535303205886
26,22,0.03222973014794331
26,23,0.8839359249200641
26,24,0.43108985549126233
26,25,0.6842171663423351
26,26,0.0
26,27,57.18478230518849
26,28,0.5505377233547796
26,29,0.06445946029588662
26,30,0.8508226373697402
26,31,57.765226482245566
26,32,0.06637700089269888
26,33,0.39169995503339217
26,34,0.635181209386498
26,35,0.28186914262391594
26,36,0.7846198258684229
26,37,0.9478560338094578
27,0,57.41898187734274
27,1,57.37727956019894
27,2,57.18472177694008
27,3,57.42280892121856
27,4,57.7979935852625
27,5,57.152552575040545
27,6,57.65848919085111
27,7,57.85103713349489
27,8,171.21913862529757
27,9,57.17980165112908
27,10,57.66300585123557
27,11,57.660539362524915
27,12,114.30510515008109
27,13,114.30510515008109
27,15,114.61252093587052
27,16,115.28057539475289
27,17,57.430726790369846
27,18,57.64904935089631
27,19,114.88554932713816
27,20,171.2815904943663
27,21,57.16945938019581
27,22,57.152552575040545
27,23,58.004258769812665
27,24,57.551412700383864
27,25,57.804540011234934
27,26,57.18478230518849
27,27,0.0
27,28,57.670860568247384
27,29,57.18478230518849
27,30,57.971145482262344
27,31,114.88554932713816
27,32,57.1866998457853
27,33,57.512022799925994
27,34,57.7555040542791
27,35,57.40219198751652
27,36,57.904942670761024
27,37,58.06817887870206
28,0,0.7847372955090327
28,1,0.7430349783652341
28,2,0.5504771951063732
28,3,0.7885643393848536
28,4,0.4448085536578978
28,5,0.5183079932068362
28,6,0.0312510573058602
28,7,0.4978521018902842
28,8,114.1733693794824
28,9,0.5455570692953747
28,10,0.03576771769032348
28,11,0.033301228979664935
28,12,57.25933590426591
28,13,57.25831119359292
28,15,57.25933590426591
28,16,57.65333726120764
28,17,0.7964822085361362
28,18,0.021811217351067117
28,19,57.25831119359292
28,20,114.23582124855113
28,21,0.5352147983620988
28,22,0.5183079932068362
28,23,0.37702063626741883
28,24,0.19822766877925757
28,25,0.45135497963033033
28,26,0.5505377233547796
28,27,57.670860568247384
28,28,0.0
28,29,0.5505377233547796
28,30,0.3439073487170949
28,31,57.25831119359292
28,32,0.5524552639515918
28,33,0.15883776832138738
28,34,0.40231902267449327
28,35,0.7679474056828088
28,36,0.5517576391564182
28,37,0.4409407451568126
29,0,0.2986590324501398
29,1,0.25695671530634123
29,2,0.0643989320474802
29,3,0.30248607632596064
29,4,0.6776707403699025
29,5,0.03222973014794331
29,6,0.5381663459585055
29,7,0.730714288602289
29,8,114.09881578040498
29,9,0.05947880623648183
29,10,0.5426830063429688
29,11,0.5402165176323103
29,12,57.18478230518849
29,13,57.18478230518849
29,15,57.492198090977915
29,16,58.16025254986029
29,17,0.3104039454772432
29,18,0.5287265060037124
29,19,57.765226482245566
29,20,114.16126764947371
29,21,0.049136535303205886
29,22,0.03222973014794331
29,23,0.8839359249200641
29,24,0.43108985549126233
29,25,0.6842171663423351
29,26,0.06445946029588662
29,27,57.18478230518849
29,28,0.5505377233547796
29,29,0.0
29,30,0.8508226373697402
29,31,57.765226482245566
29,32,0.06637700089269888
29,33,0.39169995503339217
29,34,0.635181209386498
29,35,0.28186914262391594
29,36,0.7846198258684229
29,37,0.9478560338094578
30,0,1.0850222095239932
30,1,1.0433198923801947
30,2,0.8507621091213338
30,3,1.0888492533998142
30,4,0.7450934676728583
30,5,0.8185929072217968
30,6,0.33153597132082085
30,7,0.7981370159052449
30,8,114.47365429349735
30,9,0.8458419833103353
30,10,0.33605263170528415
30,11,0.3335861429946256
30,12,57.55962081828087
30,13,57.55859610760788
30,15,57.55962081828087
30,16,57.30942991249054
30,17,1.0967671225510967
30,18,0.32209613136602777
30,19,57.55859610760788
30,20,114.53610616256609
30,21,0.8354997123770594
30,22,0.8185929072217968
30,23,0.033113287550323924
30,24,0.4985125827942182
30,25,0.7516398936452909
30,26,0.8508226373697402
30,27,57.971145482262344
30,28,0.3439073487170949
30,29,0.8508226373697402
30,30,0.0
30,31,57.55859610760788
30,32,0.8527401779665524
30,33,0.459122682336348
30,34,0.7026039366894539
30,35,1.0682323196977694
30,36,0.8520425531713788
30,37,0.09703339643971767
31,0,57.99942605439981
31,1,57.95772373725602
31,2,57.765165953997155
31,3,58.003253098275636
31,4,57.65949731254868
31,5,57.73299675209762
31,6,57.245939816196646
31,7,57.71254086078107
31,8,171.38805813837317
31,9,57.76024582818616
31,10,57.25045647658111
31,11,57.24798998787045
31,12,114.47402466315668
31,13,114.4729999524837
31,15,114.47402466315668
31,16,114.86802602009843
31,17,58.01117096742692
31,18,57.23649997624185
31,19,114.4729999524837
31,20,171.45051000744192
31,21,57.749903557252885
31,22,57.73299675209762
31,23,57.591709395158205
31,24,57.41291642767004
31,25,57.66604373852111
31,26,57.765226482245566
31,27,114.88554932713816
31,28,57.25831119359292
31,29,57.765226482245566
31,30,57.55859610760788
31,31,0.0
31,32,57.76714402284237
31,33,57.37352652721217
31,34,57.61700778156528
31,35,57.98263616457359
31,36,57.7664463980472
31,37,57.6556295040476
32,0,0.30057657304695207
32,1,0.2588742559031535
32,2,0.06631647264429247
32,3,0.3044036169227729
32,4,0.6795882809667148
32,5,0.03414727074475557
32,6,0.5400838865553178
32,7,0.7326318291991013
32,8,114.10073332100177
32,9,0.06139634683329409
32,10,0.544600546939781
32,11,0.5421340582291225
32,12,57.1866998457853
32,13,57.1866998457853
32,15,57.49411563157472
32,16,58.162170090457096
32,17,0.31232148607405547
32,18,0.5306440466005247
32,19,57.76714402284237
32,20,114.16318519007052
32,21,0.05105407590001815
32,22,0.03414727074475557
32,23,0.8858534655168764
32,24,0.4330073960880746
32,25,0.6861347069391474
32,26,0.06637700089269888
32,27,57.1866998457853
32,28,0.5524552639515918
32,29,0.06637700089269888
32,30,0.8527401779665524
32,31,57.76714402284237
32,32,0.0
32,33,0.39361749563020443
32,34,0.6370987499833103
32,35,0.2837866832207282
32,36,0.7865373664652352
32,37,0.9497735744062701
33,0,0.6258995271876453
33,1,0.5841972100438467
33,2,0.39163942678498576
33,3,0.6297265710634662
33,4,0.2859707853365104
33,5,0.35947022488544883
33,6,0.14646639092511335
33,7,0.3390143335688969
33,8,114.014531611161
33,9,0.3867193009739873
33,10,0.15098305130957662
33,11,0.14851656259891807
33,12,57.10049813594452
33,13,57.37352652721217
33,15,57.10049813594452
33,16,57.76855259482689
33,17,0.6376444402147488
33,18,0.13702655097032027
33,19,57.37352652721217
33,20,114.07698348022974
33,21,0.37637703004071144
33,22,0.35947022488544883
33,23,0.49223596988667195
33,24,0.039389900457870185
33,25,0.292517211308943
33,26,0.39169995503339217
33,27,57.512022799925994
33,28,0.15883776832138738
33,29,0.39169995503339217
33,30,0.459122682336348
33,31,57.37352652721217
33,32,0.39361749563020443
33,33,0.0
33,34,0.24348125435310589
33,35,0.6091096373614214
33,36,0.3929198708350308
33,37,0.5561560787760657
34,0,0.8693807815407512
34,1,0.8276784643969526
34,2,0.6351206811380916
34,3,0.873207825416572
34,4,0.04248953098340451
34,5,0.6029514792385547
34,6,0.38994764527821923
34,7,0.09553307921579098
34,8,114.2580128655141
34,9,0.6302005553270932
34,10,0.39446430566268254
34,11,0.39199781695202396
34,12,57.343979390297626
34,13,57.61700778156528
34,15,57.343979390297626
34,16,58.01203384918
34,17,0.8811256945678546
34,18,0.38050780532342615
34,19,57.61700778156528
34,20,114.32046473458284
34,21,0.6198582843938173
34,22,0.6029514792385547
34,23,0.7357172242397778
34,24,0.2828711548109761
34,25,0.04903595695583708
34,26,0.635181209386498
34,27,57.7555040542791
34,28,0.40231902267449327
34,29,0.635181209386498
34,30,0.7026039366894539
34,31,57.61700778156528
34,32,0.6370987499833103
34,33,0.24348125435310589
34,34,0.0
34,35,0.8525908917145273
34,36,0.14943861648192494
34,37,0.7996373331291715
35,0,0.01678988982622384
35,1,0.4743663976343705
35,2,0.2818086143755095
35,3,0.02061693370204471
35,4,0.8950804226979318
35,5,0.2496394124759726
35,6,0.7555760282865348
35,7,0.9481239709303183
35,8,114.316225462733
35,9,0.2768884885645111
35,10,0.760092688670998
35,11,0.7576261999603395
35,12,57.40219198751652
35,13,57.40219198751652
35,15,57.70960777330594
35,16,58.377662232188314
35,17,0.028534802853327275
35,18,0.7461361883317417
35,19,57.98263616457359
35,20,114.37867733180174
35,21,0.2665462176312352
35,22,0.2496394124759726
35,23,1.1013456072480934
35,24,0.6484995378192916
35,25,0.9016268486703644
35,26,0.28186914262391594
35,27,57.40219198751652
35,28,0.7679474056828088
35,29,0.28186914262391594
35,30,1.0682323196977694
35,31,57.98263616457359
35,32,0.2837866832207282
35,33,0.6091096373614214
35,34,0.8525908917145273
35,35,0.0
35,36,1.0020295081964523
35,37,1.165265716137487
36,0,1.018819398022676
36,1,0.9771170808788775
36,2,0.7845592976200165
36,3,1.022646441898497
36,4,0.19192814746532944
36,5,0.7523900957204797
36,6,0.5393862617601441
36,7,0.24497169569771593
36,8,114.40745148199603
36,9,0.7796391718090181
36,10,0.5439029221446074
36,11,0.5414364334339489
36,12,57.49341800677955
36,13,57.7664463980472
36,15,57.49341800677955
36,16,58.16147246566192
36,17,1.0305643110497795
36,18,0.5299464218053511
36,19,57.7664463980472
36,20,114.46990335106477
36,21,0.7692969008757422
36,22,0.7523900957204797
36,23,0.8851558407217027
36,24,0.43230977129290105
36,25,0.19847457343776204
36,26,0.7846198258684229
36,27,57.904942670761024
36,28,0.5517576391564182
36,29,0.7846198258684229
36,30,0.8520425531713788
36,31,57.7664463980472
36,32,0.7865373664652352
36,33,0.3929198708350308
36,34,0.14943861648192494
36,35,1.0020295081964523
36,36,0.0
36,37,0.9490759496110964
37,0,1.1820556059637108
37,1,1.1403532888199124
37,2,0.9477955055610514
37,3,1.1858826498395318
37,4,0.842126864112576
37,5,0.9156263036615144
37,6,0.42856936776053856
37,7,0.8951704123449625
37,8,114.57068768993707
37,9,0.942875379750053
37,10,0.43308602814500186
37,11,0.4306195394343433
37,12,57.65665421472058
37,13,57.6556295040476
37,15,57.65665421472058
37,16,57.40646330893026
37,17,1.1938005189908143
37,18,0.4191295278057454
37,19,57.6556295040476
37,20,114.63313955900581
37,21,0.9325331088167771
37,22,0.9156263036615144
37,23,0.1301466839900416
37,24,0.5955459792339358
37,25,0.8486732900850086
37,26,0.9478560338094578
37,27,58.06817887870206
37,28,0.4409407451568126
37,29,0.9478560338094578
37,30,0.09703339643971767
37,31,57.6556295040476
37,32,0.9497735744062701
37,33,0.5561560787760657
37,34,0.7996373331291715
37,35,1.165265716137487
37,36,0.9490759496110964
37,37,0.0
