source_id,target_id,rtt
0,0,0.0
0,1,0.9778942397712787
0,2,2.6114215521067576
0,3,0.6970540389111375
0,4,1.3622742559730665
0,5,1.4760832415937213
0,6,0.9251647097140545
0,7,1.066559620971126
0,8,1.003378099683746
0,9,1.249237456602539
0,10,1.427007590607477
0,11,2.4494543083268145
0,12,1.5508409249057897
0,13,1.2100378802685592
0,14,2.1677769408445653
0,15,2.015252983994188
0,16,1.6813343068409299
0,17,1.6128124601543767
0,18,1.4225310833138083
0,19,1.570739872909644
0,20,1.6082792916398296
0,21,1.6134191758948448
0,22,1.1232672684030525
0,23,1.2834998154516344
0,24,1.0953946372882288
0,25,1.4277199396304312
0,26,2.4156114546100076
0,27,0.6198806852706948
0,28,1.0006130316025958
0,29,0.8317960820127619
0,30,0.3914223187607399
0,31,2.298812513831989
0,32,2.0410336081167157
0,33,2.4337821266979054
0,34,2.338644083989115
0,35,0.5032555073467104
0,36,0.5975705816582292
0,37,0.8893807570121295
0,38,0.6632605818064217
0,39,0.576014938541143
0,40,0.9935263385896396
0,41,1.8021465204565617
0,42,0.7991301569949916
0,43,1.023785696445762
0,44,0.5443589601090159
0,45,67.38669989555277
0,46,0.9361918591258616
0,47,1.1088249963042307
0,48,0.9052562954042038
0,49,0.5966825516479481
0,50,0.9693069474482912
0,51,1.3724730671609615
0,52,1.9397805299264739
0,53,1.005598053854168
0,54,1.1071515113734347
0,55,0.5863609998167235
0,56,0.7409812019265571
0,57,1.060571152648592
0,58,0.7353291084405366
0,59,2.1527305590543038
0,60,2.056058309090052
0,61,2.317509985967192
0,62,2.57996876385622
0,63,2.601079269479787
0,64,2.7592911846087085
0,65,2.7034914594841584
0,66,2.667616701996167
0,67,2.7699505702627176
0,68,2.976508703647603
1,0,0.9778942397712787
1,1,0.0
1,2,2.8064711543565566
1,3,0.8921036411609362
1,4,0.741908181754362
1,5,1.67113284384352
1,6,0.052729530057224194
1,7,0.4461935467524217
1,8,1.1984277019335448
1,9,1.444287058852338
1,10,1.6220571928572758
1,11,2.6445039105766135
1,12,1.7458905271555885
1,13,1.4050874825183581
1,14,2.3628265430943642
1,15,2.210302586243987
1,16,1.8763839090907286
1,17,1.8078620624041755
1,18,1.617580685563607
1,19,1.7657894751594427
1,20,1.8033288938896284
1,21,1.8084687781446436
1,22,1.3183168706528512
1,23,1.4785494177014333
1,24,1.2904442395380278
1,25,1.62276954188023
1,26,2.6106610568598065
1,27,0.8149302875204936
1,28,1.1956626338523948
1,29,1.0268456842625606
1,30,0.5864719210105387
1,31,2.4938621160817878
1,32,2.2360832103665147
1,33,2.6288317289477043
1,34,2.533693686238914
1,35,0.6983051095965092
1,36,0.38341869532803086
1,37,1.0844303592619284
1,38,0.8583101840562206
1,39,0.771064540790942
1,40,1.1885759408394383
1,41,1.9971961227063606
1,42,0.17876408277628714
1,43,0.4034196222270575
1,44,0.7394085623588147
1,45,67.58174949780255
1,46,0.3158257849071572
1,47,1.3038745985540294
1,48,1.1003058976540026
1,49,0.7917321538977469
1,50,1.1643565496980899
1,51,1.5675226694107602
1,52,2.1348301321762726
1,53,1.2006476561039667
1,54,1.3022011136232334
1,55,0.7814106020665224
1,56,0.24000807505970284
1,57,0.18813597299176146
1,58,0.9303787106903354
1,59,2.3477801613041027
1,60,2.2511079113398513
1,61,2.512559588216991
1,62,2.775018366106019
1,63,2.796128871729586
1,64,2.9543407868585074
1,65,2.8985410617339573
1,66,2.862666304245966
1,67,2.9650001725125166
1,68,3.1715583058974017
2,0,2.6114215521067576
2,1,2.8064711543565566
2,2,0.0
2,3,2.525630953496415
2,4,3.190851170558344
2,5,3.3046601561789988
2,6,2.753741624299332
2,7,2.8951365355564036
2,8,2.831955014269024
2,9,3.077814371187817
2,10,3.255584505192755
2,11,4.278031222912093
2,12,3.3794178394910674
2,13,3.0386147948538373
2,14,3.9963538554298434
2,15,3.843829898579466
2,16,3.509911221426208
2,17,3.4413893747396544
2,18,3.251107997899086
2,19,3.3993167874949215
2,20,3.4368562062251073
2,21,3.4419960904801226
2,22,2.95184418298833
2,23,3.1120767300369123
2,24,2.9239715518735068
2,25,3.2562968542157087
2,26,4.244188369195285
2,27,2.4484575998559723
2,28,2.829189946187874
2,29,2.66037299659804
2,30,2.2199992333460177
2,31,4.127389428417267
2,32,3.8696105227019935
2,33,4.262359041283184
2,34,4.167220998574393
2,35,2.3318324219319884
2,36,2.426147496243507
2,37,2.717957671597407
2,38,2.4918374963916996
2,39,2.404591853126421
2,40,2.8221032531749173
2,41,3.6307234350418396
2,42,2.6277070715802693
2,43,2.85236261103104
2,44,2.3729358746942935
2,45,69.21527681013804
2,46,2.7647687737111393
2,47,2.937401910889508
2,48,2.7338332099894815
2,49,2.425259466233226
2,50,2.7978838620335686
2,51,3.2010499817462392
2,52,3.768357444511752
2,53,2.8341749684394455
2,54,2.9357284259587124
2,55,2.4149379144020013
2,56,2.569558116511835
2,57,2.8891480672338696
2,58,2.5639060230258144
2,59,3.9813074736395815
2,60,3.88463522367533
2,61,4.14608690055247
2,62,4.408545678441498
2,63,4.429656184065064
2,64,4.587868099193986
2,65,4.5320683740694365
2,66,4.496193616581445
2,67,4.598527484847995
2,68,4.805085618232881
3,0,0.6970540389111375
3,1,0.8921036411609362
3,2,2.525630953496415
3,3,0.0
3,4,1.276483657362724
3,5,1.3902926429833788
3,6,0.8393741111037121
3,7,0.9807690223607837
3,8,0.9175875010734036
3,9,1.1634468579921968
3,10,1.3412169919971346
3,11,2.363663709716472
3,12,1.4650503262954473
3,13,1.124247281658217
3,14,2.081986342234223
3,15,1.9294623853838457
3,16,1.5955437082305874
3,17,1.5270218615440343
3,18,1.3367404847034658
3,19,1.4849492742993016
3,20,1.5224886930294872
3,21,1.5276285772845024
3,22,1.03747666979271
3,23,1.1977092168412922
3,24,1.0096040386778866
3,25,1.3419293410200888
3,26,2.329820855999665
3,27,0.5340900866603524
3,28,0.9148224329922535
3,29,0.7460054834024195
3,30,0.3056317201503975
3,31,2.2130219152216464
3,32,1.9552430095063735
3,33,2.347991528087563
3,34,2.2528534853787727
3,35,0.417464908736368
3,36,0.5117799830478869
3,37,0.8035901584017872
3,38,0.5774699831960793
3,39,0.4902243399308007
3,40,0.9077357399792972
3,41,1.7163559218462194
3,42,0.7133395583846491
3,43,0.9379950978354195
3,44,0.4585683614986735
3,45,67.30090929694242
3,46,0.8504012605155191
3,47,1.0230343976938883
3,48,0.8194656967938614
3,49,0.5108919530376057
3,50,0.8835163488379487
3,51,1.286682468550619
3,52,1.8539899313161314
3,53,0.9198074552438256
3,54,1.0213609127630923
3,55,0.5005704012063812
3,56,0.6551906033162148
3,57,0.9747805540382494
3,58,0.6495385098301942
3,59,2.0669399604439613
3,60,1.9702677104797097
3,61,2.2317193873568497
3,62,2.4941781652458777
3,63,2.5152886708694444
3,64,2.673500585998366
3,65,2.617700860873816
3,66,2.5818261033858247
3,67,2.684159971652375
3,68,2.8907181050372603
4,0,1.3622742559730665
4,1,0.741908181754362
4,2,3.190851170558344
4,3,1.276483657362724
4,4,0.0
4,5,2.0555128600453076
4,6,0.6891786516971378
4,7,0.2957146350019403
4,8,1.5828077181353326
4,9,1.8286670750541258
4,10,2.0064372090590634
4,11,3.028883926778401
4,12,2.1302705433573763
4,13,1.7894674987201458
4,14,2.747206559296152
4,15,2.5946826024457748
4,16,2.2607639252925162
4,17,2.1922420786059633
4,18,2.0019607017653946
4,19,2.1501694913612304
4,20,2.187708910091416
4,21,2.1928487943464314
4,22,1.702696886854639
4,23,1.8629294339032212
4,24,1.6748242557398156
4,25,2.0071495580820176
4,26,2.995041073061594
4,27,1.1993103037222812
4,28,1.5800426500541827
4,29,1.4112257004643483
4,30,0.9708519372123264
4,31,2.8782421322835754
4,32,2.6204632265683023
4,33,3.013211745149492
4,34,2.9180737024407017
4,35,1.0826851257982968
4,36,0.7677987115298185
4,37,1.468810375463716
4,38,1.2426902002580082
4,39,1.1554445569927296
4,40,1.5729559570412261
4,41,2.3815761389081485
4,42,0.5631440989780748
4,43,0.7877996384288452
4,44,1.1237885785606023
4,45,67.96612951400434
4,46,0.7002058011089449
4,47,1.6882546147558173
4,48,1.4846859138557904
4,49,1.1761121700995347
4,50,1.5487365658998775
4,51,1.951902685612548
4,52,2.5192101483780602
4,53,1.5850276723057546
4,54,1.6865811298250213
4,55,1.1657906182683102
4,56,0.6243880912614905
4,57,0.8245850946316751
4,58,1.3147587268921233
4,59,2.7321601775058904
4,60,2.635487927541639
4,61,2.8969396044187787
4,62,3.1593983823078067
4,63,3.1805088879313734
4,64,3.338720803060295
4,65,3.282921077935745
4,66,3.2470463204477538
4,67,3.349380188714304
4,68,3.5559383220991894
5,0,1.4760832415937213
5,1,1.67113284384352
5,2,3.3046601561789988
5,3,1.3902926429833788
5,4,2.0555128600453076
5,5,0.0
5,6,1.6184033137862959
5,7,1.7597982250433675
5,8,1.6966167037559874
5,9,1.9424760606747804
5,10,0.049075650986244224
5,11,3.142692912399056
5,12,2.244079528978031
5,13,1.9032764843408008
5,14,2.861015544916807
5,15,2.7084915880664298
5,16,2.3745729109131712
5,17,2.306051064226618
5,18,2.1157696873860496
5,19,2.2639784769818854
5,20,2.301517895712071
5,21,2.306657779967086
5,22,1.816505872475294
5,23,1.9767384195238757
5,24,1.7886332413604702
5,25,2.1209585437026726
5,26,3.1088500586822487
5,27,1.3131192893429362
5,28,1.6938516356748372
5,29,1.5250346860850033
5,30,1.0846609228329813
5,31,2.9920511179042304
5,32,2.7342722121889573
5,33,3.127020730770147
5,34,3.0318826880613567
5,35,1.1964941114189518
5,36,1.2908091857304707
5,37,1.5826193610843708
5,38,1.356499185878663
5,39,1.2692535426133844
5,40,1.6867649426618812
5,41,2.495385124528803
5,42,1.492368761067233
5,43,1.7170243005180033
5,44,1.2375975641812573
5,45,68.079938499625
5,46,1.629430463198103
5,47,1.802063600376472
5,48,1.5984948994764452
5,49,1.2899211557201895
5,50,1.6625455515205325
5,51,2.0657116712332027
5,52,2.6330191339987152
5,53,1.6988366579264094
5,54,1.800390115445676
5,55,1.279599603888965
5,56,1.4342198059987987
5,57,1.753809756720833
5,58,1.4285677125127778
5,59,2.8459691631265454
5,60,2.7492969131622935
5,61,3.0107485900394337
5,62,3.2732073679284612
5,63,3.294317873552028
5,64,3.4525297886809496
5,65,3.3967300635564
5,66,3.3608553060684088
5,67,3.463189174334959
5,68,3.6697473077198444
6,0,0.9251647097140545
6,1,0.052729530057224194
6,2,2.753741624299332
6,3,0.8393741111037121
6,4,0.6891786516971378
6,5,1.6184033137862959
6,6,0.0
6,7,0.3934640166951975
6,8,1.1456981718763206
6,9,1.3915575287951139
6,10,1.5693276628000516
6,11,2.5917743805193894
6,12,1.6931609970983643
6,13,1.352357952461134
6,14,2.31009701303714
6,15,2.157573056186763
6,16,1.8236543790335045
6,17,1.7551325323469513
6,18,1.5648511555063829
6,19,1.7130599451022186
6,20,1.7505993638324042
6,21,1.7557392480874194
6,22,1.265587340595627
6,23,1.4258198876442092
6,24,1.2377147094808036
6,25,1.5700400118230058
6,26,2.557931526802582
6,27,0.7622007574632694
6,28,1.1429331037951707
6,29,0.9741161542053365
6,30,0.5337423909533145
6,31,2.4411325860245636
6,32,2.1833536803092906
6,33,2.5761021988904798
6,34,2.48096415618169
6,35,0.645575579539285
6,36,0.3306891652708066
6,37,1.0317008292047043
6,38,0.8055806539989964
6,39,0.7183350107337177
6,40,1.1358464107822142
6,41,1.9444665926491365
6,42,0.12603455271906294
6,43,0.35069009216983327
6,44,0.6866790323015906
6,45,67.52901996774533
6,46,0.263096254849933
6,47,1.2511450684968053
6,48,1.0475763675967784
6,49,0.7390026238405227
6,50,1.1116270196408657
6,51,1.514793139353536
6,52,2.0821006021190485
6,53,1.1479181260467426
6,54,1.2494715835660093
6,55,0.7286810720092982
6,56,0.18727854500247865
6,57,0.13540644293453727
6,58,0.8776491806331113
6,59,2.2950506312468786
6,60,2.1983783812826267
6,61,2.459830058159767
6,62,2.7222888360487945
6,63,2.743399341672361
6,64,2.901611256801283
6,65,2.845811531676733
6,66,2.809936774188742
6,67,2.9122706424552924
6,68,3.1188287758401776
7,0,1.066559620971126
7,1,0.4461935467524217
7,2,2.8951365355564036
7,3,0.9807690223607837
7,4,0.2957146350019403
7,5,1.7597982250433675
7,6,0.3934640166951975
7,7,0.0
7,8,1.2870930831333922
7,9,1.5329524400521854
7,10,1.7107225740571232
7,11,2.733169291776461
7,12,1.834555908355436
7,13,1.4937528637182056
7,14,2.4514919242942117
7,15,2.2989679674438346
7,16,1.965049290290576
7,17,1.896527443604023
7,18,1.7062460667634545
7,19,1.8544548563592902
7,20,1.8919942750894758
7,21,1.897134159344491
7,22,1.4069822518526987
7,23,1.5672147989012808
7,24,1.3791096207378752
7,25,1.7114349230800774
7,26,2.6993264380596536
7,27,0.903595668720341
7,28,1.2843280150522423
7,29,1.115511065462408
7,30,0.6751373022103861
7,31,2.582527497281635
7,32,2.324748591566362
7,33,2.7174971101475514
7,34,2.6223590674387616
7,35,0.7869704907963566
7,36,0.4720840765278782
7,37,1.173095740461776
7,38,0.946975565256068
7,39,0.8597299219907893
7,40,1.2772413220392858
7,41,2.085861503906208
7,42,0.26742946397613454
7,43,0.49208500342690487
7,44,0.8280739435586622
7,45,67.6704148790024
7,46,0.4044911661070046
7,47,1.3925399797538769
7,48,1.18897127885385
7,49,0.8803975350975943
7,50,1.2530219308979373
7,51,1.6561880506106077
7,52,2.22349551337612
7,53,1.2893130373038142
7,54,1.390866494823081
7,55,0.8700759832663698
7,56,0.32867345625955025
7,57,0.5288704596297348
7,58,1.0190440918901829
7,59,2.43644554250395
7,60,2.3397732925396983
7,61,2.6012249694168386
7,62,2.863683747305866
7,63,2.884794252929433
7,64,3.0430061680583544
7,65,2.9872064429338048
7,66,2.9513316854458136
7,67,3.053665553712364
7,68,3.260223687097249
8,0,1.003378099683746
8,1,1.1984277019335448
8,2,2.831955014269024
8,3,0.9175875010734036
8,4,1.5828077181353326
8,5,1.6966167037559874
8,6,1.1456981718763206
8,7,1.2870930831333922
8,8,0.0
8,9,0.8059832961053456
8,10,1.6475410527697432
8,11,2.669987770489081
8,12,1.7713743870680558
8,13,1.4305713424308255
8,14,2.388310403006832
8,15,2.2357864461564545
8,16,1.2958053251656894
8,17,0.8490932055600191
8,18,0.9792769228166147
8,19,1.1274857124124504
8,20,1.8288127538020957
8,21,1.170165015397651
8,22,0.680013107905859
8,23,0.5197805608572771
8,24,1.3159280994504952
8,25,1.6482534017926973
8,26,2.636144916772274
8,27,0.840414147432961
8,28,1.2211464937648622
8,29,1.052329544175028
8,30,0.6119557809230061
8,31,2.5193459759942556
8,32,2.261567070278982
8,33,2.6543155888601717
8,34,2.5591775461513815
8,35,0.7237889695089765
8,36,0.8181040438204954
8,37,1.1099142191743956
8,38,0.8837940439686879
8,39,0.7965484007034093
8,40,1.2140598007519057
8,41,2.022679982618828
8,42,1.0196636191572577
8,43,1.244319158608028
8,44,0.7648924222712821
8,45,67.60723335771503
8,46,1.1567253212881277
8,47,0.301690505179569
8,48,0.09812180427954222
8,49,0.8172160138102142
8,50,1.1898404096105573
8,51,1.5930065293232276
8,52,2.1603139920887404
8,53,0.19846356272950638
8,54,0.3000170202487731
8,55,0.8068944619789897
8,56,0.9615146640888234
8,57,1.281104614810858
8,58,0.9558625706028028
8,59,2.37326402121657
8,60,2.2765917712523187
8,61,2.5380434481294585
8,62,2.8005022260184864
8,63,2.821612731642053
8,64,2.979824646770975
8,65,2.9240249216464247
8,66,2.8881501641584335
8,67,2.990484032424984
8,68,3.197042165809869
9,0,1.249237456602539
9,1,1.444287058852338
9,2,3.077814371187817
9,3,1.1634468579921968
9,4,1.8286670750541258
9,5,1.9424760606747804
9,6,1.3915575287951139
9,7,1.5329524400521854
9,8,0.8059832961053456
9,9,0.0
9,10,1.8934004096885362
9,11,2.915847127407874
9,12,2.017233743986849
9,13,1.6764306993496185
9,14,2.6341697599256246
9,15,2.4816458030752475
9,16,0.741762405459317
9,17,0.6155153799508106
9,18,0.4252340031102424
9,19,0.5734427927060781
9,20,2.074672110720889
9,21,0.6161220956912787
9,22,0.1259701881994866
9,23,0.28620273524806855
9,24,1.5617874563692882
9,25,1.8941127587114903
9,26,2.882004273691067
9,27,1.086273504351754
9,28,1.4670058506836552
9,29,1.2981889010938212
9,30,0.8578151378417992
9,31,2.765205332913048
9,32,2.507426427197775
9,33,2.9001749457789647
9,34,2.8050369030701745
9,35,0.9696483264277697
9,36,1.0639634007392884
9,37,1.3557735760931888
9,38,1.129653400887481
9,39,1.0424077576222024
9,40,1.459919157670699
9,41,2.2685393395376208
9,42,1.265522976076051
9,43,1.4901785155268212
9,44,1.010751779190075
9,45,67.85309271463382
9,46,1.402584678206921
9,47,0.9114301927258301
9,48,0.7078614918258034
9,49,1.0630753707290075
9,50,1.4356997665293503
9,51,1.8388658862420209
9,52,2.406173349007533
9,53,0.8082032502757676
9,54,0.9097567077950343
9,55,1.0527538188977827
9,56,1.2073740210076165
9,57,1.5269639717296513
9,58,1.2017219275215958
9,59,2.619123378135363
9,60,2.5224511281711113
9,61,2.7839028050482515
9,62,3.0463615829372794
9,63,3.067472088560846
9,64,3.225684003689768
9,65,3.1698842785652177
9,66,3.1340095210772265
9,67,3.236343389343777
9,68,3.442901522728662
10,0,1.427007590607477
10,1,1.6220571928572758
10,2,3.255584505192755
10,3,1.3412169919971346
10,4,2.0064372090590634
10,5,0.049075650986244224
10,6,1.5693276628000516
10,7,1.7107225740571232
10,8,1.6475410527697432
10,9,1.8934004096885362
10,10,0.0
10,11,3.0936172614128115
10,12,2.1950038779917866
10,13,1.8542008333545565
10,14,2.8119398939305627
10,15,2.659415937080185
10,16,2.325497259926927
10,17,2.256975413240374
10,18,2.0666940363998054
10,19,2.214902825995641
10,20,2.2524422447258265
10,21,2.257582128980842
10,22,1.7674302214890498
10,23,1.9276627685376315
10,24,1.739557590374226
10,25,2.0718828927164283
10,26,3.059774407696005
10,27,1.264043638356692
10,28,1.644775984688593
10,29,1.475959035098759
10,30,1.035585271846737
10,31,2.942975466917986
10,32,2.685196561202713
10,33,3.0779450797839023
10,34,2.982807037075112
10,35,1.1474184604327076
10,36,1.2417335347442264
10,37,1.5335437100981266
10,38,1.3074235348924188
10,39,1.2201778916271402
10,40,1.637689291675637
10,41,2.446309473542559
10,42,1.4432931100809887
10,43,1.667948649531759
10,44,1.188521913195013
10,45,68.03086284863876
10,46,1.5803548122118587
10,47,1.7529879493902278
10,48,1.549419248490201
10,49,1.2408455047339453
10,50,1.6134699005342883
10,51,2.016636020246959
10,52,2.583943483012471
10,53,1.6497610069401651
10,54,1.7513144644594318
10,55,1.2305239529027208
10,56,1.3851441550125545
10,57,1.7047341057345888
10,58,1.3794920615265336
10,59,2.7968935121403007
10,60,2.7002212621760493
10,61,2.961672939053189
10,62,3.2241317169422175
10,63,3.245242222565784
10,64,3.403454137694706
10,65,3.3476544125701553
10,66,3.311779655082164
10,67,3.4141135233487145
10,68,3.6206716567335997
11,0,2.4494543083268145
11,1,2.6445039105766135
11,2,4.278031222912093
11,3,2.363663709716472
11,4,3.028883926778401
11,5,3.142692912399056
11,6,2.5917743805193894
11,7,2.733169291776461
11,8,2.669987770489081
11,9,2.915847127407874
11,10,3.0936172614128115
11,11,0.0
11,12,3.2174505957111244
11,13,2.8766475510738942
11,14,3.8343866116499
11,15,3.681862654799523
11,16,3.3479439776462643
11,17,3.2794221309597114
11,18,3.0891407541191427
11,19,3.237349543714979
11,20,3.2748889624451643
11,21,3.2800288467001795
11,22,2.789876939208387
11,23,2.9501094862569692
11,24,2.7620043080935637
11,25,3.094329610435766
11,26,4.082221125415343
11,27,2.2864903560760297
11,28,2.6672227024079307
11,29,2.4984057528180967
11,30,2.0580319895660746
11,31,3.9654221846373234
11,32,3.707643278922051
11,33,0.20594826704648972
11,34,0.11081022433769946
11,35,2.1698651781520453
11,36,2.264180252463564
11,37,2.5559904278174645
11,38,2.3298702526117565
11,39,2.242624609346478
11,40,2.660136009394974
11,41,3.4687561912618965
11,42,2.465739827800326
11,43,2.6903953672510967
11,44,2.2109686309143504
11,45,69.0533095663581
11,46,2.602801529931196
11,47,2.775434667109565
11,48,2.5718659662095384
11,49,2.2632922224532828
11,50,2.635916618253626
11,51,3.039082737966296
11,52,3.6063902007318083
11,53,2.6722077246595024
11,54,2.7737611821787693
11,55,2.2529706706220582
11,56,2.407590872731892
11,57,2.7271808234539265
11,58,2.4019387792458713
11,59,3.8193402298596384
11,60,3.722667979895387
11,61,3.9841196567725268
11,62,4.246578434661554
11,63,4.267688940285121
11,64,4.425900855414042
11,65,4.370101130289493
11,66,4.334226372801502
11,67,4.436560241068052
11,68,4.643118374452937
12,0,1.5508409249057897
12,1,1.7458905271555885
12,2,3.3794178394910674
12,3,1.4650503262954473
12,4,2.1302705433573763
12,5,2.244079528978031
12,6,1.6931609970983643
12,7,1.834555908355436
12,8,1.7713743870680558
12,9,2.017233743986849
12,10,2.1950038779917866
12,11,3.2174505957111244
12,12,0.0
12,13,0.34080304463723043
12,14,2.935773228228875
12,15,2.783249271378498
12,16,2.4493305942252395
12,17,2.3808087475386865
12,18,2.190527370698118
12,19,2.3387361602939536
12,20,2.3762755790241394
12,21,2.3814154632791547
12,22,1.8912635557873623
12,23,2.0514961028359444
12,24,1.8633909246725389
12,25,2.195716227014741
12,26,3.1836077419943174
12,27,1.3878769726550046
12,28,0.5502278933031939
12,29,0.7190448428930278
12,30,1.1594186061450498
12,31,3.0668088012162986
12,32,2.809029895501026
12,33,3.201778414082215
12,34,3.106640371373425
12,35,1.2712517947310202
12,36,1.365566869042539
12,37,0.6614601678936601
12,38,0.887580343099368
12,39,0.9748259863646466
12,40,1.7615226259739494
12,41,0.2513055955507718
12,42,1.5671264443793014
12,43,1.7917819838300717
12,44,1.3123552474933258
12,45,68.15469618293707
12,46,1.7041881465101714
12,47,1.8768212836885405
12,48,1.6732525827885136
12,49,1.364678839032258
12,50,1.737303234832601
12,51,2.1404693545452713
12,52,2.7077768173107835
12,53,1.7735943412384778
12,54,1.8751477987577445
12,55,1.3543572872010334
12,56,1.5089774893108672
12,57,1.8285674400329017
12,58,0.9596488697334828
12,59,2.9207268464386136
12,60,0.5052173841842622
12,61,3.085506273351502
12,62,3.34796505124053
12,63,3.3690755568640967
12,64,3.5272874719930183
12,65,3.471487746868468
12,66,3.435612989380477
12,67,3.5379468576470274
12,68,3.7445049910319126
13,0,1.2100378802685592
13,1,1.4050874825183581
13,2,3.0386147948538373
13,3,1.124247281658217
13,4,1.7894674987201458
13,5,1.9032764843408008
13,6,1.352357952461134
13,7,1.4937528637182056
13,8,1.4305713424308255
13,9,1.6764306993496185
13,10,1.8542008333545565
13,11,2.8766475510738942
13,12,0.34080304463723043
13,13,0.0
13,14,2.594970183591645
13,15,2.442446226741268
13,16,2.1085275495880094
13,17,2.0400057029014564
13,18,1.8497243260608878
13,19,1.9979331156567235
13,20,2.0354725343869093
13,21,2.0406124186419246
13,22,1.5504605111501322
13,23,1.7106930581987139
13,24,1.5225878800353083
13,25,1.8549131823775107
13,26,2.8428046973570873
13,27,1.0470739280177743
13,28,0.2094248486659635
13,29,0.3782417982557975
13,30,0.8186155615078194
13,31,2.7260057565790685
13,32,2.4682268508637955
13,33,2.860975369444985
13,34,2.765837326736195
13,35,0.9304487500937899
13,36,1.0247638244053088
13,37,0.3206571232564298
13,38,0.5467772984621376
13,39,0.6340229417274162
13,40,1.4207195813367193
13,41,0.5921086401880022
13,42,1.226323399742071
13,43,1.4509789391928414
13,44,0.9715522028560954
13,45,67.81389313829985
13,46,1.363385101872941
13,47,1.5360182390513102
13,48,1.3324495381512833
13,49,1.0238757943950276
13,50,1.3965001901953706
13,51,1.7996663099080412
13,52,2.3669737726735534
13,53,1.4327912966012475
13,54,1.5343447541205142
13,55,1.013554242563803
13,56,1.1681744446736366
13,57,1.4877643953956712
13,58,0.6188458250962525
13,59,2.5799238018013835
13,60,0.8460204288214925
13,61,2.744703228714272
13,62,3.0071620066033
13,63,3.0282725122268666
13,64,3.186484427355788
13,65,3.130684702231238
13,66,3.094809944743247
13,67,3.1971438130097973
13,68,3.4037019463946825
14,0,2.1677769408445653
14,1,2.3628265430943642
14,2,3.9963538554298434
14,3,2.081986342234223
14,4,2.747206559296152
14,5,2.861015544916807
14,6,2.31009701303714
14,7,2.4514919242942117
14,8,2.388310403006832
14,9,2.6341697599256246
14,10,2.8119398939305627
14,11,3.8343866116499
14,12,2.935773228228875
14,13,2.594970183591645
14,14,0.0
14,15,3.4001852873172735
14,16,3.0662666101640155
14,17,2.9977447634774625
14,18,2.807463386636894
14,19,2.9556721762327296
14,20,2.993211594962915
14,21,2.9983514792179307
14,22,2.5081995717261383
14,23,2.66843211877472
14,24,2.4803269406113144
14,25,2.812652242953517
14,26,3.8005437579330934
14,27,2.0048129885937804
14,28,2.3855453349256814
14,29,2.2167283853358475
14,30,1.7763546220838256
14,31,3.6837448171550746
14,32,3.4259659114398016
14,33,3.8187144300209908
14,34,3.7235763873122005
14,35,1.888187810669796
14,36,1.9825028849813149
14,37,2.2743130603352153
14,38,2.0481928851295073
14,39,1.9609472418642286
14,40,2.3784586419127254
14,41,3.1870788237796472
14,42,2.184062460318077
14,43,2.4087179997688475
14,44,1.9292912634321016
14,45,68.77163219887585
14,46,2.321124162448947
14,47,2.4937572996273163
14,48,2.2901885987272896
14,49,1.9816148549710337
14,50,2.3542392507713767
14,51,2.7574053704840473
14,52,3.3247128332495595
14,53,2.3905303571772536
14,54,2.4920838146965205
14,55,1.9712933031398092
14,56,2.1259135052496427
14,57,2.4455034559716773
14,58,2.120261411763622
14,59,3.537662862377389
14,60,3.4409906124131378
14,61,3.7024422892902775
14,62,3.964901067179306
14,63,3.9860115728028727
14,64,4.144223487931794
14,65,4.088423762807244
14,66,4.0525490053192526
14,67,4.1548828735858025
14,68,4.361441006970688
15,0,2.015252983994188
15,1,2.210302586243987
15,2,3.843829898579466
15,3,1.9294623853838457
15,4,2.5946826024457748
15,5,2.7084915880664298
15,6,2.157573056186763
15,7,2.2989679674438346
15,8,2.2357864461564545
15,9,2.4816458030752475
15,10,2.659415937080185
15,11,3.681862654799523
15,12,2.783249271378498
15,13,2.442446226741268
15,14,3.4001852873172735
15,15,0.0
15,16,2.913742653313638
15,17,2.845220806627085
15,18,2.6549394297865163
15,19,2.8031482193823525
15,20,2.840687638112538
15,21,2.845827522367553
15,22,2.3556756148757607
15,23,2.515908161924343
15,24,2.3278029837609373
15,25,2.6601282861031397
15,26,3.648019801082716
15,27,1.852289031743403
15,28,2.2330213780753043
15,29,2.0642044284854704
15,30,1.6238306652334482
15,31,3.531220860304697
15,32,3.2734419545894244
15,33,3.6661904731706136
15,34,3.5710524304618234
15,35,1.7356638538194187
15,36,1.8299789281309375
15,37,2.121789103484838
15,38,1.8956689282791301
15,39,1.8084232850138515
15,40,2.225934685062348
15,41,3.03455486692927
15,42,2.0315385034677
15,43,2.2561940429184704
15,44,1.7767673065817242
15,45,68.61910824202546
15,46,2.16860020559857
15,47,2.3412333427769387
15,48,2.137664641876912
15,49,1.8290908981206564
15,50,2.2017152939209996
15,51,2.6048814136336698
15,52,3.172188876399182
15,53,2.238006400326876
15,54,2.339559857846143
15,55,1.8187693462894319
15,56,1.9733895483992656
15,57,2.2929794991213
15,58,1.967737454913245
15,59,3.385138905527012
15,60,3.2884666555627606
15,61,3.5499183324399004
15,62,3.8123771103289283
15,63,3.833487615952495
15,64,3.9916995310814167
15,65,3.9358998059568666
15,66,3.9000250484688754
15,67,4.002358916735425
15,68,4.208917050120311
16,0,1.6813343068409299
16,1,1.8763839090907286
16,2,3.509911221426208
16,3,1.5955437082305874
16,4,2.2607639252925162
16,5,2.3745729109131712
16,6,1.8236543790335045
16,7,1.965049290290576
16,8,1.2958053251656894
16,9,0.741762405459317
16,10,2.325497259926927
16,11,3.3479439776462643
16,12,2.4493305942252395
16,13,2.1085275495880094
16,14,3.0662666101640155
16,15,2.913742653313638
16,16,0.0
16,17,1.1053374090111545
16,18,0.3165284023490747
16,19,0.16831961275323898
16,20,2.5067689609592794
16,21,0.507416494930111
16,22,0.6157922172598305
16,23,0.7760247643084124
16,24,1.9938843066076788
16,25,2.326209608949881
16,26,3.3141011239294578
16,27,1.5183703545901448
16,28,1.8991027009220458
16,29,1.7302857513322119
16,30,1.28991198808019
16,31,3.197302183151439
16,32,2.939523277436166
16,33,3.332271796017355
16,34,3.237133753308565
16,35,1.4017451766661604
16,36,1.4960602509776793
16,37,1.7878704263315794
16,38,1.5617502511258716
16,39,1.474504607860593
16,40,1.8920160079090897
16,41,2.7006361897760116
16,42,1.6976198263144415
16,43,1.9222753657652119
16,44,1.442848629428466
16,45,68.28518956487221
16,46,1.8346815284453115
16,47,1.401252221786174
16,48,1.1976835208861472
16,49,1.495172220967398
16,50,1.8677966167677411
16,51,2.2709627364804117
16,52,2.838270199245924
16,53,1.2980252793361113
16,54,1.399578736855378
16,55,1.4848506691361736
16,56,1.6394708712460073
16,57,1.9590608219680417
16,58,1.6338187777599864
16,59,3.0512202283737535
16,60,2.954547978409502
16,61,3.215999655286642
16,62,3.4784584331756703
16,63,3.499568938799237
16,64,3.6577808539281587
16,65,3.601981128803608
16,66,3.566106371315617
16,67,3.6684402395821674
16,68,3.8749983729670525
17,0,1.6128124601543767
17,1,1.8078620624041755
17,2,3.4413893747396544
17,3,1.5270218615440343
17,4,2.1922420786059633
17,5,2.306051064226618
17,6,1.7551325323469513
17,7,1.896527443604023
17,8,0.8490932055600191
17,9,0.6155153799508106
17,10,2.256975413240374
17,11,3.2794221309597114
17,12,2.3808087475386865
17,13,2.0400057029014564
17,14,2.9977447634774625
17,15,2.845220806627085
17,16,1.1053374090111545
17,17,0.0
17,18,0.7888090066620799
17,19,0.9370177962579156
17,20,2.4382471142727264
17,21,0.9796970992431162
17,22,0.48954519175132405
17,23,0.32931264470274213
17,24,1.9253624599211259
17,25,2.257687762263328
17,26,3.2455792772429044
17,27,1.4498485079035917
17,28,1.8305808542354929
17,29,1.661763904645659
17,30,1.2213901413936368
17,31,3.128780336464886
17,32,2.8710014307496126
17,33,3.263749949330802
17,34,3.168611906622012
17,35,1.3332233299796072
17,36,1.427538404291126
17,37,1.7193485796450265
17,38,1.4932284044393187
17,39,1.40598276117404
17,40,1.8234941612225364
17,41,2.6321143430894587
17,42,1.6290979796278884
17,43,1.8537535190786587
17,44,1.3743267827419128
17,45,68.21666771818566
17,46,1.7661596817587584
17,47,0.9545401021805038
17,48,0.7509714012804769
17,49,1.426650374280845
17,50,1.799274770081188
17,51,2.2024408897938583
17,52,2.769748352559371
17,53,0.8513131597304411
17,54,0.9528666172497078
17,55,1.4163288224496204
17,56,1.5709490245594542
17,57,1.8905389752814887
17,58,1.5652969310734335
17,59,2.9826983816872006
17,60,2.886026131722949
17,61,3.147477808600089
17,62,3.409936586489117
17,63,3.4310470921126837
17,64,3.5892590072416053
17,65,3.533459282117055
17,66,3.497584524629064
17,67,3.5999183928956144
17,68,3.8064765262804996
18,0,1.4225310833138083
18,1,1.617580685563607
18,2,3.251107997899086
18,3,1.3367404847034658
18,4,2.0019607017653946
18,5,2.1157696873860496
18,6,1.5648511555063829
18,7,1.7062460667634545
18,8,0.9792769228166147
18,9,0.4252340031102424
18,10,2.0666940363998054
18,11,3.0891407541191427
18,12,2.190527370698118
18,13,1.8497243260608878
18,14,2.807463386636894
18,15,2.6549394297865163
18,16,0.3165284023490747
18,17,0.7888090066620799
18,18,0.0
18,19,0.14820878959583572
18,20,2.2479657374321578
18,21,0.19088809258103637
18,22,0.29926381491075577
18,23,0.45949636195933774
18,24,1.7350810830805572
18,25,2.0674063854227596
18,26,3.055297900402336
18,27,1.2595671310630232
18,28,1.6402994773949242
18,29,1.4714825278050903
18,30,1.0311087645530683
18,31,2.9384989596243174
18,32,2.6807200539090443
18,33,3.0734685724902335
18,34,2.9783305297814433
18,35,1.1429419531390388
18,36,1.2372570274505577
18,37,1.5290672028044578
18,38,1.30294702759875
18,39,1.2157013843334714
18,40,1.6332127843819682
18,41,2.44183296624889
18,42,1.43881660278732
18,43,1.6634721422380903
18,44,1.1840454059013443
18,45,68.02638634134509
18,46,1.57587830491819
18,47,1.0847238194370994
18,48,0.8811551185370725
18,49,1.2363689974402765
18,50,1.6089933932406195
18,51,2.01215951295329
18,52,2.5794669757188022
18,53,0.9814968769870367
18,54,1.0830503345063034
18,55,1.226047445609052
18,56,1.3806676477188857
18,57,1.70025759844092
18,58,1.3750155542328648
18,59,2.792417004846632
18,60,2.6957447548823805
18,61,2.9571964317595203
18,62,3.2196552096485487
18,63,3.2407657152721154
18,64,3.398977630401037
18,65,3.3431779052764865
18,66,3.3073031477884953
18,67,3.4096370160550458
18,68,3.616195149439931
19,0,1.570739872909644
19,1,1.7657894751594427
19,2,3.3993167874949215
19,3,1.4849492742993016
19,4,2.1501694913612304
19,5,2.2639784769818854
19,6,1.7130599451022186
19,7,1.8544548563592902
19,8,1.1274857124124504
19,9,0.5734427927060781
19,10,2.214902825995641
19,11,3.237349543714979
19,12,2.3387361602939536
19,13,1.9979331156567235
19,14,2.9556721762327296
19,15,2.8031482193823525
19,16,0.16831961275323898
19,17,0.9370177962579156
19,18,0.14820878959583572
19,19,0.0
19,20,2.396174527027994
19,21,0.33909688217687206
19,22,0.4474726045065915
19,23,0.6077051515551735
19,24,1.883289872676393
19,25,2.2156151750185953
19,26,3.2035066899981715
19,27,1.407775920658859
19,28,1.78850826699076
19,29,1.619691317400926
19,30,1.179317554148904
19,31,3.086707749220153
19,32,2.82892884350488
19,33,3.2216773620860697
19,34,3.1265393193772795
19,35,1.2911507427348745
19,36,1.3854658170463934
19,37,1.6772759924002936
19,38,1.4511558171945858
19,39,1.3639101739293071
19,40,1.7814215739778039
19,41,2.5900417558447257
19,42,1.5870253923831557
19,43,1.811680931833926
19,44,1.33225419549718
19,45,68.17459513094093
19,46,1.7240870945140256
19,47,1.2329326090329351
19,48,1.0293639081329082
19,49,1.3845777870361122
19,50,1.7572021828364552
19,51,2.1603683025491254
19,52,2.727675765314638
19,53,1.1297056665828724
19,54,1.2312591241021391
19,55,1.3742562352048877
19,56,1.5288764373147214
19,57,1.8484663880367558
19,58,1.5232243438287005
19,59,2.940625794442468
19,60,2.8439535444782162
19,61,3.1054052213553565
19,62,3.367863999244384
19,63,3.3889745048679507
19,64,3.5471864199968723
19,65,3.4913866948723227
19,66,3.4555119373843315
19,67,3.557845805650882
19,68,3.764403939035767
20,0,1.6082792916398296
20,1,1.8033288938896284
20,2,3.4368562062251073
20,3,1.5224886930294872
20,4,2.187708910091416
20,5,2.301517895712071
20,6,1.7505993638324042
20,7,1.8919942750894758
20,8,1.8288127538020957
20,9,2.074672110720889
20,10,2.2524422447258265
20,11,3.2748889624451643
20,12,2.3762755790241394
20,13,2.0354725343869093
20,14,2.993211594962915
20,15,2.840687638112538
20,16,2.5067689609592794
20,17,2.4382471142727264
20,18,2.2479657374321578
20,19,2.396174527027994
20,20,0.0
20,21,2.4388538300131946
20,22,1.9487019225214022
20,23,2.1089344695699843
20,24,1.9208292914065788
20,25,0.18055935200939838
20,26,3.2410461087283573
20,27,1.4453153393890446
20,28,1.8260476857209458
20,29,1.6572307361311118
20,30,1.2168569728790897
20,31,3.1242471679503385
20,32,2.866468262235066
20,33,3.259216780816255
20,34,3.164078738107465
20,35,1.3286901614650601
20,36,1.423005235776579
20,37,1.7148154111304794
20,38,1.4886952359247716
20,39,1.401449592659493
20,40,1.8189609927079893
20,41,2.6275811745749116
20,42,1.6245648111133413
20,43,1.8492203505641116
20,44,1.3697936142273657
20,45,68.2121345496711
20,46,1.7616265132442113
20,47,1.9342596504225804
20,48,1.7306909495225535
20,49,1.4221172057662979
20,50,1.7947416015666409
20,51,2.197907721279311
20,52,2.7652151840448234
20,53,1.8310327079725177
20,54,1.9325861654917844
20,55,1.4117956539350733
20,56,1.566415856044907
20,57,1.8860058067669416
20,58,1.5607637625588864
20,59,2.9781652131726535
20,60,2.881492963208402
20,61,3.142944640085542
20,62,3.40540341797457
20,63,3.4265139235981366
20,64,3.584725838727058
20,65,3.528926113602508
20,66,3.493051356114517
20,67,3.5953852243810673
20,68,3.8019433577659525
21,0,1.6134191758948448
21,1,1.8084687781446436
21,2,3.4419960904801226
21,3,1.5276285772845024
21,4,2.1928487943464314
21,5,2.306657779967086
21,6,1.7557392480874194
21,7,1.897134159344491
21,8,1.170165015397651
21,9,0.6161220956912787
21,10,2.257582128980842
21,11,3.2800288467001795
21,12,2.3814154632791547
21,13,2.0406124186419246
21,14,2.9983514792179307
21,15,2.845827522367553
21,16,0.507416494930111
21,17,0.9796970992431162
21,18,0.19088809258103637
21,19,0.33909688217687206
21,20,2.4388538300131946
21,21,0.0
21,22,0.49015190749179216
21,23,0.6503844545403741
21,24,1.925969175661594
21,25,2.258294478003796
21,26,3.2461859929833725
21,27,1.4504552236440598
21,28,1.831187569975961
21,29,1.662370620386127
21,30,1.2219968571341049
21,31,3.129387052205354
21,32,2.8716081464900807
21,33,3.2643566650712703
21,34,3.16921862236248
21,35,1.3338300457200754
21,36,1.4281451200315942
21,37,1.7199552953854946
21,38,1.4938351201797868
21,39,1.4065894769145082
21,40,1.8241008769630045
21,41,2.632721058829927
21,42,1.6297046953683565
21,43,1.8543602348191268
21,44,1.374933498482381
21,45,68.21727443392612
21,46,1.7667663974992265
21,47,1.2756119120181357
21,48,1.0720432111181089
21,49,1.427257090021313
21,50,1.799881485821656
21,51,2.2030476055343264
21,52,2.770355068299839
21,53,1.172384969568073
21,54,1.2739384270873397
21,55,1.4169355381900886
21,56,1.5715557402999223
21,57,1.8911456910219568
21,58,1.5659036468139016
21,59,2.9833050974276687
21,60,2.8866328474634173
21,61,3.148084524340557
21,62,3.410543302229585
21,63,3.4316538078531518
21,64,3.5898657229820734
21,65,3.5340659978575233
21,66,3.498191240369532
21,67,3.6005251086360825
21,68,3.8070832420209677
22,0,1.1232672684030525
22,1,1.3183168706528512
22,2,2.95184418298833
22,3,1.03747666979271
22,4,1.702696886854639
22,5,1.816505872475294
22,6,1.265587340595627
22,7,1.4069822518526987
22,8,0.680013107905859
22,9,0.1259701881994866
22,10,1.7674302214890498
22,11,2.789876939208387
22,12,1.8912635557873623
22,13,1.5504605111501322
22,14,2.5081995717261383
22,15,2.3556756148757607
22,16,0.6157922172598305
22,17,0.48954519175132405
22,18,0.29926381491075577
22,19,0.4474726045065915
22,20,1.9487019225214022
22,21,0.49015190749179216
22,22,0.0
22,23,0.16023254704858195
22,24,1.4358172681698016
22,25,1.768142570512004
22,26,2.75603408549158
22,27,0.9603033161522675
22,28,1.3410356624841686
22,29,1.1722187128943347
22,30,0.7318449496423126
22,31,2.639235144713562
22,32,2.3814562389982887
22,33,2.774204757579478
22,34,2.6790667148706877
22,35,0.8436781382282831
22,36,0.937993212539802
22,37,1.2298033878937022
22,38,1.0036832126879944
22,39,0.9164375694227158
22,40,1.3339489694712123
22,41,2.1425691513381344
22,42,1.139552787876564
22,43,1.3642083273273344
22,44,0.8847815909905886
22,45,67.72712252643433
22,46,1.276614490007434
22,47,0.7854600045263436
22,48,0.5818913036263168
22,49,0.9371051825295208
22,50,1.309729578329864
22,51,1.712895698042534
22,52,2.2802031608080466
22,53,0.682233062076281
22,54,0.7837865195955477
22,55,0.9267836306982962
22,56,1.08140383280813
22,57,1.4009937835301645
22,58,1.0757517393221092
22,59,2.4931531899358763
22,60,2.396480939971625
22,61,2.6579326168487647
22,62,2.9203913947377926
22,63,2.9415019003613594
22,64,3.099713815490281
22,65,3.043914090365731
22,66,3.0080393328777397
22,67,3.11037320114429
22,68,3.3169313345291753
23,0,1.2834998154516344
23,1,1.4785494177014333
23,2,3.1120767300369123
23,3,1.1977092168412922
23,4,1.8629294339032212
23,5,1.9767384195238757
23,6,1.4258198876442092
23,7,1.5672147989012808
23,8,0.5197805608572771
23,9,0.28620273524806855
23,10,1.9276627685376315
23,11,2.9501094862569692
23,12,2.0514961028359444
23,13,1.7106930581987139
23,14,2.66843211877472
23,15,2.515908161924343
23,16,0.7760247643084124
23,17,0.32931264470274213
