source_id,target_id,rtt
0,0,0.0
0,1,1.1916677467625083
0,2,3.2896331934177576
0,3,2.9123283356154164
0,4,2.2861295110884314
0,5,68.2181809707823
0,6,2.0631037645847345
0,7,2.794832623483898
0,8,4.175551410135265
0,9,3.815438886888679
0,10,3.7118194695006714
0,11,2.728062343714796
0,12,3.425127919465747
0,13,3.207009481333171
0,14,2.950487053867801
0,15,4.164109138086637
0,16,3.969526171162981
0,17,4.035429804137659
0,18,3.9258745007638156
0,19,3.9783356904793252
0,20,3.6311636586206504
0,21,4.5804392395782125
0,22,68.34002392172431
0,23,3.1087950080823465
0,24,2.498540375102367
0,25,4.12036078651555
0,26,3.4130254688006354
0,27,3.8482258764538897
0,28,4.136879868659979
0,29,3.4223400415709717
0,30,1.7185379806115209
0,31,3.731962122109866
0,32,2.496320914767466
0,33,3.2723649736814906
0,34,4.037661489401925
0,35,2.620495127254265
0,36,67.64616549749019
0,37,2.2644828289425507
0,38,1.7682419991916292
0,39,1.875431108573336
0,40,67.6513976572091
0,41,3.49755845980721
0,42,3.4677841758496704
1,0,1.1916677467625083
1,1,0.0
1,2,2.0979654466552495
1,3,1.720660588852908
1,4,1.0944617643259231
1,5,67.0265132240198
1,6,0.871436017822226
1,7,1.6031648767213895
1,8,2.9838836633727563
1,9,2.6237711401261707
1,10,2.520151722738163
1,11,1.5363945969522876
1,12,2.233460172703239
1,13,2.0153417345706623
1,14,1.7588193071052929
1,15,2.9724413913241294
1,16,2.7778584244004723
1,17,2.8437620573751508
1,18,2.734206754001307
1,19,2.786667943716817
1,20,2.439495911858142
1,21,3.388771492815704
1,22,67.1483561749618
1,23,1.9171272613198385
1,24,1.3068726283398588
1,25,2.928693039753042
1,26,2.221357722038127
1,27,2.6565581296913816
1,28,2.9452121218974705
1,29,2.2306722948084636
1,30,0.5268702338490127
1,31,2.540294375347358
1,32,1.3046531680049578
1,33,2.0806972269189825
1,34,2.8459937426394166
1,35,1.4288273804917568
1,36,66.45449775072768
1,37,1.0728150821800424
1,38,0.576574252429121
1,39,0.6837633618108276
1,40,66.4597299104466
1,41,2.3058907130447017
1,42,2.2761164290871623
2,0,3.2896331934177576
2,1,2.0979654466552495
2,2,0.0
2,3,2.4510993118865025
2,4,1.8249004873595174
2,5,67.75695194705338
2,6,1.6018747408558203
2,7,2.3336035997549835
2,8,3.7143223864063506
2,9,3.354209863159765
2,10,4.618117169393413
2,11,3.634360043607537
2,12,4.331425619358488
2,13,4.113307181225912
2,14,3.856784753760542
2,15,5.0704068379793785
2,16,4.875823871055722
2,17,4.941727504030401
2,18,4.832172200656556
2,19,4.884633390372066
2,20,4.537461358513392
2,21,5.486736939470954
2,22,69.24632162161704
2,23,4.0150927079750875
2,24,3.4048380749951086
2,25,5.026658486408292
2,26,4.319323168693376
2,27,4.754523576346631
2,28,5.0431775685527205
2,29,4.328637741463713
2,30,2.624835680504262
2,31,4.638259822002607
2,32,3.4026186146602075
2,33,2.8111359499525768
2,34,3.576432465673011
2,35,2.159266103525351
2,36,67.18493647376127
2,37,1.8032538052136367
2,38,2.67453969908437
2,39,1.414202084844422
2,40,68.55769535710184
2,41,3.036329436078296
2,42,3.0065551521207565
3,0,2.9123283356154164
3,1,1.720660588852908
3,2,2.4510993118865025
3,3,0.0
3,4,1.447595629557176
3,5,67.37964708925104
3,6,1.2245698830534788
3,7,1.9562987419526423
3,8,3.337017528604009
3,9,2.9769050053574233
3,10,4.240812311591071
3,11,3.257055185805196
3,12,3.9541207615561467
3,13,3.7360023234235706
3,14,3.479479895958201
3,15,4.693101980177037
3,16,4.4985190132533805
3,17,4.564422646228059
3,18,4.4548673428542145
3,19,4.5073285325697245
3,20,4.16015650071105
3,21,5.109432081668613
3,22,68.8690167638147
3,23,3.6377878501727463
3,24,3.027533217192767
3,25,4.649353628605951
3,26,3.942018310891035
3,27,4.37721871854429
3,28,4.665872710750379
3,29,3.9513328836613715
3,30,2.2475308227019206
3,31,4.260954964200266
3,32,3.025313756857866
3,33,2.4338310921502355
3,34,3.199127607870669
3,35,1.7819612457230094
3,36,66.80763161595893
3,37,1.4259489474112952
3,38,2.297234841282029
3,39,1.0368972270420804
3,40,68.18039049929949
3,41,2.6590245782759547
3,42,2.629250294318415
4,0,2.2861295110884314
4,1,1.0944617643259231
4,2,1.8249004873595174
4,3,1.447595629557176
4,4,0.0
4,5,66.75344826472406
4,6,0.598371058526494
4,7,1.3300999174256574
4,8,2.710818704077024
4,9,2.3507061808304384
4,10,3.6146134870640863
4,11,2.630856361278211
4,12,3.3279219370291617
4,13,3.1098034988965857
4,14,2.853281071431216
4,15,4.066903155650053
4,16,3.8723201887263956
4,17,3.938223821701074
4,18,3.82866851832723
4,19,3.88112970804274
4,20,3.533957676184065
4,21,4.483233257141628
4,22,68.24281793928772
4,23,3.0115890256457614
4,24,2.401334392665782
4,25,4.023154804078966
4,26,3.31581948636405
4,27,3.7510198940173045
4,28,4.039673886223394
4,29,3.3251340591343865
4,30,1.6213319981749357
4,31,3.634756139673281
4,32,2.399114932330881
4,33,1.8076322676232504
4,34,2.5729287833436842
4,35,1.1557624211960247
4,36,66.18143279143194
4,37,0.7997501228843102
4,38,1.671036016755044
4,39,0.41069840251509554
4,40,67.55419167477251
4,41,2.03282575374897
4,42,2.00305146979143
5,0,68.2181809707823
5,1,67.0265132240198
5,2,67.75695194705338
5,3,67.37964708925104
5,4,66.75344826472406
5,5,0.0
5,6,66.53042251822036
5,7,67.26215137711952
5,8,65.84900243355459
5,9,65.488889910308
5,10,67.22960715881415
5,11,68.07925914109461
5,12,68.77632471684556
5,13,68.55820627871299
5,14,68.30168385124762
5,15,67.68189682740012
5,16,67.48731386047646
5,17,67.55321749345114
5,18,67.44366219007729
5,19,67.4961233797928
5,20,68.98236045600046
5,21,68.09822692889169
5,22,131.8578116110378
5,23,68.45999180546217
5,24,68.33338585235965
5,25,69.47155758389538
5,26,66.93081315811412
5,27,67.36601356576737
5,28,67.65466755797345
5,29,68.77353683895079
5,30,67.5533834578688
5,31,67.24974981142334
5,32,67.84751771214728
5,33,64.94581599710081
5,34,65.71111251282124
5,35,67.0878138808899
5,36,132.1134842511258
5,37,66.73180158257817
5,38,67.6030874764489
5,39,66.34274986220896
5,40,133.00259445458892
5,41,65.17100948322653
5,42,65.14123519926899
6,0,2.0631037645847345
6,1,0.871436017822226
6,2,1.6018747408558203
6,3,1.2245698830534788
6,4,0.598371058526494
6,5,66.53042251822036
6,6,0.0
6,7,1.1070741709219603
6,8,2.487792957573327
6,9,2.1276804343267415
6,10,3.3915877405603894
6,11,2.407830614774514
6,12,3.104896190525465
6,13,2.886777752392889
6,14,2.630255324927519
6,15,3.8438774091463555
6,16,3.6492944422226987
6,17,3.715198075197377
6,18,3.605642771823533
6,19,3.658103961539043
6,20,3.3109319296803683
6,21,4.2602075106379305
6,22,68.01979219278402
6,23,2.7885632791420645
6,24,2.178308646162085
6,25,3.8001290575752686
6,26,3.0927937398603533
6,27,3.5279941475136076
6,28,3.816648139719697
6,29,3.1021083126306896
6,30,1.3983062516712386
6,31,3.411730393169584
6,32,2.176089185827184
6,33,1.5846065211195532
6,34,2.3499030368399874
6,35,0.9327366746923276
6,36,65.95840704492825
6,37,0.5767243763806131
6,38,1.4480102702513469
6,39,0.18767265601139843
6,40,67.33116592826882
6,41,1.8098000072452725
6,42,1.7800257232877328
7,0,2.794832623483898
7,1,1.6031648767213895
7,2,2.3336035997549835
7,3,1.9562987419526423
7,4,1.3300999174256574
7,5,67.26215137711952
7,6,1.1070741709219603
7,7,0.0
7,8,3.2195218164724904
7,9,2.8594092932259048
7,10,4.123316599459553
7,11,3.1395594736736774
7,12,3.836625049424628
7,13,3.618506611292052
7,14,3.3619841838266824
7,15,4.575606268045519
7,16,4.3810233011218624
7,17,4.44692693409654
7,18,4.337371630722696
7,19,4.389832820438206
7,20,4.042660788579532
7,21,4.991936369537094
7,22,68.75152105168318
7,23,3.5202921380412278
7,24,2.9100375050612484
7,25,4.531857916474432
7,26,3.8245225987595166
7,27,4.259723006412771
7,28,4.54837699861886
7,29,3.833837171529853
7,30,2.130035110570402
7,31,4.143459252068747
7,32,2.9078180447263473
7,33,2.3163353800187165
7,34,3.0816318957391506
7,35,1.6644655335914909
7,36,66.69013590382741
7,37,1.3084532352797766
7,38,2.1797391291505104
7,39,0.9194015149105619
7,40,68.06289478716798
7,41,2.5415288661444357
7,42,2.5117545821868963
8,0,4.175551410135265
8,1,2.9838836633727563
8,2,3.7143223864063506
8,3,3.337017528604009
8,4,2.710818704077024
8,5,65.84900243355459
8,6,2.487792957573327
8,7,3.2195218164724904
8,8,0.0
8,9,1.4462603496609616
8,10,3.1869775981671165
8,11,4.03662958044758
8,12,4.7336951561985305
8,13,4.5155767180659545
8,14,4.259054290600585
8,15,3.639267266753083
8,16,3.444684299829426
8,17,3.5105879328041043
8,18,3.4010326294302606
8,19,3.4534938191457702
8,20,4.939730895353434
8,21,4.0555973682446576
8,22,67.81518205039076
8,23,4.417362244815131
8,24,4.290756291712615
8,25,5.428928023248334
8,26,2.8881835974670804
8,27,3.3233840051203347
8,28,3.612037997326424
8,29,4.730907278303755
8,30,3.5107538972217687
8,31,3.207120250776311
8,32,3.8048881515002497
8,33,0.9031864364537735
8,34,1.6684829521742073
8,35,3.0451843202428575
8,36,68.07085469047878
8,37,2.6891720219311432
8,38,3.560457915801877
8,39,2.3001203015619285
8,40,68.95996489394189
8,41,1.1283799225794928
8,42,1.0986056386219532
9,0,3.815438886888679
9,1,2.6237711401261707
9,2,3.354209863159765
9,3,2.9769050053574233
9,4,2.3507061808304384
9,5,65.488889910308
9,6,2.1276804343267415
9,7,2.8594092932259048
9,8,1.4462603496609616
9,9,0.0
9,10,2.826865074920531
9,11,3.6765170572009946
9,12,4.373582632951945
9,13,4.155464194819369
9,14,3.8989417673539997
9,15,3.2791547435064974
9,16,3.08457177658284
9,17,3.1504754095575187
9,18,3.040920106183675
9,19,3.093381295899185
9,20,4.579618372106848
9,21,3.695484844998072
9,22,67.45506952714418
9,23,4.057249721568545
9,24,3.9306437684660294
9,25,5.068815500001748
9,26,2.5280710742204953
9,27,2.9632714818737496
9,28,3.2519254740798385
9,29,4.37079475505717
9,30,3.150641373975183
9,31,2.847007727529726
9,32,3.444775628253664
9,33,0.543073913207188
9,34,1.308370428927622
9,35,2.685071796996272
9,36,67.7107421672322
9,37,2.3290594986845576
9,38,3.2003453925552914
9,39,1.9400077783153429
9,40,68.5998523706953
9,41,0.7682673993329072
9,42,0.7384931153753677
10,0,3.7118194695006714
10,1,2.520151722738163
10,2,4.618117169393413
10,3,4.240812311591071
10,4,3.6146134870640863
10,5,67.22960715881415
10,6,3.3915877405603894
10,7,4.123316599459553
10,8,3.1869775981671165
10,9,2.826865074920531
10,10,0.0
10,11,1.4472399836805352
10,12,2.144305559431486
10,13,1.9261871212989101
10,14,1.6696646938335404
10,15,1.0498776699860386
10,16,0.8552947030623815
10,17,0.9211983360370601
10,18,0.8116430326632162
10,19,0.8641042223787261
10,20,2.3503412985863896
10,21,1.4662077714776132
10,22,65.22579245362371
10,23,1.8279726480480858
10,24,3.827024351078022
10,25,2.8395384264812895
10,26,0.29879400070003614
10,27,0.7339944083532906
10,28,1.0226484005593797
10,29,2.141517681536711
10,30,3.0470219565871757
10,31,0.6177306540092669
10,32,1.2154985547332053
10,33,2.283791161713343
10,34,3.0490876774337767
10,35,3.9489791032299197
10,36,68.97464947346585
10,37,3.5929668049182055
10,38,3.096725975167284
10,39,3.2039150845489908
10,40,66.37057529717484
10,41,2.5089846478390623
10,42,2.479210363881523
11,0,2.728062343714796
11,1,1.5363945969522876
11,2,3.634360043607537
11,3,3.257055185805196
11,4,2.630856361278211
11,5,68.07925914109461
11,6,2.407830614774514
11,7,3.1395594736736774
11,8,4.03662958044758
11,9,3.6765170572009946
11,10,1.4472399836805352
11,11,0.0
11,12,1.1605484336456109
11,13,0.9424299955130347
11,14,0.6859075680476651
11,15,1.8995296522665013
11,16,1.7049466853428445
11,17,1.770850318317523
11,18,1.6612950149436791
11,19,1.713756204659189
11,20,1.3665841728005141
11,21,2.3158597537580765
11,22,66.07544443590417
11,23,0.8442155222622105
11,24,2.8432672252921467
11,25,1.8557813006954142
11,26,1.1484459829804992
11,27,1.5836463906337535
11,28,1.8723003828398428
11,29,1.1577605557508357
11,30,2.0632648308013004
11,31,1.4673826362897298
11,32,0.23174142894732994
11,33,3.1334431439938064
11,34,3.89873965971424
11,35,2.9652219774440445
11,36,67.99089234767996
11,37,2.6092096791323303
11,38,2.1129688493814087
11,39,2.2201579587631155
11,40,65.38681817138897
11,41,3.3586366301195256
11,42,3.328862346161986
12,0,3.425127919465747
12,1,2.233460172703239
12,2,4.331425619358488
12,3,3.9541207615561467
12,4,3.3279219370291617
12,5,68.77632471684556
12,6,3.104896190525465
12,7,3.836625049424628
12,8,4.7336951561985305
12,9,4.373582632951945
12,10,2.144305559431486
12,11,1.1605484336456109
12,12,0.0
12,13,1.6394955712639856
12,14,1.3829731437986161
12,15,2.5965952280174522
12,16,2.4020122610937955
12,17,2.467915894068474
12,18,2.3583605906946303
12,19,2.41082178041014
12,20,2.063649748551465
12,21,3.0129253295090273
12,22,66.77251001165513
12,23,1.5412810980131615
12,24,3.5403328010430974
12,25,2.5528468764463654
12,26,1.8455115587314501
12,27,2.2807119663847044
12,28,2.5693659585907938
12,29,1.8548261315017867
12,30,2.760330406552251
12,31,2.1644482120406807
12,32,0.9288070046982809
12,33,3.830508719744757
12,34,4.595805235465191
12,35,3.662287553194995
12,36,68.68795792343091
12,37,3.306275254883281
12,38,2.8100344251323595
12,39,2.9172235345140662
12,40,66.08388374713992
12,41,4.055702205870476
12,42,4.0259279219129365
13,0,3.207009481333171
13,1,2.0153417345706623
13,2,4.113307181225912
13,3,3.7360023234235706
13,4,3.1098034988965857
13,5,68.55820627871299
13,6,2.886777752392889
13,7,3.618506611292052
13,8,4.5155767180659545
13,9,4.155464194819369
13,10,1.9261871212989101
13,11,0.9424299955130347
13,12,1.6394955712639856
13,13,0.0
13,14,1.1648547056660399
13,15,2.378476789884876
13,16,2.1838938229612195
13,17,2.249797455935898
13,18,2.1402421525620543
13,19,2.192703342277564
13,20,1.845531310418889
13,21,2.794806891376451
13,22,66.55439157352255
13,23,1.3231626598805852
13,24,3.3222143629105214
13,25,2.334728438313789
13,26,1.627393120598874
13,27,2.0625935282521284
13,28,2.3512475204582177
13,29,1.6367076933692104
13,30,2.542211968419675
13,31,1.9463297739081047
13,32,0.7106885665657048
13,33,3.612390281612181
13,34,4.377686797332615
13,35,3.444169115062419
13,36,68.46983948529834
13,37,3.088156816750705
13,38,2.5919159869997834
13,39,2.69910509638149
13,40,65.86576530900734
13,41,3.8375837677379003
13,42,3.807809483780361
14,0,2.950487053867801
14,1,1.7588193071052929
14,2,3.856784753760542
14,3,3.479479895958201
14,4,2.853281071431216
14,5,68.30168385124762
14,6,2.630255324927519
14,7,3.3619841838266824
14,8,4.259054290600585
14,9,3.8989417673539997
14,10,1.6696646938335404
14,11,0.6859075680476651
14,12,1.3829731437986161
14,13,1.1648547056660399
14,14,0.0
14,15,2.1219543624195065
14,16,1.9273713954958498
14,17,1.9932750284705283
14,18,1.8837197250966844
14,19,1.9361809148121942
14,20,1.5890088829535194
14,21,2.5382844639110815
14,22,66.29786914605718
14,23,1.0666402324152158
14,24,3.0656919354451517
14,25,2.0782060108484197
14,26,1.3708706931335044
14,27,1.8060711007867587
14,28,2.094725092992848
14,29,1.380185265903841
14,30,2.2856895409543054
14,31,1.689807346442735
14,32,0.45416613910033515
14,33,3.3558678541468114
14,34,4.1211643698672455
14,35,3.1876466875970495
14,36,68.21331705783297
14,37,2.8316343892853353
14,38,2.3353935595344137
14,39,2.4425826689161205
14,40,65.60924288154197
14,41,3.5810613402725306
14,42,3.551287056314991
15,0,4.164109138086637
15,1,2.9724413913241294
15,2,5.0704068379793785
15,3,4.693101980177037
15,4,4.066903155650053
15,5,67.68189682740012
15,6,3.8438774091463555
15,7,4.575606268045519
15,8,3.639267266753083
15,9,3.2791547435064974
15,10,1.0498776699860386
15,11,1.8995296522665013
15,12,2.5965952280174522
15,13,2.378476789884876
15,14,2.1219543624195065
15,15,0.0
15,16,1.3075843716483477
15,17,1.3734880046230264
15,18,1.2639327012491823
15,19,1.3163938909646924
15,20,2.8026309671723557
15,21,1.9184974400635795
15,22,65.67808212220967
15,23,2.280262316634052
15,24,4.279314019663988
15,25,3.291828095067256
15,26,0.7510836692860023
15,27,1.1862840769392566
15,28,1.474938069145346
15,29,2.593807350122677
15,30,3.4993116251731418
15,31,1.0700203225952332
15,32,1.6677882233191714
15,33,2.7360808302993096
15,34,3.5013773460197433
15,35,4.401268771815886
15,36,69.42693914205181
15,37,4.045256473504171
15,38,3.54901564375325
15,39,3.656204753134957
15,40,66.82286496576081
15,41,2.961274316425029
15,42,2.9315000324674894
16,0,3.969526171162981
16,1,2.7778584244004723
16,2,4.875823871055722
16,3,4.4985190132533805
16,4,3.8723201887263956
16,5,67.48731386047646
16,6,3.6492944422226987
16,7,4.3810233011218624
16,8,3.444684299829426
16,9,3.08457177658284
16,10,0.8552947030623815
16,11,1.7049466853428445
16,12,2.4020122610937955
16,13,2.1838938229612195
16,14,1.9273713954958498
16,15,1.3075843716483477
16,16,0.0
16,17,1.1789050376993693
16,18,1.0693497343255256
16,19,1.1218109240410352
16,20,2.608048000248699
16,21,1.7239144731399225
16,22,65.48349915528601
16,23,2.085679349710395
16,24,4.084731052740331
16,25,3.097245128143599
16,26,0.5565007023623454
16,27,0.9917011100155997
16,28,1.280355102221689
16,29,2.3992243831990203
16,30,3.304728658249485
16,31,0.8754373556715762
16,32,1.4732052563955147
16,33,2.5414978633756524
16,34,3.306794379096086
16,35,4.2066858048922295
16,36,69.23235617512815
16,37,3.850673506580515
16,38,3.3544326768295933
16,39,3.4616217862113
16,40,66.62828199883715
16,41,2.7666913495013716
16,42,2.736917065543832
17,0,4.035429804137659
17,1,2.8437620573751508
17,2,4.941727504030401
17,3,4.564422646228059
17,4,3.938223821701074
17,5,67.55321749345114
17,6,3.715198075197377
17,7,4.44692693409654
17,8,3.5105879328041043
17,9,3.1504754095575187
17,10,0.9211983360370601
17,11,1.770850318317523
17,12,2.467915894068474
17,13,2.249797455935898
17,14,1.9932750284705283
17,15,1.3734880046230264
17,16,1.1789050376993693
17,17,0.0
17,18,1.135253367300204
17,19,1.187714557015714
17,20,2.6739516332233775
17,21,1.789818106114601
17,22,65.54940278826069
17,23,2.1515829826850736
17,24,4.15063468571501
17,25,3.1631487611182774
17,26,0.622404335337024
17,27,1.0576047429902784
17,28,1.3462587351963675
17,29,2.465128016173699
17,30,3.3706322912241635
17,31,0.9413409886462547
17,32,1.5391088893701932
17,33,2.607401496350331
17,34,3.3726980120707646
17,35,4.272589437866908
17,36,69.29825980810283
17,37,3.9165771395551934
17,38,3.420336309804272
17,39,3.5275254191859786
17,40,66.69418563181183
17,41,2.83259498247605
17,42,2.8028206985185107
18,0,3.9258745007638156
18,1,2.734206754001307
18,2,4.832172200656556
18,3,4.4548673428542145
18,4,3.82866851832723
18,5,67.44366219007729
18,6,3.605642771823533
18,7,4.337371630722696
18,8,3.4010326294302606
18,9,3.040920106183675
18,10,0.8116430326632162
18,11,1.6612950149436791
18,12,2.3583605906946303
18,13,2.1402421525620543
18,14,1.8837197250966844
18,15,1.2639327012491823
18,16,1.0693497343255256
18,17,1.135253367300204
18,18,0.0
18,19,1.07815925364187
18,20,2.564396329849534
18,21,1.6802628027407573
18,22,65.43984748488685
18,23,2.04202767931123
18,24,4.041079382341166
18,25,3.0535934577444337
18,26,0.5128490319631801
18,27,0.9480494396164345
18,28,1.2367034318225238
18,29,2.355572712799855
18,30,3.26107698785032
18,31,0.8317856852724108
18,32,1.4295535859963493
18,33,2.4978461929764872
18,34,3.263142708696921
18,35,4.1630341344930635
18,36,69.18870450472899
18,37,3.8070218361813493
18,38,3.310781006430428
18,39,3.4179701158121345
18,40,66.58463032843798
18,41,2.7230396791022065
18,42,2.693265395144667
19,0,3.9783356904793252
19,1,2.786667943716817
19,2,4.884633390372066
19,3,4.5073285325697245
19,4,3.88112970804274
19,5,67.4961233797928
19,6,3.658103961539043
19,7,4.389832820438206
19,8,3.4534938191457702
19,9,3.093381295899185
19,10,0.8641042223787261
19,11,1.713756204659189
19,12,2.41082178041014
19,13,2.192703342277564
19,14,1.9361809148121942
19,15,1.3163938909646924
19,16,1.1218109240410352
19,17,1.187714557015714
19,18,1.07815925364187
19,19,0.0
19,20,2.6168575195650434
19,21,1.732723992456267
19,22,65.49230867460236
19,23,2.0944888690267396
19,24,4.093540572056676
19,25,3.1060546474599438
19,26,0.5653102216786899
19,27,1.0005106293319443
19,28,1.2891646215380335
19,29,2.4080339025153648
19,30,3.3135381775658295
19,31,0.8842468749879207
19,32,1.4820147757118591
19,33,2.550307382691997
19,34,3.3156038984124305
19,35,4.2154953242085735
19,36,69.24116569444449
19,37,3.8594830258968593
19,38,3.363242196145938
19,39,3.4704313055276446
19,40,66.6370915181535
19,41,2.775500868817716
19,42,2.7457265848601766
20,0,3.6311636586206504
20,1,2.439495911858142
20,2,4.537461358513392
20,3,4.16015650071105
20,4,3.533957676184065
20,5,68.98236045600046
20,6,3.3109319296803683
20,7,4.042660788579532
20,8,4.939730895353434
20,9,4.579618372106848
20,10,2.3503412985863896
20,11,1.3665841728005141
20,12,2.063649748551465
20,13,1.845531310418889
20,14,1.5890088829535194
20,15,2.8026309671723557
20,16,2.608048000248699
20,17,2.6739516332233775
20,18,2.564396329849534
20,19,2.6168575195650434
20,20,0.0
20,21,3.2189610686639307
20,22,66.97854575081003
20,23,1.7473168371680647
20,24,3.746368540198001
20,25,2.7588826156012685
20,26,2.0515472978863536
20,27,2.486747705539608
20,28,2.7754016977456972
20,29,2.06086187065669
20,30,2.9663661457071546
20,31,2.370483951195584
20,32,1.1348427438531843
20,33,4.036544458899661
20,34,4.801840974620094
20,35,3.8683232923498987
20,36,68.89399366258581
20,37,3.5123109940381845
20,38,3.016070164287263
20,39,3.1232592736689697
20,40,66.28991948629482
20,41,4.26173794502538
20,42,4.23196366106784
21,0,4.5804392395782125
21,1,3.388771492815704
21,2,5.486736939470954
21,3,5.109432081668613
21,4,4.483233257141628
21,5,68.09822692889169
21,6,4.2602075106379305
21,7,4.991936369537094
21,8,4.0555973682446576
21,9,3.695484844998072
21,10,1.4662077714776132
21,11,2.3158597537580765
21,12,3.0129253295090273
21,13,2.794806891376451
21,14,2.5382844639110815
21,15,1.9184974400635795
21,16,1.7239144731399225
21,17,1.789818106114601
21,18,1.6802628027407573
21,19,1.732723992456267
21,20,3.2189610686639307
21,21,0.0
21,22,66.09441222370124
21,23,2.696592418125627
21,24,4.6956441211555635
21,25,3.7081581965588306
21,26,1.1674137707775771
21,27,1.6026141784308314
21,28,1.8912681706369208
21,29,3.010137451614252
21,30,3.9156417266647168
21,31,1.486350424086808
21,32,2.0841183248107464
21,33,3.152410931790884
21,34,3.917707447511318
21,35,4.817598873307461
21,36,69.84326924354338
21,37,4.461586574995747
21,38,3.965345745244825
21,39,4.072534854626532
21,40,67.23919506725238
21,41,3.3776044179166034
21,42,3.347830133959064
22,0,68.34002392172431
22,1,67.1483561749618
22,2,69.24632162161704
22,3,68.8690167638147
22,4,68.24281793928772
22,5,131.8578116110378
22,6,68.01979219278402
22,7,68.75152105168318
22,8,67.81518205039076
22,9,67.45506952714418
22,10,65.22579245362371
22,11,66.07544443590417
22,12,66.77251001165513
22,13,66.55439157352255
22,14,66.29786914605718
22,15,65.67808212220967
22,16,65.48349915528601
22,17,65.54940278826069
22,18,65.43984748488685
22,19,65.49230867460236
22,20,66.97854575081003
22,21,66.09441222370124
22,22,0.0
22,23,66.45617710027173
22,24,68.45522880330167
22,25,67.46774287870493
22,26,64.92699845292367
22,27,65.36219886057692
22,28,65.65085285278302
22,29,66.76972213376035
22,30,67.67522640881081
22,31,65.2459351062329
22,32,65.84370300695684
22,33,66.91199561393698
22,34,67.67729212965742
22,35,68.57718355545356
22,36,133.6028539256895
22,37,68.22117125714183
22,38,67.72493042739092
22,39,67.83211953677262
22,40,130.99877974939847
22,41,67.1371891000627
22,42,67.10741481610516
23,0,3.1087950080823465
23,1,1.9171272613198385
23,2,4.0150927079750875
23,3,3.6377878501727463
23,4,3.0115890256457614
23,5,68.45999180546217
23,6,2.7885632791420645
23,7,3.5202921380412278
23,8,4.417362244815131
23,9,4.057249721568545
23,10,1.8279726480480858
23,11,0.8442155222622105
23,12,1.5412810980131615
23,13,1.3231626598805852
23,14,1.0666402324152158
23,15,2.280262316634052
23,16,2.085679349710395
23,17,2.1515829826850736
23,18,2.04202767931123
23,19,2.0944888690267396
23,20,1.7473168371680647
23,21,2.696592418125627
23,22,66.45617710027173
23,23,0.0
23,24,3.223999889659697
23,25,2.236513965062965
23,26,1.5291786473480498
23,27,1.964379055001304
23,28,2.2530330472073934
23,29,1.5384932201183863
23,30,2.443997495168851
23,31,1.8481153006572804
23,32,0.6124740933148806
23,33,3.514175808361357
23,34,4.279472324081791
23,35,3.345954641811595
23,36,68.37162501204752
23,37,2.9899423434998806
23,38,2.493701513748959
23,39,2.600890623130666
23,40,65.76755083575652
23,41,3.739369294487076
23,42,3.7095950105295366
24,0,2.498540375102367
24,1,1.3068726283398588
24,2,3.4048380749951086
24,3,3.027533217192767
24,4,2.401334392665782
24,5,68.33338585235965
24,6,2.178308646162085
24,7,2.9100375050612484
24,8,4.290756291712615
24,9,3.9306437684660294
24,10,3.827024351078022
24,11,2.8432672252921467
24,12,3.5403328010430974
24,13,3.3222143629105214
24,14,3.0656919354451517
24,15,4.279314019663988
24,16,4.084731052740331
24,17,4.15063468571501
24,18,4.041079382341166
24,19,4.093540572056676
24,20,3.746368540198001
24,21,4.6956441211555635
24,22,68.45522880330167
24,23,3.223999889659697
24,24,0.0
24,25,4.235565668092901
24,26,3.528230350377986
24,27,3.9634307580312402
24,28,4.25208475023733
24,29,3.5375449231483223
24,30,1.8337428621888714
24,31,3.8471670036872165
24,32,2.6115257963448166
24,33,3.3875698552588416
24,34,4.152866370979275
24,35,2.7357000088316155
24,36,67.76137037906754
24,37,2.3796877105199012
24,38,1.8834468807689797
24,39,1.9906359901506865
24,40,67.76660253878646
24,41,3.612763341384561
24,42,3.582989057427021
25,0,4.12036078651555
25,1,2.928693039753042
25,2,5.026658486408292
25,3,4.649353628605951
25,4,4.023154804078966
25,5,69.47155758389538
25,6,3.8001290575752686
25,7,4.531857916474432
25,8,5.428928023248334
25,9,5.068815500001748
25,10,2.8395384264812895
25,11,1.8557813006954142
25,12,2.5528468764463654
25,13,2.334728438313789
25,14,2.0782060108484197
25,15,3.291828095067256
25,16,3.097245128143599
25,17,3.1631487611182774
25,18,3.0535934577444337
25,19,3.1060546474599438
25,20,2.7588826156012685
25,21,3.7081581965588306
25,22,67.46774287870493
25,23,2.236513965062965
25,24,4.235565668092901
25,25,0.0
25,26,2.5407444257812535
25,27,2.975944833434508
25,28,3.264598825640597
25,29,2.5500589985515902
25,30,3.4555632736020545
25,31,2.8596810790904845
25,32,1.6240398717480844
25,33,4.5257415867945605
25,34,5.291038102514994
25,35,4.357520420244799
25,36,69.38319079048073
25,37,4.001508121933084
25,38,3.505267292182163
25,39,3.61245640156387
25,40,66.77911661418972
25,41,4.75093507292028
25,42,4.72116078896274
26,0,3.4130254688006354
26,1,2.221357722038127
26,2,4.319323168693376
26,3,3.942018310891035
26,4,3.31581948636405
26,5,66.93081315811412
26,6,3.0927937398603533
26,7,3.8245225987595166
26,8,2.8881835974670804
26,9,2.5280710742204953
26,10,0.29879400070003614
26,11,1.1484459829804992
26,12,1.8455115587314501
26,13,1.627393120598874
26,14,1.3708706931335044
26,15,0.7510836692860023
26,16,0.5565007023623454
26,17,0.622404335337024
26,18,0.5128490319631801
26,19,0.5653102216786899
26,20,2.0515472978863536
26,21,1.1674137707775771
26,22,64.92699845292367
26,23,1.5291786473480498
26,24,3.528230350377986
26,25,2.5407444257812535
26,26,0.0
26,27,0.43520040765325435
26,28,0.7238543998593436
26,29,1.842723680836675
26,30,2.7482279558871396
26,31,0.31893665330923077
26,32,0.9167045540331692
26,33,1.984997161013307
26,34,2.7502936767337407
26,35,3.6501851025298837
26,36,68.6758554727658
26,37,3.2941728042181695
26,38,2.797931974467248
26,39,2.9051210838489547
26,40,66.07178129647481
26,41,2.2101906471390262
26,42,2.180416363181487
27,0,3.8482258764538897
27,1,2.6565581296913816
27,2,4.754523576346631
27,3,4.37721871854429
27,4,3.7510198940173045
27,5,67.36601356576737
27,6,3.5279941475136076
27,7,4.259723006412771
27,8,3.3233840051203347
27,9,2.9632714818737496
27,10,0.7339944083532906
27,11,1.5836463906337535
27,12,2.2807119663847044
27,13,2.0625935282521284
27,14,1.8060711007867587
27,15,1.1862840769392566
27,16,0.9917011100155997
27,17,1.0576047429902784
27,18,0.9480494396164345
27,19,1.0005106293319443
27,20,2.486747705539608
27,21,1.6026141784308314
27,22,65.36219886057692
27,23,1.964379055001304
27,24,3.9634307580312402
27,25,2.975944833434508
27,26,0.43520040765325435
27,27,0.0
27,28,1.159054807512598
27,29,2.277924088489929
27,30,3.183428363540394
27,31,0.7541370609624851
27,32,1.3519049616864236
27,33,2.4201975686665613
27,34,3.185494084386995
27,35,4.085385510183138
27,36,69.11105588041906
27,37,3.729373211871424
27,38,3.2331323821205022
27,39,3.340321491502209
27,40,66.50698170412807
27,41,2.6453910547922805
27,42,2.615616770834741
28,0,4.136879868659979
28,1,2.9452121218974705
28,2,5.0431775685527205
28,3,4.665872710750379
28,4,4.039673886223394
28,5,67.65466755797345
28,6,3.816648139719697
28,7,4.54837699861886
28,8,3.612037997326424
28,9,3.2519254740798385
28,10,1.0226484005593797
28,11,1.8723003828398428
28,12,2.5693659585907938
28,13,2.3512475204582177
28,14,2.094725092992848
28,15,1.474938069145346
28,16,1.280355102221689
28,17,1.3462587351963675
28,18,1.2367034318225238
28,19,1.2891646215380335
28,20,2.7754016977456972
28,21,1.8912681706369208
28,22,65.65085285278302
28,23,2.2530330472073934
28,24,4.25208475023733
28,25,3.264598825640597
28,26,0.7238543998593436
28,27,1.159054807512598
28,28,0.0
28,29,2.5665780806960186
28,30,3.4720823557464833
28,31,1.0427910531685745
28,32,1.640558953892513
28,33,2.7088515608726507
28,34,3.4741480765930843
28,35,4.374039502389228
28,36,69.39970987262515
28,37,4.018027204077513
28,38,3.5217863743265916
28,39,3.6289754837082984
28,40,66.79563569633414
28,41,2.93404504699837
28,42,2.9042707630408304
29,0,3.4223400415709717
29,1,2.2306722948084636
29,2,4.328637741463713
29,3,3.9513328836613715
29,4,3.3251340591343865
29,5,68.77353683895079
29,6,3.1021083126306896
29,7,3.833837171529853
29,8,4.730907278303755
29,9,4.37079475505717
29,10,2.141517681536711
29,11,1.1577605557508357
29,12,1.8548261315017867
29,13,1.6367076933692104
29,14,1.380185265903841
29,15,2.593807350122677
29,16,2.3992243831990203
29,17,2.465128016173699
29,18,2.355572712799855
29,19,2.4080339025153648
29,20,2.06086187065669
29,21,3.010137451614252
29,22,66.76972213376035
29,23,1.5384932201183863
29,24,3.5375449231483223
29,25,2.5500589985515902
29,26,1.842723680836675
29,27,2.277924088489929
29,28,2.5665780806960186
29,29,0.0
29,30,2.757542528657476
29,31,2.1616603341459055
29,32,0.9260191268035057
29,33,3.827720841849982
29,34,4.593017357570416
29,35,3.65949967530022
29,36,68.68517004553614
29,37,3.303487376988506
29,38,2.8072465472375843
29,39,2.914435656619291
29,40,66.08109586924515
29,41,4.052914327975701
29,42,4.023140044018161
30,0,1.7185379806115209
30,1,0.5268702338490127
30,2,2.624835680504262
30,3,2.2475308227019206
30,4,1.6213319981749357
30,5,67.5533834578688
30,6,1.3983062516712386
30,7,2.130035110570402
30,8,3.5107538972217687
30,9,3.150641373975183
30,10,3.0470219565871757
30,11,2.0632648308013004
30,12,2.760330406552251
30,13,2.542211968419675
30,14,2.2856895409543054
30,15,3.4993116251731418
30,16,3.304728658249485
30,17,3.3706322912241635
30,18,3.26107698785032
30,19,3.3135381775658295
30,20,2.9663661457071546
30,21,3.9156417266647168
30,22,67.67522640881081
30,23,2.443997495168851
30,24,1.8337428621888714
30,25,3.4555632736020545
30,26,2.7482279558871396
30,27,3.183428363540394
30,28,3.4720823557464833
30,29,2.757542528657476
30,30,0.0
30,31,3.0671646091963702
30,32,1.8315234018539703
30,33,2.607567460767995
30,34,3.372863976488429
30,35,1.9556976143407692
30,36,66.98136798457669
30,37,1.599685316029055
30,38,1.1034444862781336
30,39,1.2106335956598402
30,40,66.98660014429561
30,41,2.832760946893714
30,42,2.8029866629361746
31,0,3.731962122109866
31,1,2.540294375347358
31,2,4.638259822002607
31,3,4.260954964200266
31,4,3.634756139673281
31,5,67.24974981142334
31,6,3.411730393169584
31,7,4.143459252068747
31,8,3.207120250776311
31,9,2.847007727529726
31,10,0.6177306540092669
31,11,1.4673826362897298
31,12,2.1644482120406807
31,13,1.9463297739081047
31,14,1.689807346442735
31,15,1.0700203225952332
31,16,0.8754373556715762
31,17,0.9413409886462547
31,18,0.8317856852724108
31,19,0.8842468749879207
31,20,2.370483951195584
31,21,1.486350424086808
31,22,65.2459351062329
31,23,1.8481153006572804
31,24,3.8471670036872165
31,25,2.8596810790904845
31,26,0.31893665330923077
31,27,0.7541370609624851
31,28,1.0427910531685745
31,29,2.1616603341459055
31,30,3.0671646091963702
31,31,0.0
31,32,1.2356412073424
31,33,2.3039338143225376
31,34,3.0692303300429713
31,35,3.9691217558391143
31,36,68.99479212607504
31,37,3.6131094575274
31,38,3.1168686277764786
31,39,3.2240577371581853
31,40,66.39071794978403
31,41,2.529127300448257
31,42,2.4993530164907174
32,0,2.496320914767466
32,1,1.3046531680049578
32,2,3.4026186146602075
32,3,3.025313756857866
32,4,2.399114932330881
32,5,67.84751771214728
32,6,2.176089185827184
32,7,2.9078180447263473
32,8,3.8048881515002497
32,9,3.444775628253664
32,10,1.2154985547332053
32,11,0.23174142894732994
32,12,0.9288070046982809
32,13,0.7106885665657048
32,14,0.45416613910033515
32,15,1.6677882233191714
32,16,1.4732052563955147
32,17,1.5391088893701932
32,18,1.4295535859963493
32,19,1.4820147757118591
32,20,1.1348427438531843
32,21,2.0841183248107464
32,22,65.84370300695684
32,23,0.6124740933148806
32,24,2.6115257963448166
32,25,1.6240398717480844
32,26,0.9167045540331692
32,27,1.3519049616864236
32,28,1.640558953892513
32,29,0.9260191268035057
32,30,1.8315234018539703
32,31,1.2356412073424
32,32,0.0
32,33,2.9017017150464763
32,34,3.66699823076691
32,35,2.7334805484967144
32,36,67.75915091873263
32,37,2.377468250185
32,38,1.8812274204340786
32,39,1.9884165298157854
32,40,65.15507674244164
32,41,3.1268952011721955
32,42,3.097120917214656
33,0,3.2723649736814906
33,1,2.0806972269189825
33,2,2.8111359499525768
33,3,2.4338310921502355
33,4,1.8076322676232504
33,5,64.94581599710081
33,6,1.5846065211195532
33,7,2.3163353800187165
33,8,0.9031864364537735
33,9,0.543073913207188
33,10,2.283791161713343
33,11,3.1334431439938064
33,12,3.830508719744757
33,13,3.612390281612181
33,14,3.3558678541468114
33,15,2.7360808302993096
33,16,2.5414978633756524
33,17,2.607401496350331
33,18,2.4978461929764872
33,19,2.550307382691997
33,20,4.036544458899661
33,21,3.152410931790884
33,22,66.91199561393698
33,23,3.514175808361357
33,24,3.3875698552588416
33,25,4.5257415867945605
33,26,1.984997161013307
33,27,2.4201975686665613
33,28,2.7088515608726507
33,29,3.827720841849982
33,30,2.607567460767995
33,31,2.3039338143225376
33,32,2.9017017150464763
33,33,0.0
33,34,0.7652965157204338
33,35,2.141997883789084
33,36,67.167668254025
33,37,1.7859855854773696
33,38,2.657271479348103
33,39,1.3969338651081549
33,40,68.05677845748811
33,41,0.22519348612571924
33,42,0.19541920216817962
34,0,4.037661489401925
34,1,2.8459937426394166
34,2,3.576432465673011
34,3,3.199127607870669
34,4,2.5729287833436842
34,5,65.71111251282124
34,6,2.3499030368399874
34,7,3.0816318957391506
34,8,1.6684829521742073
34,9,1.308370428927622
34,10,3.0490876774337767
34,11,3.89873965971424
34,12,4.595805235465191
34,13,4.377686797332615
34,14,4.1211643698672455
34,15,3.5013773460197433
34,16,3.306794379096086
34,17,3.3726980120707646
34,18,3.263142708696921
34,19,3.3156038984124305
34,20,4.801840974620094
34,21,3.917707447511318
34,22,67.67729212965742
34,23,4.279472324081791
34,24,4.152866370979275
34,25,5.291038102514994
34,26,2.7502936767337407
34,27,3.185494084386995
34,28,3.4741480765930843
34,29,4.593017357570416
34,30,3.372863976488429
34,31,3.0692303300429713
34,32,3.66699823076691
34,33,0.7652965157204338
34,34,0.0
34,35,2.9072943995095177
34,36,67.93296476974544
34,37,2.5512821011978035
34,38,3.4225679950685373
34,39,2.1622303808285888
34,40,68.82207497320854
34,41,0.990490001846153
34,42,0.9607157178886134
35,0,2.620495127254265
35,1,1.4288273804917568
35,2,2.159266103525351
35,3,1.7819612457230094
35,4,1.1557624211960247
35,5,67.0878138808899
35,6,0.9327366746923276
35,7,1.6644655335914909
35,8,3.0451843202428575
35,9,2.685071796996272
35,10,3.9489791032299197
35,11,2.9652219774440445
35,12,3.662287553194995
35,13,3.444169115062419
35,14,3.1876466875970495
35,15,4.401268771815886
35,16,4.2066858048922295
35,17,4.272589437866908
35,18,4.1630341344930635
35,19,4.2154953242085735
35,20,3.8683232923498987
35,21,4.817598873307461
35,22,68.57718355545356
35,23,3.345954641811595
35,24,2.7357000088316155
35,25,4.357520420244799
35,26,3.6501851025298837
35,27,4.085385510183138
35,28,4.374039502389228
35,29,3.65949967530022
35,30,1.9556976143407692
35,31,3.9691217558391143
35,32,2.7334805484967144
35,33,2.141997883789084
35,34,2.9072943995095177
35,35,0.0
35,36,66.51579840759779
35,37,1.1341157390501437
35,38,2.0054016329208775
35,39,0.7450640186809291
35,40,67.88855729093835
35,41,2.3671913699148033
35,42,2.3374170859572634
36,0,67.64616549749019
36,1,66.45449775072768
36,2,67.18493647376127
36,3,66.80763161595893
36,4,66.18143279143194
36,5,132.1134842511258
36,6,65.95840704492825
36,7,66.69013590382741
36,8,68.07085469047878
36,9,67.7107421672322
36,10,68.97464947346585
36,11,67.99089234767996
36,12,68.68795792343091
36,13,68.46983948529834
36,14,68.21331705783297
36,15,69.42693914205181
36,16,69.23235617512815
36,17,69.29825980810283
36,18,69.18870450472899
36,19,69.24116569444449
36,20,68.89399366258581
36,21,69.84326924354338
36,22,133.6028539256895
36,23,68.37162501204752
36,24,67.76137037906754
36,25,69.38319079048073
36,26,68.6758554727658
36,27,69.11105588041906
36,28,69.39970987262515
36,29,68.68517004553614
36,30,66.98136798457669
36,31,68.99479212607504
36,32,67.75915091873263
36,33,67.167668254025
36,34,67.93296476974544
36,35,66.51579840759779
36,36,0.0
36,37,66.15978610928606
36,38,67.0310720031568
36,39,65.77073438891685
36,40,132.91422766117427
36,41,67.39286174015072
36,42,67.36308745619318
37,0,2.2644828289425507
37,1,1.0728150821800424
37,2,1.8032538052136367
37,3,1.4259489474112952
37,4,0.7997501228843102
37,5,66.73180158257817
37,6,0.5767243763806131
37,7,1.3084532352797766
37,8,2.6891720219311432
37,9,2.3290594986845576
37,10,3.5929668049182055
37,11,2.6092096791323303
37,12,3.306275254883281
37,13,3.088156816750705
37,14,2.8316343892853353
37,15,4.045256473504171
37,16,3.850673506580515
37,17,3.9165771395551934
37,18,3.8070218361813493
37,19,3.8594830258968593
37,20,3.5123109940381845
37,21,4.461586574995747
37,22,68.22117125714183
37,23,2.9899423434998806
37,24,2.3796877105199012
37,25,4.001508121933084
37,26,3.2941728042181695
37,27,3.729373211871424
37,28,4.018027204077513
37,29,3.303487376988506
37,30,1.599685316029055
37,31,3.6131094575274
37,32,2.377468250185
37,33,1.7859855854773696
