source_id,target_id,rtt
0,0,0.0
0,1,114.9971864504303
0,2,116.45131954143483
0,3,113.25545699690326
0,4,123.04117173706007
0,5,129.53262186868835
0,6,226.51091399380653
0,7,226.51091399380653
0,8,226.72638494175266
0,9,116.28871399322959
0,10,231.7993097315209
0,11,116.22180580934659
0,12,230.2920344262248
0,13,118.08166338172737
0,14,230.2920344262248
0,15,115.22380009602134
0,16,226.51091399380653
0,17,231.7993097315209
0,18,226.72638494175266
0,19,113.67737645638562
0,20,113.50091698435834
0,21,113.88449641327449
0,22,115.60225220892917
0,23,226.72638494175266
0,24,113.71392040685092
0,25,226.72638494175266
0,26,226.72638494175266
0,27,116.19601296809398
0,28,227.91435700326554
0,29,113.50091698435834
0,30,226.72638494175266
0,31,116.22180580934659
0,32,115.22380009602134
0,33,116.19601296809398
0,34,113.25545699690326
0,35,226.72638494175266
0,36,226.72638494175266
1,0,114.9971864504303
1,1,0.0
1,2,4.937591998058596
1,3,1.7417294535270373
1,4,11.527444193683836
1,5,18.018894325312132
1,6,114.9971864504303
1,7,114.9971864504303
1,8,115.21265739837642
1,9,4.774986449853363
1,10,120.28558218814467
1,11,4.708078265970366
1,12,118.77830688284857
1,13,6.567935838351145
1,14,118.77830688284857
1,15,3.710072552645113
1,16,114.9971864504303
1,17,120.28558218814467
1,18,115.21265739837642
1,19,2.1636489130093923
1,20,1.9871894409821171
1,21,2.3707688698982627
1,22,4.08852466555294
1,23,115.21265739837642
1,24,2.200192863474697
1,25,115.21265739837642
1,26,115.21265739837642
1,27,4.6822854247177546
1,28,116.40062945988933
1,29,1.9871894409821171
1,30,115.21265739837642
1,31,4.708078265970366
1,32,3.710072552645113
1,33,4.6822854247177546
1,34,1.7417294535270373
1,35,115.21265739837642
1,36,115.21265739837642
2,0,116.45131954143483
2,1,4.937591998058596
2,2,0.0
2,3,3.195862544531559
2,4,12.981577284688358
2,5,19.473027416316654
2,6,116.45131954143483
2,7,116.45131954143483
2,8,116.61768152507459
2,9,6.180010576551522
2,10,121.7397152791492
2,11,6.162211356974888
2,12,120.23243997385309
2,13,8.022068929355667
2,14,120.23243997385309
2,15,5.164205643649635
2,16,116.45131954143483
2,17,121.7397152791492
2,18,116.61768152507459
2,19,3.568673039707552
2,20,3.3922135676802765
2,21,3.7757929965964223
2,22,5.4935487922511
2,23,116.61768152507459
2,24,3.6052169901728566
2,25,116.61768152507459
2,26,116.61768152507459
2,27,0.25530657334084156
2,28,111.97365060851241
2,29,3.3922135676802765
2,30,116.61768152507459
2,31,6.162211356974888
2,32,5.164205643649635
2,33,0.25530657334084156
2,34,3.195862544531559
2,35,116.61768152507459
2,36,116.61768152507459
3,0,113.25545699690326
3,1,1.7417294535270373
3,2,3.195862544531559
3,3,0.0
3,4,9.785714740156799
3,5,16.277164871785097
3,6,113.25545699690326
3,7,113.25545699690326
3,8,113.47092794484938
3,9,3.0332569963263256
3,10,118.54385273461763
3,11,2.9663488124433286
3,12,117.03657742932153
3,13,4.826206384824108
3,14,117.03657742932153
3,15,1.968343099118076
3,16,113.25545699690326
3,17,118.54385273461763
3,18,113.47092794484938
3,19,0.4219194594823551
3,20,0.24545998745507985
3,21,0.6290394163712256
3,22,2.346795212025903
3,23,113.47092794484938
3,24,0.4584634099476598
3,25,113.47092794484938
3,26,113.47092794484938
3,27,2.9405559711907174
3,28,114.65890000636229
3,29,0.24545998745507985
3,30,113.47092794484938
3,31,2.9663488124433286
3,32,1.968343099118076
3,33,2.9405559711907174
3,34,0.0
3,35,113.47092794484938
3,36,113.47092794484938
4,0,123.04117173706007
4,1,11.527444193683836
4,2,12.981577284688358
4,3,9.785714740156799
4,4,0.0
4,5,26.062879611941895
4,6,123.04117173706007
4,7,123.04117173706007
4,8,123.25664268500617
4,9,12.818971736483125
4,10,128.32956747477442
4,11,12.752063552600127
4,12,126.82229216947832
4,13,14.611921124980906
4,14,126.82229216947832
4,15,11.754057839274875
4,16,123.04117173706007
4,17,128.32956747477442
4,18,123.25664268500617
4,19,10.207634199639154
4,20,10.031174727611878
4,21,10.414754156528025
4,22,12.132509952182701
4,23,123.25664268500617
4,24,10.244178150104458
4,25,123.25664268500617
4,26,123.25664268500617
4,27,12.726270711347516
4,28,124.44461474651908
4,29,10.031174727611878
4,30,123.25664268500617
4,31,12.752063552600127
4,32,11.754057839274875
4,33,12.726270711347516
4,34,9.785714740156799
4,35,123.25664268500617
4,36,123.25664268500617
5,0,129.53262186868835
5,1,18.018894325312132
5,2,19.473027416316654
5,3,16.277164871785097
5,4,26.062879611941895
5,5,0.0
5,6,129.53262186868835
5,7,129.53262186868835
5,8,129.74809281663448
5,9,19.310421868111423
5,10,134.82101760640273
5,11,19.243513684228425
5,12,133.31374230110663
5,13,21.103371256609204
5,14,133.31374230110663
5,15,18.245507970903173
5,16,129.53262186868835
5,17,134.82101760640273
5,18,129.74809281663448
5,19,16.69908433126745
5,20,16.522624859240178
5,21,16.90620428815632
5,22,18.623960083811
5,23,129.74809281663448
5,24,16.735628281732755
5,25,129.74809281663448
5,26,129.74809281663448
5,27,19.217720842975815
5,28,130.9360648781474
5,29,16.522624859240178
5,30,129.74809281663448
5,31,19.243513684228425
5,32,18.245507970903173
5,33,19.217720842975815
5,34,16.277164871785097
5,35,129.74809281663448
5,36,129.74809281663448
6,0,226.51091399380653
6,1,114.9971864504303
6,2,116.45131954143483
6,3,113.25545699690326
6,4,123.04117173706007
6,5,129.53262186868835
6,6,0.0
6,7,226.51091399380653
6,8,226.72638494175266
6,9,116.28871399322959
6,10,231.7993097315209
6,11,116.22180580934659
6,12,230.2920344262248
6,13,118.08166338172737
6,14,230.2920344262248
6,15,115.22380009602134
6,16,226.51091399380653
6,17,231.7993097315209
6,18,226.72638494175266
6,19,113.67737645638562
6,20,113.50091698435834
6,21,113.88449641327449
6,22,115.60225220892917
6,23,226.72638494175266
6,24,113.71392040685092
6,25,226.72638494175266
6,26,226.72638494175266
6,27,116.19601296809398
6,28,227.91435700326554
6,29,113.50091698435834
6,30,226.72638494175266
6,31,116.22180580934659
6,32,115.22380009602134
6,33,116.19601296809398
6,34,113.25545699690326
6,35,226.72638494175266
6,36,226.72638494175266
7,0,226.51091399380653
7,1,114.9971864504303
7,2,116.45131954143483
7,3,113.25545699690326
7,4,123.04117173706007
7,5,129.53262186868835
7,6,226.51091399380653
7,7,0.0
7,8,226.72638494175266
7,9,116.28871399322959
7,10,231.7993097315209
7,11,116.22180580934659
7,12,230.2920344262248
7,13,118.08166338172737
7,14,230.2920344262248
7,15,115.22380009602134
7,16,226.51091399380653
7,17,231.7993097315209
7,18,226.72638494175266
7,19,113.67737645638562
7,20,113.50091698435834
7,21,113.88449641327449
7,22,115.60225220892917
7,23,226.72638494175266
7,24,113.71392040685092
7,25,226.72638494175266
7,26,226.72638494175266
7,27,116.19601296809398
7,28,227.91435700326554
7,29,113.50091698435834
7,30,226.72638494175266
7,31,116.22180580934659
7,32,115.22380009602134
7,33,116.19601296809398
7,34,113.25545699690326
7,35,226.72638494175266
7,36,226.72638494175266
8,0,226.72638494175266
8,1,115.21265739837642
8,2,116.61768152507459
8,3,113.47092794484938
8,4,123.25664268500617
8,5,129.74809281663448
8,6,226.72638494175266
8,7,226.72638494175266
8,8,0.0
8,9,116.01326496626555
8,10,231.649507985659
8,11,116.07200406348471
8,12,230.39503751216859
8,13,118.18466646767115
8,14,230.39503751216859
8,15,115.32680318196512
8,16,226.72638494175266
8,17,231.649507985659
8,18,226.4509359147886
8,19,113.40192742942158
8,20,113.2254679573943
8,21,113.60904738631045
8,22,115.32680318196512
8,23,226.4509359147886
8,24,113.43847137988688
8,25,226.4509359147886
8,26,226.4509359147886
8,27,116.36237495173374
8,28,228.0807189869053
8,29,113.2254679573943
8,30,226.4509359147886
8,31,116.07200406348471
8,32,115.32680318196512
8,33,116.36237495173374
8,34,113.47092794484938
8,35,226.4509359147886
8,36,226.4509359147886
9,0,116.28871399322959
9,1,4.774986449853363
9,2,6.180010576551522
9,3,3.0332569963263256
9,4,12.818971736483125
9,5,19.310421868111423
9,6,116.28871399322959
9,7,116.28871399322959
9,8,116.01326496626555
9,9,0.0
9,10,121.21183703713596
9,11,5.634333114961658
9,12,119.95736656364552
9,13,7.7469955191481015
9,14,119.95736656364552
9,15,4.889132233442069
9,16,116.28871399322959
9,17,121.21183703713596
9,18,116.01326496626555
9,19,2.9642564808985212
9,20,2.787797008871246
9,21,3.1713764377873916
9,22,4.889132233442069
9,23,116.01326496626555
9,24,3.000800431363826
9,25,116.01326496626555
9,26,116.01326496626555
9,27,5.924704003210681
9,28,117.64304803838225
9,29,2.787797008871246
9,30,116.01326496626555
9,31,5.634333114961658
9,32,4.889132233442069
9,33,5.924704003210681
9,34,3.0332569963263256
9,35,116.01326496626555
9,36,116.01326496626555
10,0,231.7993097315209
10,1,120.28558218814467
10,2,121.7397152791492
10,3,118.54385273461763
10,4,128.32956747477442
10,5,134.82101760640273
10,6,231.7993097315209
10,7,231.7993097315209
10,8,231.649507985659
10,9,121.21183703713596
10,10,0.0
10,11,115.5775039221743
10,12,235.58043016393916
10,13,123.37005911944173
10,14,235.58043016393916
10,15,120.5121958337357
10,16,231.7993097315209
10,17,231.1550078443486
10,18,231.649507985659
10,19,118.60049950029199
10,20,118.42404002826471
10,21,118.80761945718086
10,22,120.52537525283553
10,23,231.649507985659
10,24,118.63704345075729
10,25,231.649507985659
10,26,231.649507985659
10,27,121.48440870580835
10,28,233.20275274097992
10,29,118.42404002826471
10,30,231.649507985659
10,31,115.5775039221743
10,32,120.5121958337357
10,33,121.48440870580835
10,34,118.54385273461763
10,35,231.649507985659
10,36,231.649507985659
11,0,116.22180580934659
11,1,4.708078265970366
11,2,6.162211356974888
11,3,2.9663488124433286
11,4,12.752063552600127
11,5,19.243513684228425
11,6,116.22180580934659
11,7,116.22180580934659
11,8,116.07200406348471
11,9,5.634333114961658
11,10,115.5775039221743
11,11,0.0
11,12,120.00292624176485
11,13,7.792555197267436
11,14,120.00292624176485
11,15,4.934691911561405
11,16,116.22180580934659
11,17,115.5775039221743
11,18,116.07200406348471
11,19,3.0229955781176874
11,20,2.846536106090412
11,21,3.230115535006558
11,22,4.9478713306612345
11,23,116.07200406348471
11,24,3.059539528582992
11,25,116.07200406348471
11,26,116.07200406348471
11,27,5.906904783634046
11,28,117.62524881880562
11,29,2.846536106090412
11,30,116.07200406348471
11,31,0.0
11,32,4.934691911561405
11,33,5.906904783634046
11,34,2.9663488124433286
11,35,116.07200406348471
11,36,116.07200406348471
12,0,230.2920344262248
12,1,118.77830688284857
12,2,120.23243997385309
12,3,117.03657742932153
12,4,126.82229216947832
12,5,133.31374230110663
12,6,230.2920344262248
12,7,230.2920344262248
12,8,230.39503751216859
12,9,119.95736656364552
12,10,235.58043016393916
12,11,120.00292624176485
12,12,0.0
12,13,117.92609761590948
12,14,230.1364686604069
12,15,115.06823433020345
12,16,230.2920344262248
12,17,235.58043016393916
12,18,230.39503751216859
12,19,117.34602902680155
12,20,117.16956955477427
12,21,117.55314898369042
12,22,119.2709047793451
12,23,230.39503751216859
12,24,117.38257297726686
12,25,230.39503751216859
12,26,230.39503751216859
12,27,119.97713340051224
12,28,231.6954774356838
12,29,117.16956955477427
12,30,230.39503751216859
12,31,120.00292624176485
12,32,115.06823433020345
12,33,119.97713340051224
12,34,117.03657742932153
12,35,230.39503751216859
12,36,230.39503751216859
13,0,118.08166338172737
13,1,6.567935838351145
13,2,8.022068929355667
13,3,4.826206384824108
13,4,14.611921124980906
13,5,21.103371256609204
13,6,118.08166338172737
13,7,118.08166338172737
13,8,118.18466646767115
13,9,7.7469955191481015
13,10,123.37005911944173
13,11,7.792555197267436
13,12,117.92609761590948
13,13,0.0
13,14,117.92609761590948
13,15,2.857863285706032
13,16,118.08166338172737
13,17,123.37005911944173
13,18,118.18466646767115
13,19,5.135657982304131
13,20,4.959198510276855
13,21,5.342777939193001
13,22,7.060533734847678
13,23,118.18466646767115
13,24,5.172201932769435
13,25,118.18466646767115
13,26,118.18466646767115
13,27,7.766762356014825
13,28,119.48510639118639
13,29,4.959198510276855
13,30,118.18466646767115
13,31,7.792555197267436
13,32,2.857863285706032
13,33,7.766762356014825
13,34,4.826206384824108
13,35,118.18466646767115
13,36,118.18466646767115
14,0,230.2920344262248
14,1,118.77830688284857
14,2,120.23243997385309
14,3,117.03657742932153
14,4,126.82229216947832
14,5,133.31374230110663
14,6,230.2920344262248
14,7,230.2920344262248
14,8,230.39503751216859
14,9,119.95736656364552
14,10,235.58043016393916
14,11,120.00292624176485
14,12,230.1364686604069
14,13,117.92609761590948
14,14,0.0
14,15,115.06823433020345
14,16,230.2920344262248
14,17,235.58043016393916
14,18,230.39503751216859
14,19,117.34602902680155
14,20,117.16956955477427
14,21,117.55314898369042
14,22,119.2709047793451
14,23,230.39503751216859
14,24,117.38257297726686
14,25,230.39503751216859
14,26,230.39503751216859
14,27,119.97713340051224
14,28,231.6954774356838
14,29,117.16956955477427
14,30,230.39503751216859
14,31,120.00292624176485
14,32,115.06823433020345
14,33,119.97713340051224
14,34,117.03657742932153
14,35,230.39503751216859
14,36,230.39503751216859
15,0,115.22380009602134
15,1,3.710072552645113
15,2,5.164205643649635
15,3,1.968343099118076
15,4,11.754057839274875
15,5,18.245507970903173
15,6,115.22380009602134
15,7,115.22380009602134
15,8,115.32680318196512
15,9,4.889132233442069
15,10,120.5121958337357
15,11,4.934691911561405
15,12,115.06823433020345
15,13,2.857863285706032
15,14,115.06823433020345
15,15,0.0
15,16,115.22380009602134
15,17,120.5121958337357
15,18,115.32680318196512
15,19,2.2777946965980984
15,20,2.101335224570823
15,21,2.484914653486969
15,22,4.202670449141646
15,23,115.32680318196512
15,24,2.314338647063403
15,25,115.32680318196512
15,26,115.32680318196512
15,27,4.908899070308793
15,28,116.62724310548036
15,29,2.101335224570823
15,30,115.32680318196512
15,31,4.934691911561405
15,32,0.0
15,33,4.908899070308793
15,34,1.968343099118076
15,35,115.32680318196512
15,36,115.32680318196512
16,0,226.51091399380653
16,1,114.9971864504303
16,2,116.45131954143483
16,3,113.25545699690326
16,4,123.04117173706007
16,5,129.53262186868835
16,6,226.51091399380653
16,7,226.51091399380653
16,8,226.72638494175266
16,9,116.28871399322959
16,10,231.7993097315209
16,11,116.22180580934659
16,12,230.2920344262248
16,13,118.08166338172737
16,14,230.2920344262248
16,15,115.22380009602134
16,16,0.0
16,17,231.7993097315209
16,18,226.72638494175266
16,19,113.67737645638562
16,20,113.50091698435834
16,21,113.88449641327449
16,22,115.60225220892917
16,23,226.72638494175266
16,24,113.71392040685092
16,25,226.72638494175266
16,26,226.72638494175266
16,27,116.19601296809398
16,28,227.91435700326554
16,29,113.50091698435834
16,30,226.72638494175266
16,31,116.22180580934659
16,32,115.22380009602134
16,33,116.19601296809398
16,34,113.25545699690326
16,35,226.72638494175266
16,36,226.72638494175266
17,0,231.7993097315209
17,1,120.28558218814467
17,2,121.7397152791492
17,3,118.54385273461763
17,4,128.32956747477442
17,5,134.82101760640273
17,6,231.7993097315209
17,7,231.7993097315209
17,8,231.649507985659
17,9,121.21183703713596
17,10,231.1550078443486
17,11,115.5775039221743
17,12,235.58043016393916
17,13,123.37005911944173
17,14,235.58043016393916
17,15,120.5121958337357
17,16,231.7993097315209
17,17,0.0
17,18,231.649507985659
17,19,118.60049950029199
17,20,118.42404002826471
17,21,118.80761945718086
17,22,120.52537525283553
17,23,231.649507985659
17,24,118.63704345075729
17,25,231.649507985659
17,26,231.649507985659
17,27,121.48440870580835
17,28,233.20275274097992
17,29,118.42404002826471
17,30,231.649507985659
17,31,115.5775039221743
17,32,120.5121958337357
17,33,121.48440870580835
17,34,118.54385273461763
17,35,231.649507985659
17,36,231.649507985659
18,0,226.72638494175266
18,1,115.21265739837642
18,2,116.61768152507459
18,3,113.47092794484938
18,4,123.25664268500617
18,5,129.74809281663448
18,6,226.72638494175266
18,7,226.72638494175266
18,8,226.4509359147886
18,9,116.01326496626555
18,10,231.649507985659
18,11,116.07200406348471
18,12,230.39503751216859
18,13,118.18466646767115
18,14,230.39503751216859
18,15,115.32680318196512
18,16,226.72638494175266
18,17,231.649507985659
18,18,0.0
18,19,113.40192742942158
18,20,113.2254679573943
18,21,113.60904738631045
18,22,115.32680318196512
18,23,226.4509359147886
18,24,113.43847137988688
18,25,226.4509359147886
18,26,226.4509359147886
18,27,116.36237495173374
18,28,228.0807189869053
18,29,113.2254679573943
18,30,226.4509359147886
18,31,116.07200406348471
18,32,115.32680318196512
18,33,116.36237495173374
18,34,113.47092794484938
18,35,226.4509359147886
18,36,226.4509359147886
19,0,113.67737645638562
19,1,2.1636489130093923
19,2,3.568673039707552
19,3,0.4219194594823551
19,4,10.207634199639154
19,5,16.69908433126745
19,6,113.67737645638562
19,7,113.67737645638562
19,8,113.40192742942158
19,9,2.9642564808985212
19,10,118.60049950029199
19,11,3.0229955781176874
19,12,117.34602902680155
19,13,5.135657982304131
19,14,117.34602902680155
19,15,2.2777946965980984
19,16,113.67737645638562
19,17,118.60049950029199
19,18,113.40192742942158
19,19,0.0
19,20,0.17645947202727527
19,21,0.560038900943421
19,22,2.2777946965980984
19,23,113.40192742942158
19,24,0.38946289451985516
19,25,113.40192742942158
19,26,113.40192742942158
19,27,3.3133664663667104
19,28,115.03171050153829
19,29,0.17645947202727527
19,30,113.40192742942158
19,31,3.0229955781176874
19,32,2.2777946965980984
19,33,3.3133664663667104
19,34,0.4219194594823551
19,35,113.40192742942158
19,36,113.40192742942158
20,0,113.50091698435834
20,1,1.9871894409821171
20,2,3.3922135676802765
20,3,0.24545998745507985
20,4,10.031174727611878
20,5,16.522624859240178
20,6,113.50091698435834
20,7,113.50091698435834
20,8,113.2254679573943
20,9,2.787797008871246
20,10,118.42404002826471
20,11,2.846536106090412
20,12,117.16956955477427
20,13,4.959198510276855
20,14,117.16956955477427
20,15,2.101335224570823
20,16,113.50091698435834
20,17,118.42404002826471
20,18,113.2254679573943
20,19,0.17645947202727527
20,20,0.0
20,21,0.38357942891614577
20,22,2.101335224570823
20,23,113.2254679573943
20,24,0.21300342249257992
20,25,113.2254679573943
20,26,113.2254679573943
20,27,3.136906994339435
20,28,114.85525102951101
20,29,0.0
20,30,113.2254679573943
20,31,2.846536106090412
20,32,2.101335224570823
20,33,3.136906994339435
20,34,0.24545998745507985
20,35,113.2254679573943
20,36,113.2254679573943
21,0,113.88449641327449
21,1,2.3707688698982627
21,2,3.7757929965964223
21,3,0.6290394163712256
21,4,10.414754156528025
21,5,16.90620428815632
21,6,113.88449641327449
21,7,113.88449641327449
21,8,113.60904738631045
21,9,3.1713764377873916
21,10,118.80761945718086
21,11,3.230115535006558
21,12,117.55314898369042
21,13,5.342777939193001
21,14,117.55314898369042
21,15,2.484914653486969
21,16,113.88449641327449
21,17,118.80761945718086
21,18,113.60904738631045
21,19,0.560038900943421
21,20,0.38357942891614577
21,21,0.0
21,22,2.484914653486969
21,23,113.60904738631045
21,24,0.5965828514087257
21,25,113.60904738631045
21,26,113.60904738631045
21,27,3.520486423255581
21,28,115.23883045842715
21,29,0.38357942891614577
21,30,113.60904738631045
21,31,3.230115535006558
21,32,2.484914653486969
21,33,3.520486423255581
21,34,0.6290394163712256
21,35,113.60904738631045
21,36,113.60904738631045
22,0,115.60225220892917
22,1,4.08852466555294
22,2,5.4935487922511
22,3,2.346795212025903
22,4,12.132509952182701
22,5,18.623960083811
22,6,115.60225220892917
22,7,115.60225220892917
22,8,115.32680318196512
22,9,4.889132233442069
22,10,120.52537525283553
22,11,4.9478713306612345
22,12,119.2709047793451
22,13,7.060533734847678
22,14,119.2709047793451
22,15,4.202670449141646
22,16,115.60225220892917
22,17,120.52537525283553
22,18,115.32680318196512
22,19,2.2777946965980984
22,20,2.101335224570823
22,21,2.484914653486969
22,22,0.0
22,23,115.32680318196512
22,24,2.314338647063403
22,25,115.32680318196512
22,26,115.32680318196512
22,27,5.238242218910258
22,28,116.95658625408183
22,29,2.101335224570823
22,30,115.32680318196512
22,31,4.9478713306612345
22,32,4.202670449141646
22,33,5.238242218910258
22,34,2.346795212025903
22,35,115.32680318196512
22,36,115.32680318196512
23,0,226.72638494175266
23,1,115.21265739837642
23,2,116.61768152507459
23,3,113.47092794484938
23,4,123.25664268500617
23,5,129.74809281663448
23,6,226.72638494175266
23,7,226.72638494175266
23,8,226.4509359147886
23,9,116.01326496626555
23,10,231.649507985659
23,11,116.07200406348471
23,12,230.39503751216859
23,13,118.18466646767115
23,14,230.39503751216859
23,15,115.32680318196512
23,16,226.72638494175266
23,17,231.649507985659
23,18,226.4509359147886
23,19,113.40192742942158
23,20,113.2254679573943
23,21,113.60904738631045
23,22,115.32680318196512
23,23,0.0
23,24,113.43847137988688
23,25,226.4509359147886
23,26,226.4509359147886
23,27,116.36237495173374
23,28,228.0807189869053
23,29,113.2254679573943
23,30,226.4509359147886
23,31,116.07200406348471
23,32,115.32680318196512
23,33,116.36237495173374
23,34,113.47092794484938
23,35,226.4509359147886
23,36,226.4509359147886
24,0,113.71392040685092
24,1,2.200192863474697
24,2,3.6052169901728566
24,3,0.4584634099476598
24,4,10.244178150104458
24,5,16.735628281732755
24,6,113.71392040685092
24,7,113.71392040685092
24,8,113.43847137988688
24,9,3.000800431363826
24,10,118.63704345075729
24,11,3.059539528582992
24,12,117.38257297726686
24,13,5.172201932769435
24,14,117.38257297726686
24,15,2.314338647063403
24,16,113.71392040685092
24,17,118.63704345075729
24,18,113.43847137988688
24,19,0.38946289451985516
24,20,0.21300342249257992
24,21,0.5965828514087257
24,22,2.314338647063403
24,23,113.43847137988688
24,24,0.0
24,25,113.43847137988688
24,26,113.43847137988688
24,27,3.349910416832015
24,28,115.06825445200359
24,29,0.21300342249257992
24,30,113.43847137988688
24,31,3.059539528582992
24,32,2.314338647063403
24,33,3.349910416832015
24,34,0.4584634099476598
24,35,113.43847137988688
24,36,113.43847137988688
25,0,226.72638494175266
25,1,115.21265739837642
25,2,116.61768152507459
25,3,113.47092794484938
25,4,123.25664268500617
25,5,129.74809281663448
25,6,226.72638494175266
25,7,226.72638494175266
25,8,226.4509359147886
25,9,116.01326496626555
25,10,231.649507985659
25,11,116.07200406348471
25,12,230.39503751216859
25,13,118.18466646767115
25,14,230.39503751216859
25,15,115.32680318196512
25,16,226.72638494175266
25,17,231.649507985659
25,18,226.4509359147886
25,19,113.40192742942158
25,20,113.2254679573943
25,21,113.60904738631045
25,22,115.32680318196512
25,23,226.4509359147886
25,24,113.43847137988688
25,25,0.0
25,26,226.4509359147886
25,27,116.36237495173374
25,28,228.0807189869053
25,29,113.2254679573943
25,30,226.4509359147886
25,31,116.07200406348471
25,32,115.32680318196512
25,33,116.36237495173374
25,34,113.47092794484938
25,35,226.4509359147886
25,36,226.4509359147886
26,0,226.72638494175266
26,1,115.21265739837642
26,2,116.61768152507459
26,3,113.47092794484938
26,4,123.25664268500617
26,5,129.74809281663448
26,6,226.72638494175266
26,7,226.72638494175266
26,8,226.4509359147886
26,9,116.01326496626555
26,10,231.649507985659
26,11,116.07200406348471
26,12,230.39503751216859
26,13,118.18466646767115
26,14,230.39503751216859
26,15,115.32680318196512
26,16,226.72638494175266
26,17,231.649507985659
26,18,226.4509359147886
26,19,113.40192742942158
26,20,113.2254679573943
26,21,113.60904738631045
26,22,115.32680318196512
26,23,226.4509359147886
26,24,113.43847137988688
26,25,226.4509359147886
26,26,0.0
26,27,116.36237495173374
26,28,228.0807189869053
26,29,113.2254679573943
26,30,226.4509359147886
26,31,116.07200406348471
26,32,115.32680318196512
26,33,116.36237495173374
26,34,113.47092794484938
26,35,226.4509359147886
26,36,226.4509359147886
27,0,116.19601296809398
27,1,4.6822854247177546
27,2,0.25530657334084156
27,3,2.9405559711907174
27,4,12.726270711347516
27,5,19.217720842975815
27,6,116.19601296809398
27,7,116.19601296809398
27,8,116.36237495173374
27,9,5.924704003210681
27,10,121.48440870580835
27,11,5.906904783634046
27,12,119.97713340051224
27,13,7.766762356014825
27,14,119.97713340051224
27,15,4.908899070308793
27,16,116.19601296809398
27,17,121.48440870580835
27,18,116.36237495173374
27,19,3.3133664663667104
27,20,3.136906994339435
27,21,3.520486423255581
27,22,5.238242218910258
27,23,116.36237495173374
27,24,3.349910416832015
27,25,116.36237495173374
27,26,116.36237495173374
27,27,0.0
27,28,111.71834403517157
27,29,3.136906994339435
27,30,116.36237495173374
27,31,5.906904783634046
27,32,4.908899070308793
27,33,0.0
27,34,2.9405559711907174
27,35,116.36237495173374
27,36,116.36237495173374
28,0,227.91435700326554
28,1,116.40062945988933
28,2,111.97365060851241
28,3,114.65890000636229
28,4,124.44461474651908
28,5,130.9360648781474
28,6,227.91435700326554
28,7,227.91435700326554
28,8,228.0807189869053
28,9,117.64304803838225
28,10,233.20275274097992
28,11,117.62524881880562
28,12,231.6954774356838
28,13,119.48510639118639
28,14,231.6954774356838
28,15,116.62724310548036
28,16,227.91435700326554
28,17,233.20275274097992
28,18,228.0807189869053
28,19,115.03171050153829
28,20,114.85525102951101
28,21,115.23883045842715
28,22,116.95658625408183
28,23,228.0807189869053
28,24,115.06825445200359
28,25,228.0807189869053
28,26,228.0807189869053
28,27,111.71834403517157
28,28,0.0
28,29,114.85525102951101
28,30,228.0807189869053
28,31,117.62524881880562
28,32,116.62724310548036
28,33,111.71834403517157
28,34,114.65890000636229
28,35,228.0807189869053
28,36,228.0807189869053
29,0,113.50091698435834
29,1,1.9871894409821171
29,2,3.3922135676802765
29,3,0.24545998745507985
29,4,10.031174727611878
29,5,16.522624859240178
29,6,113.50091698435834
29,7,113.50091698435834
29,8,113.2254679573943
29,9,2.787797008871246
29,10,118.42404002826471
29,11,2.846536106090412
29,12,117.16956955477427
29,13,4.959198510276855
29,14,117.16956955477427
29,15,2.101335224570823
29,16,113.50091698435834
29,17,118.42404002826471
29,18,113.2254679573943
29,19,0.17645947202727527
29,20,0.0
29,21,0.38357942891614577
29,22,2.101335224570823
29,23,113.2254679573943
29,24,0.21300342249257992
29,25,113.2254679573943
29,26,113.2254679573943
29,27,3.136906994339435
29,28,114.85525102951101
29,29,0.0
29,30,113.2254679573943
29,31,2.846536106090412
29,32,2.101335224570823
29,33,3.136906994339435
29,34,0.24545998745507985
29,35,113.2254679573943
29,36,113.2254679573943
30,0,226.72638494175266
30,1,115.21265739837642
30,2,116.61768152507459
30,3,113.47092794484938
30,4,123.25664268500617
30,5,129.74809281663448
30,6,226.72638494175266
30,7,226.72638494175266
30,8,226.4509359147886
30,9,116.01326496626555
30,10,231.649507985659
30,11,116.07200406348471
30,12,230.39503751216859
30,13,118.18466646767115
30,14,230.39503751216859
30,15,115.32680318196512
30,16,226.72638494175266
30,17,231.649507985659
30,18,226.4509359147886
30,19,113.40192742942158
30,20,113.2254679573943
30,21,113.60904738631045
30,22,115.32680318196512
30,23,226.4509359147886
30,24,113.43847137988688
30,25,226.4509359147886
30,26,226.4509359147886
30,27,116.36237495173374
30,28,228.0807189869053
30,29,113.2254679573943
30,30,0.0
30,31,116.07200406348471
30,32,115.32680318196512
30,33,116.36237495173374
30,34,113.47092794484938
30,35,0.0
30,36,0.0
31,0,116.22180580934659
31,1,4.708078265970366
31,2,6.162211356974888
31,3,2.9663488124433286
31,4,12.752063552600127
31,5,19.243513684228425
31,6,116.22180580934659
31,7,116.22180580934659
31,8,116.07200406348471
31,9,5.634333114961658
31,10,115.5775039221743
31,11,0.0
31,12,120.00292624176485
31,13,7.792555197267436
31,14,120.00292624176485
31,15,4.934691911561405
31,16,116.22180580934659
31,17,115.5775039221743
31,18,116.07200406348471
31,19,3.0229955781176874
31,20,2.846536106090412
31,21,3.230115535006558
31,22,4.9478713306612345
31,23,116.07200406348471
31,24,3.059539528582992
31,25,116.07200406348471
31,26,116.07200406348471
31,27,5.906904783634046
31,28,117.62524881880562
31,29,2.846536106090412
31,30,116.07200406348471
31,31,0.0
31,32,4.934691911561405
31,33,5.906904783634046
31,34,2.9663488124433286
31,35,116.07200406348471
31,36,116.07200406348471
32,0,115.22380009602134
32,1,3.710072552645113
32,2,5.164205643649635
32,3,1.968343099118076
32,4,11.754057839274875
32,5,18.245507970903173
32,6,115.22380009602134
32,7,115.22380009602134
32,8,115.32680318196512
32,9,4.889132233442069
32,10,120.5121958337357
32,11,4.934691911561405
32,12,115.06823433020345
32,13,2.857863285706032
32,14,115.06823433020345
32,15,0.0
32,16,115.22380009602134
32,17,120.5121958337357
32,18,115.32680318196512
32,19,2.2777946965980984
32,20,2.101335224570823
32,21,2.484914653486969
32,22,4.202670449141646
32,23,115.32680318196512
32,24,2.314338647063403
32,25,115.32680318196512
32,26,115.32680318196512
32,27,4.908899070308793
32,28,116.62724310548036
32,29,2.101335224570823
32,30,115.32680318196512
32,31,4.934691911561405
32,32,0.0
32,33,4.908899070308793
32,34,1.968343099118076
32,35,115.32680318196512
32,36,115.32680318196512
33,0,116.19601296809398
33,1,4.6822854247177546
33,2,0.25530657334084156
33,3,2.9405559711907174
33,4,12.726270711347516
33,5,19.217720842975815
33,6,116.19601296809398
33,7,116.19601296809398
33,8,116.36237495173374
33,9,5.924704003210681
33,10,121.48440870580835
33,11,5.906904783634046
33,12,119.97713340051224
33,13,7.766762356014825
33,14,119.97713340051224
33,15,4.908899070308793
33,16,116.19601296809398
33,17,121.48440870580835
33,18,116.36237495173374
33,19,3.3133664663667104
33,20,3.136906994339435
33,21,3.520486423255581
33,22,5.238242218910258
33,23,116.36237495173374
33,24,3.349910416832015
33,25,116.36237495173374
33,26,116.36237495173374
33,27,0.0
33,28,111.71834403517157
33,29,3.136906994339435
33,30,116.36237495173374
33,31,5.906904783634046
33,32,4.908899070308793
33,33,0.0
33,34,2.9405559711907174
33,35,116.36237495173374
33,36,116.36237495173374
34,0,113.25545699690326
34,1,1.7417294535270373
34,2,3.195862544531559
34,3,0.0
34,4,9.785714740156799
34,5,16.277164871785097
34,6,113.25545699690326
34,7,113.25545699690326
34,8,113.47092794484938
34,9,3.0332569963263256
34,10,118.54385273461763
34,11,2.9663488124433286
34,12,117.03657742932153
34,13,4.826206384824108
34,14,117.03657742932153
34,15,1.968343099118076
34,16,113.25545699690326
34,17,118.54385273461763
34,18,113.47092794484938
34,19,0.4219194594823551
34,20,0.24545998745507985
34,21,0.6290394163712256
34,22,2.346795212025903
34,23,113.47092794484938
34,24,0.4584634099476598
34,25,113.47092794484938
34,26,113.47092794484938
34,27,2.9405559711907174
34,28,114.65890000636229
34,29,0.24545998745507985
34,30,113.47092794484938
34,31,2.9663488124433286
34,32,1.968343099118076
34,33,2.9405559711907174
34,34,0.0
34,35,113.47092794484938
34,36,113.47092794484938
35,0,226.72638494175266
35,1,115.21265739837642
35,2,116.61768152507459
35,3,113.47092794484938
35,4,123.25664268500617
35,5,129.74809281663448
35,6,226.72638494175266
35,7,226.72638494175266
35,8,226.4509359147886
35,9,116.01326496626555
35,10,231.649507985659
35,11,116.07200406348471
35,12,230.39503751216859
35,13,118.18466646767115
35,14,230.39503751216859
35,15,115.32680318196512
35,16,226.72638494175266
35,17,231.649507985659
35,18,226.4509359147886
35,19,113.40192742942158
35,20,113.2254679573943
35,21,113.60904738631045
35,22,115.32680318196512
35,23,226.4509359147886
35,24,113.43847137988688
35,25,226.4509359147886
35,26,226.4509359147886
35,27,116.36237495173374
35,28,228.0807189869053
35,29,113.2254679573943
35,30,0.0
35,31,116.07200406348471
35,32,115.32680318196512
35,33,116.36237495173374
35,34,113.47092794484938
35,35,0.0
35,36,0.0
36,0,226.72638494175266
36,1,115.21265739837642
36,2,116.61768152507459
36,3,113.47092794484938
36,4,123.25664268500617
36,5,129.74809281663448
36,6,226.72638494175266
36,7,226.72638494175266
36,8,226.4509359147886
36,9,116.01326496626555
36,10,231.649507985659
36,11,116.07200406348471
36,12,230.39503751216859
36,13,118.18466646767115
36,14,230.39503751216859
36,15,115.32680318196512
36,16,226.72638494175266
36,17,231.649507985659
36,18,226.4509359147886
36,19,113.40192742942158
36,20,113.2254679573943
36,21,113.60904738631045
36,22,115.32680318196512
36,23,226.4509359147886
36,24,113.43847137988688
36,25,226.4509359147886
36,26,226.4509359147886
36,27,116.36237495173374
36,28,228.0807189869053
36,29,113.2254679573943
36,30,0.0
36,31,116.07200406348471
36,32,115.32680318196512
36,33,116.36237495173374
36,34,113.47092794484938
36,35,0.0
36,36,0.0
