source_id,target_id,rtt
0,0,0.0
0,1,0.7436928914579607
0,2,1.0636546497849348
0,3,1.0518734016543214
0,4,1.384630206495995
0,5,2.108665199107585
0,6,1.130202310289443
0,7,0.7163094214180457
0,8,3.3936778298102954
0,9,3.931983249414433
0,10,8.494210099825661
0,11,9.680733380353182
0,12,10.9489787350563
0,13,9.662981047666985
0,14,4.216640545495875
0,15,5.43864643105649
0,16,4.799617868551792
0,17,2.458428445891127
0,18,2.8437124450868314
0,19,4.195981853494304
0,20,4.589094304758532
0,21,4.440904464984254
0,22,4.124958767142997
0,23,3.248972096265037
0,24,3.959018321508471
0,25,2.7324069732620995
0,26,1.4433926843775138
0,27,8.25174948609122
0,28,6.758687683773214
0,29,6.205931622425155
0,30,5.2752649090392225
0,31,5.2950610079166855
0,32,5.727526680007548
0,33,6.3453132415968305
0,34,6.80728443191632
1,0,0.7436928914579607
1,1,0.0
1,2,1.8073475412428954
1,3,1.795566293112282
1,4,2.1283230979539556
1,5,1.3649723076496243
1,6,0.38650941883148227
1,7,1.4600023128760062
1,8,2.649984938352335
1,9,3.1882903579564723
1,10,7.750517208367702
1,11,8.937040488895223
1,12,10.20528584359834
1,13,8.919288156209026
1,14,3.4729476540379145
1,15,4.694953539598529
1,16,4.055924977093832
1,17,1.7147355544331666
1,18,2.100019553628871
1,19,3.452288962036343
1,20,3.8454014133005723
1,21,3.6972115735262934
1,22,3.381265875685036
1,23,2.5052792048070764
1,24,3.21532543005051
1,25,3.47609986472006
1,26,2.187085575835474
1,27,7.50805659463326
1,28,6.014994792315254
1,29,5.4622387309671945
1,30,4.531572017581262
1,31,4.551368116458725
1,32,4.983833788549588
1,33,5.6016203501388695
1,34,6.06359154045836
2,0,1.0636546497849348
2,1,1.8073475412428954
2,2,0.0
2,3,1.0495694052187545
2,4,1.0156660134448383
2,5,1.88504757507814
2,6,2.1938569600743776
2,7,0.34734522836688914
2,8,3.17006020578085
2,9,3.7083656253849875
2,10,8.270592475796217
2,11,9.457115756323738
2,12,10.725361111026857
2,13,9.439363423637541
2,14,3.9930229214664297
2,15,5.215028807027045
2,16,4.576000244522348
2,17,2.234810821861682
2,18,2.620094821057386
2,19,3.972364229464859
2,20,4.3654766807290875
2,21,4.217286840954809
2,22,3.9013411431135516
2,23,3.025354472235592
2,24,3.735400697479026
2,25,2.363442780210943
2,26,0.37973803459257904
2,27,8.028131862061775
2,28,6.535070059743769
2,29,5.98231399839571
2,30,5.0516472850097776
2,31,5.071443383887241
2,32,5.503909055978103
2,33,6.121695617567385
2,34,6.583666807886875
3,0,1.0518734016543214
3,1,1.795566293112282
3,2,1.0495694052187545
3,3,0.0
3,4,2.0652354186635926
3,5,2.9346169802968944
3,6,2.182075711943764
3,7,1.3969146335856435
3,8,4.219629610999604
3,9,4.757935030603742
3,10,9.320161881014972
3,11,10.506685161542492
3,12,11.774930516245611
3,13,10.488932828856296
3,14,5.042592326685185
3,15,6.2645982122458
3,16,5.625569649741102
3,17,3.2843802270804363
3,18,3.6696642262761405
3,19,5.021933634683614
3,20,5.415046085947842
3,21,5.266856246173564
3,22,4.950910548332306
3,23,4.074923877454347
3,24,4.7849701026977804
3,25,3.4130121854296975
3,26,0.6698313706261754
3,27,9.07770126728053
3,28,7.584639464962524
3,29,7.031883403614464
3,30,6.101216690228532
3,31,6.121012789105995
3,32,6.553478461196858
3,33,7.171265022786139
3,34,7.633236213105629
4,0,1.384630206495995
4,1,2.1283230979539556
4,2,1.0156660134448383
4,3,2.0652354186635926
4,4,0.0
4,5,0.8693815616333014
4,6,1.8478444504514435
4,7,0.6683207850779492
4,8,2.1543941923360115
4,9,2.692699611940149
4,10,7.254926462351379
4,11,8.441449742878898
4,12,9.709695097582017
4,13,8.423697410192702
4,14,2.977356908021591
4,15,4.199362793582207
4,16,3.560334231077509
4,17,1.2191448084168435
4,18,1.6044288076125475
4,19,2.9566982160200204
4,20,3.349810667284249
4,21,3.201620827509971
4,22,2.885675129668713
4,23,2.0096884587907535
4,24,2.7197346840341874
4,25,2.684418336922003
4,26,1.3954040480374172
4,27,7.0124658486169364
4,28,5.519404046298931
4,29,4.966647984950871
4,30,4.035981271564939
4,31,4.055777370442402
4,32,4.488243042533265
4,33,5.106029604122547
4,34,5.568000794442036
5,0,2.108665199107585
5,1,1.3649723076496243
5,2,1.88504757507814
5,3,2.9346169802968944
5,4,0.8693815616333014
5,5,0.0
5,6,0.9784628888181421
5,7,1.5377023467112507
5,8,1.28501263070271
5,9,1.8233180503068476
5,10,6.385544900718077
5,11,7.572068181245598
5,12,8.840313535948717
5,13,7.554315848559401
5,14,2.1079753463882898
5,15,3.3299812319489055
5,16,2.6909526694442074
5,17,0.34976324678354204
5,18,0.7350472459792461
5,19,2.087316654386719
5,20,2.4804291056509475
5,21,2.3322392658766695
5,22,2.0162935680354117
5,23,1.1403068971574521
5,24,1.8503531224008858
5,25,3.5537998985553045
5,26,2.264785609670719
5,27,6.143084286983635
5,28,4.650022484665629
5,29,4.09726642331757
5,30,3.1665997099316376
5,31,3.1863958088091007
5,32,3.6188614808999633
5,33,4.236648042489245
5,34,4.698619232808735
6,0,1.130202310289443
6,1,0.38650941883148227
6,2,2.1938569600743776
6,3,2.182075711943764
6,4,1.8478444504514435
6,5,0.9784628888181421
6,6,0.0
6,7,1.8465117317074884
6,8,2.2634755195208522
6,9,2.8017809391249897
6,10,7.3640077895362195
6,11,8.550531070063741
6,12,9.818776424766858
6,13,8.532778737377544
6,14,3.086438235206432
6,15,4.308444120767048
6,16,3.6694155582623496
6,17,1.3282261356016842
6,18,1.7135101347973882
6,19,3.065779543204861
6,20,3.4588919944690897
6,21,3.3107021546948117
6,22,2.994756456853554
6,23,2.1187697859755943
6,24,2.828816011219028
6,25,3.862609283551542
6,26,2.5735949946669567
6,27,7.121547175801777
6,28,5.628485373483771
6,29,5.075729312135712
6,30,4.14506259874978
6,31,4.164858697627243
6,32,4.597324369718105
6,33,5.215110931307388
6,34,5.677082121626877
7,0,0.7163094214180457
7,1,1.4600023128760062
7,2,0.34734522836688914
7,3,1.3969146335856435
7,4,0.6683207850779492
7,5,1.5377023467112507
7,6,1.8465117317074884
7,7,0.0
7,8,2.822714977413961
7,9,3.3610203970180983
7,10,7.9232472474293285
7,11,9.109770527956849
7,12,10.378015882659966
7,13,9.09201819527065
7,14,3.6456776930995405
7,15,4.867683578660156
7,16,4.228655016155458
7,17,1.8874655934947928
7,18,2.272749592690497
7,19,3.6250190010979693
7,20,4.018131452362198
7,21,3.86994161258792
7,22,3.5539959147466624
7,23,2.678009243868703
7,24,3.3880554691121363
7,25,2.016097551844054
7,26,0.7270832629594681
7,27,7.680786633694885
7,28,6.18772483137688
7,29,5.63496877002882
7,30,4.704302056642888
7,31,4.724098155520351
7,32,5.156563827611214
7,33,5.774350389200496
7,34,6.236321579519985
8,0,3.3936778298102954
8,1,2.649984938352335
8,2,3.17006020578085
8,3,4.219629610999604
8,4,2.1543941923360115
8,5,1.28501263070271
8,6,2.2634755195208522
8,7,2.822714977413961
8,8,0.0
8,9,0.5383054196041375
8,10,7.670557531420787
8,11,8.857080811948308
8,12,7.555300905246005
8,13,6.269303217856691
8,14,0.8229627156855797
8,15,4.614993862651616
8,16,3.9759653001469175
8,17,0.9352493839191682
8,18,0.5499653847234641
8,19,3.3723292850894286
8,20,1.1954164749482372
8,21,3.617251896579379
8,22,3.301306198738122
8,23,2.4253195278601622
8,24,3.1353657531035957
8,25,4.838812529258015
8,26,3.549798240373429
8,27,4.8580716562809245
8,28,3.3650098539629187
8,29,2.812253792614859
8,30,1.881587079228927
8,31,1.9013831781063903
8,32,2.333848850197253
8,33,2.951635411786535
8,34,3.4136066021060243
9,0,3.931983249414433
9,1,3.1882903579564723
9,2,3.7083656253849875
9,3,4.757935030603742
9,4,2.692699611940149
9,5,1.8233180503068476
9,6,2.8017809391249897
9,7,3.3610203970180983
9,8,0.5383054196041375
9,9,0.0
9,10,8.208862951024924
9,11,8.428221804526322
9,12,7.016995485641868
9,13,5.730997798252553
9,14,0.2846572960814422
9,15,5.1532992822557535
9,16,4.514270719751055
9,17,1.4735548035233057
9,18,1.0882708043276015
9,19,3.910634704693566
9,20,0.6571110553440997
9,21,4.155557316183517
9,22,3.8396116183422593
9,23,2.9636249474642997
9,24,3.673671172707733
9,25,4.705565169854365
9,26,4.088103659977566
9,27,4.319766236676787
9,28,2.8267044343587813
9,29,2.2739483730107217
9,30,1.3432816596247896
9,31,1.3630777585022529
9,32,1.7955434305931157
9,33,2.4133299921823976
9,34,2.875301182501887
10,0,8.494210099825661
10,1,7.750517208367702
10,2,8.270592475796217
10,3,9.320161881014972
10,4,7.254926462351379
10,5,6.385544900718077
10,6,7.3640077895362195
10,7,7.9232472474293285
10,8,7.670557531420787
10,9,8.208862951024924
10,10,0.0
10,11,1.1865232805275199
10,12,2.597749599411974
10,13,3.883747286801289
10,14,8.493520247106368
10,15,3.0555636687691714
10,16,3.6945922312738695
10,17,6.73530814750162
10,18,7.120592146697323
10,19,6.1922477607898925
10,20,8.865974006369026
10,21,4.053305634841408
10,22,4.369251332682666
10,23,5.245238003560625
10,24,5.955284228804059
10,25,9.939344799273382
10,26,8.650330510388796
10,27,5.294978848377056
10,28,6.788040650695061
10,29,7.340796712043121
10,30,8.271463425429053
10,31,8.291259524306517
10,32,8.72372519639738
10,33,9.341511757986662
10,34,9.80348294830615
11,0,9.680733380353182
11,1,8.937040488895223
11,2,9.457115756323738
11,3,10.506685161542492
11,4,8.441449742878898
11,5,7.572068181245598
11,6,8.550531070063741
11,7,9.109770527956849
11,8,8.857080811948308
11,9,8.428221804526322
11,10,1.1865232805275199
11,11,0.0
11,12,1.4112263188844543
11,13,2.6972240062737693
11,14,8.143564508444879
11,15,4.2420869492966915
11,16,4.88111551180139
11,17,7.92183142802914
11,18,8.307115427224844
11,19,7.378771041317413
11,20,7.771110749182222
11,21,5.239828915368928
11,22,5.555774613210186
11,23,6.431761284088146
11,24,7.14180750933158
11,25,10.447223655131108
11,26,9.836853790916317
11,27,4.108455567849536
11,28,5.6015173701675405
11,29,6.1542734315156
11,30,7.084940144901532
11,31,7.104736243778995
11,32,7.537201915869858
11,33,8.15498847745914
11,34,8.61695966777863
12,0,10.9489787350563
12,1,10.20528584359834
12,2,10.725361111026857
12,3,11.774930516245611
12,4,9.709695097582017
12,5,8.840313535948717
12,6,9.818776424766858
12,7,10.378015882659966
12,8,7.555300905246005
12,9,7.016995485641868
12,10,2.597749599411974
12,11,1.4112263188844543
12,12,0.0
12,13,1.285997687389315
12,14,6.7323381895604255
12,15,5.6533132681811455
12,16,6.292341830685844
12,17,8.490550289165174
12,18,8.10526628996947
12,19,8.789997360201866
12,20,6.359884430297768
12,21,6.651055234253382
12,22,6.96700093209464
12,23,7.8429876029726
12,24,8.553033828216034
12,25,9.035997336246654
12,26,11.105099145619434
12,27,2.6972292489650815
12,28,4.190291051283086
12,29,4.743047112631146
12,30,5.673713826017078
12,31,5.693509924894541
12,32,6.125975596985404
12,33,6.743762158574686
12,34,7.205733348894175
13,0,9.662981047666985
13,1,8.919288156209026
13,2,9.439363423637541
13,3,10.488932828856296
13,4,8.423697410192702
13,5,7.554315848559401
13,6,8.532778737377544
13,7,9.09201819527065
13,8,6.269303217856691
13,9,5.730997798252553
13,10,3.883747286801289
13,11,2.6972240062737693
13,12,1.285997687389315
13,13,0.0
13,14,5.446340502171111
13,15,6.939310955570461
13,16,7.578339518075159
13,17,7.204552601775859
13,18,6.819268602580155
13,19,9.64163250294612
13,20,5.073886742908454
13,21,7.937052921642698
13,22,8.252998619483956
13,23,8.694622745716853
13,24,9.404668970960287
13,25,7.74999964885734
13,26,9.81910145823012
13,27,1.4112315615757667
13,28,2.904293363893772
13,29,3.457049425241832
13,30,4.387716138627764
13,31,4.407512237505227
13,32,4.839977909596089
13,33,5.457764471185371
13,34,5.919735661504861
14,0,4.216640545495875
14,1,3.4729476540379145
14,2,3.9930229214664297
14,3,5.042592326685185
14,4,2.977356908021591
14,5,2.1079753463882898
14,6,3.086438235206432
14,7,3.6456776930995405
14,8,0.8229627156855797
14,9,0.2846572960814422
14,10,8.493520247106368
14,11,8.143564508444879
14,12,6.7323381895604255
14,13,5.446340502171111
14,14,0.0
14,15,5.437956578337195
14,16,4.798928015832497
14,17,1.758212099604748
14,18,1.3729281004090437
14,19,4.195292000775009
14,20,0.3724537592626576
14,21,4.440214612264959
14,22,4.124268914423701
14,23,3.248282243545742
14,24,3.9583284687891753
14,25,4.420907873772924
14,26,4.372760956059009
14,27,4.035108940595345
14,28,2.542047138277339
14,29,1.9892910769292793
14,30,1.0586243635433474
14,31,1.0784204624208107
14,32,1.5108861345116735
14,33,2.1286726961009554
14,34,2.5906438864204446
15,0,5.43864643105649
15,1,4.694953539598529
15,2,5.215028807027045
15,3,6.2645982122458
15,4,4.199362793582207
15,5,3.3299812319489055
15,6,4.308444120767048
15,7,4.867683578660156
15,8,4.614993862651616
15,9,5.1532992822557535
15,10,3.0555636687691714
15,11,4.2420869492966915
15,12,5.6533132681811455
15,13,6.939310955570461
15,14,5.437956578337195
15,15,0.0
15,16,0.6390285625046982
15,17,3.679744478732448
15,18,4.065028477928152
15,19,3.13668409202072
15,20,5.810410337599853
15,21,0.9977419660722362
15,22,1.3136876639134938
15,23,2.1896743347914533
15,24,2.899720560034887
15,25,6.88378113050421
15,26,5.594766841619625
15,27,8.350542517146227
15,28,7.980003716614535
15,29,7.427247655266475
15,30,6.496580941880543
15,31,6.516377040758006
15,32,6.948842712848869
15,33,7.566629274438151
15,34,8.028600464757641
16,0,4.799617868551792
16,1,4.055924977093832
16,2,4.576000244522348
16,3,5.625569649741102
16,4,3.560334231077509
16,5,2.6909526694442074
16,6,3.6694155582623496
16,7,4.228655016155458
16,8,3.9759653001469175
16,9,4.514270719751055
16,10,3.6945922312738695
16,11,4.88111551180139
16,12,6.292341830685844
16,13,7.578339518075159
16,14,4.798928015832497
16,15,0.6390285625046982
16,16,0.0
16,17,3.0407159162277493
16,18,3.4259999154234535
16,19,2.4976555295160217
16,20,5.1713817750951545
16,21,0.35871340356753806
16,22,0.6746591014087957
16,23,1.5506457722867553
16,24,2.2606919975301887
16,25,6.244752567999512
16,26,4.955738279114927
16,27,8.834036956427841
16,28,7.340975154109836
16,29,6.788219092761777
16,30,5.857552379375845
16,31,5.877348478253308
16,32,6.30981415034417
16,33,6.927600711933453
16,34,7.389571902252942
17,0,2.458428445891127
17,1,1.7147355544331666
17,2,2.234810821861682
17,3,3.2843802270804363
17,4,1.2191448084168435
17,5,0.34976324678354204
17,6,1.3282261356016842
17,7,1.8874655934947928
17,8,0.9352493839191682
17,9,1.4735548035233057
17,10,6.73530814750162
17,11,7.92183142802914
17,12,8.490550289165174
17,13,7.204552601775859
17,14,1.758212099604748
17,15,3.679744478732448
17,16,3.0407159162277493
17,17,0.0
17,18,0.3852839991957041
17,19,2.437079901170261
17,20,2.1306658588674052
17,21,2.6820025126602114
17,22,2.3660568148189536
17,23,1.4900701439409942
17,24,2.200116369184428
17,25,3.903563145338847
17,26,2.614548856454261
17,27,5.793321040200093
17,28,4.300259237882087
17,29,3.7475031765340274
17,30,2.8168364631480953
17,31,2.8366325620255584
17,32,3.269098234116421
17,33,3.886884795705703
17,34,4.3488559860251925
18,0,2.8437124450868314
18,1,2.100019553628871
18,2,2.620094821057386
18,3,3.6696642262761405
18,4,1.6044288076125475
18,5,0.7350472459792461
18,6,1.7135101347973882
18,7,2.272749592690497
18,8,0.5499653847234641
18,9,1.0882708043276015
18,10,7.120592146697323
18,11,8.307115427224844
18,12,8.10526628996947
18,13,6.819268602580155
18,14,1.3729281004090437
18,15,4.065028477928152
18,16,3.4259999154234535
18,17,0.3852839991957041
18,18,0.0
18,19,2.8223639003659646
18,20,1.7453818596717012
18,21,3.067286511855915
18,22,2.751340814014658
18,23,1.8753541431366982
18,24,2.5854003683801317
18,25,4.288847144534551
18,26,2.999832855649965
18,27,5.4080370410043885
18,28,3.9149752386863828
18,29,3.362219177338323
18,30,2.431552463952391
18,31,2.451348562829854
18,32,2.8838142349207168
18,33,3.5016007965099987
18,34,3.9635719868294883
19,0,4.195981853494304
19,1,3.452288962036343
19,2,3.972364229464859
19,3,5.021933634683614
19,4,2.9566982160200204
19,5,2.087316654386719
19,6,3.065779543204861
19,7,3.6250190010979693
19,8,3.3723292850894286
19,9,3.910634704693566
19,10,6.1922477607898925
19,11,7.378771041317413
19,12,8.789997360201866
19,13,9.64163250294612
19,14,4.195292000775009
19,15,3.13668409202072
19,16,2.4976555295160217
19,17,2.437079901170261
19,18,2.8223639003659646
19,19,0.0
19,20,4.567745760037667
19,21,2.1389421259484838
19,22,1.8229964281072262
19,23,0.9470097572292668
19,24,0.23696353198583314
19,25,5.641116552942024
19,26,4.3521022640574385
19,27,8.230400941370355
19,28,6.737339139052349
19,29,6.184583077704289
19,30,5.253916364318357
19,31,5.27371246319582
19,32,5.706178135286683
19,33,6.323964696875965
19,34,6.785935887195454
20,0,4.589094304758532
20,1,3.8454014133005723
20,2,4.3654766807290875
20,3,5.415046085947842
20,4,3.349810667284249
20,5,2.4804291056509475
20,6,3.4588919944690897
20,7,4.018131452362198
20,8,1.1954164749482372
20,9,0.6571110553440997
20,10,8.865974006369026
20,11,7.771110749182222
20,12,6.359884430297768
20,13,5.073886742908454
20,14,0.3724537592626576
20,15,5.810410337599853
20,16,5.1713817750951545
20,17,2.1306658588674052
20,18,1.7453818596717012
20,19,4.567745760037667
20,20,0.0
20,21,4.812668371527617
20,22,4.496722673686359
20,23,3.6207360028083997
20,24,4.3307822280518335
20,25,4.048454114510266
20,26,4.745214715321667
20,27,3.6626551813326875
20,28,2.1695933790146817
20,29,1.6168373176666218
20,30,0.6861706042806899
20,31,0.7059667031581531
20,32,1.138432375249016
20,33,1.7562189368382979
20,34,2.2181901271577873
21,0,4.440904464984254
21,1,3.6972115735262934
21,2,4.217286840954809
21,3,5.266856246173564
21,4,3.201620827509971
21,5,2.3322392658766695
21,6,3.3107021546948117
21,7,3.86994161258792
21,8,3.617251896579379
21,9,4.155557316183517
21,10,4.053305634841408
21,11,5.239828915368928
21,12,6.651055234253382
21,13,7.937052921642698
21,14,4.440214612264959
21,15,0.9977419660722362
21,16,0.35871340356753806
21,17,2.6820025126602114
21,18,3.067286511855915
21,19,2.1389421259484838
21,20,4.812668371527617
21,21,0.0
21,22,0.31594569784125764
21,23,1.1919323687192172
21,24,1.9019785939626508
21,25,5.886039164431974
21,26,4.597024875547389
21,27,8.475323552860305
21,28,6.982261750542299
21,29,6.429505689194239
21,30,5.498838975808307
21,31,5.51863507468577
21,32,5.951100746776633
21,33,6.568887308365914
21,34,7.030858498685404
22,0,4.124958767142997
22,1,3.381265875685036
22,2,3.9013411431135516
22,3,4.950910548332306
22,4,2.885675129668713
22,5,2.0162935680354117
22,6,2.994756456853554
22,7,3.5539959147466624
22,8,3.301306198738122
22,9,3.8396116183422593
22,10,4.369251332682666
22,11,5.555774613210186
22,12,6.96700093209464
22,13,8.252998619483956
22,14,4.124268914423701
22,15,1.3136876639134938
22,16,0.6746591014087957
22,17,2.3660568148189536
22,18,2.751340814014658
22,19,1.8229964281072262
22,20,4.496722673686359
22,21,0.31594569784125764
22,22,0.0
22,23,0.8759866708779595
22,24,1.586032896121393
22,25,5.570093466590716
22,26,4.281079177706131
22,27,8.159377855019047
22,28,6.666316052701041
22,29,6.1135599913529814
22,30,5.182893277967049
22,31,5.202689376844512
22,32,5.635155048935375
22,33,6.2529416105246565
22,34,6.7149128008441465
23,0,3.248972096265037
23,1,2.5052792048070764
23,2,3.025354472235592
23,3,4.074923877454347
23,4,2.0096884587907535
23,5,1.1403068971574521
23,6,2.1187697859755943
23,7,2.678009243868703
23,8,2.4253195278601622
23,9,2.9636249474642997
23,10,5.245238003560625
23,11,6.431761284088146
23,12,7.8429876029726
23,13,8.694622745716853
23,14,3.248282243545742
23,15,2.1896743347914533
23,16,1.5506457722867553
23,17,1.4900701439409942
23,18,1.8753541431366982
23,19,0.9470097572292668
23,20,3.6207360028083997
23,21,1.1919323687192172
23,22,0.8759866708779595
23,23,0.0
23,24,0.7100462252434336
23,25,4.694106795712757
23,26,3.405092506828171
23,27,7.283391184141087
23,28,5.790329381823081
23,29,5.237573320475022
23,30,4.30690660708909
23,31,4.326702705966553
23,32,4.759168378057415
23,33,5.376954939646698
23,34,5.838926129966187
24,0,3.959018321508471
24,1,3.21532543005051
24,2,3.735400697479026
24,3,4.7849701026977804
24,4,2.7197346840341874
24,5,1.8503531224008858
24,6,2.828816011219028
24,7,3.3880554691121363
24,8,3.1353657531035957
24,9,3.673671172707733
24,10,5.955284228804059
24,11,7.14180750933158
24,12,8.553033828216034
24,13,9.404668970960287
24,14,3.9583284687891753
24,15,2.899720560034887
24,16,2.2606919975301887
24,17,2.200116369184428
24,18,2.5854003683801317
24,19,0.23696353198583314
24,20,4.3307822280518335
24,21,1.9019785939626508
24,22,1.586032896121393
24,23,0.7100462252434336
24,24,0.0
24,25,5.4041530209561905
24,26,4.115138732071605
24,27,7.993437409384521
24,28,6.500375607066515
24,29,5.947619545718456
24,30,5.016952832332524
24,31,5.036748931209987
24,32,5.469214603300849
24,33,6.087001164890131
24,34,6.548972355209621
25,0,2.7324069732620995
25,1,3.47609986472006
25,2,2.363442780210943
25,3,3.4130121854296975
25,4,2.684418336922003
25,5,3.5537998985553045
25,6,3.862609283551542
25,7,2.016097551844054
25,8,4.838812529258015
25,9,4.705565169854365
25,10,9.939344799273382
25,11,10.447223655131108
25,12,9.035997336246654
25,13,7.74999964885734
25,14,4.420907873772924
25,15,6.88378113050421
25,16,6.244752567999512
25,17,3.903563145338847
25,18,4.288847144534551
25,19,5.641116552942024
25,20,4.048454114510266
25,21,5.886039164431974
25,22,5.570093466590716
25,23,4.694106795712757
25,24,5.4041530209561905
25,25,0.0
25,26,2.743180814803522
25,27,6.338768087281574
25,28,4.845706284963568
25,29,4.292950223615508
25,30,3.362283510229576
25,31,3.382079609107039
25,32,3.814545281197902
25,33,4.432331842787184
25,34,4.894303033106674
26,0,1.4433926843775138
26,1,2.187085575835474
26,2,0.37973803459257904
26,3,0.6698313706261754
26,4,1.3954040480374172
26,5,2.264785609670719
26,6,2.5735949946669567
26,7,0.7270832629594681
26,8,3.549798240373429
26,9,4.088103659977566
26,10,8.650330510388796
26,11,9.836853790916317
26,12,11.105099145619434
26,13,9.81910145823012
26,14,4.372760956059009
26,15,5.594766841619625
26,16,4.955738279114927
26,17,2.614548856454261
26,18,2.999832855649965
26,19,4.3521022640574385
26,20,4.745214715321667
26,21,4.597024875547389
26,22,4.281079177706131
26,23,3.405092506828171
26,24,4.115138732071605
26,25,2.743180814803522
26,26,0.0
26,27,8.407869896654354
26,28,6.914808094336348
26,29,6.362052032988289
26,30,5.431385319602357
26,31,5.45118141847982
26,32,5.883647090570682
26,33,6.501433652159964
26,34,6.963404842479454
27,0,8.25174948609122
27,1,7.50805659463326
27,2,8.028131862061775
27,3,9.07770126728053
27,4,7.0124658486169364
27,5,6.143084286983635
27,6,7.121547175801777
27,7,7.680786633694885
27,8,4.8580716562809245
27,9,4.319766236676787
27,10,5.294978848377056
27,11,4.108455567849536
27,12,2.6972292489650815
27,13,1.4112315615757667
27,14,4.035108940595345
27,15,8.350542517146227
27,16,8.834036956427841
27,17,5.793321040200093
27,18,5.4080370410043885
27,19,8.230400941370355
27,20,3.6626551813326875
27,21,8.475323552860305
27,22,8.159377855019047
27,23,7.283391184141087
27,24,7.993437409384521
27,25,6.338768087281574
27,26,8.407869896654354
27,27,0.0
27,28,1.4930618023180053
27,29,2.0458178636660653
27,30,2.9764845770519974
27,31,2.9962806759294605
27,32,3.428746348020323
27,33,4.0465329096096045
27,34,4.508504099929095
28,0,6.758687683773214
28,1,6.014994792315254
28,2,6.535070059743769
28,3,7.584639464962524
28,4,5.519404046298931
28,5,4.650022484665629
28,6,5.628485373483771
28,7,6.18772483137688
28,8,3.3650098539629187
28,9,2.8267044343587813
28,10,6.788040650695061
28,11,5.6015173701675405
28,12,4.190291051283086
28,13,2.904293363893772
28,14,2.542047138277339
28,15,7.980003716614535
28,16,7.340975154109836
28,17,4.300259237882087
28,18,3.9149752386863828
28,19,6.737339139052349
28,20,2.1695933790146817
28,21,6.982261750542299
28,22,6.666316052701041
28,23,5.790329381823081
28,24,6.500375607066515
28,25,4.845706284963568
28,26,6.914808094336348
28,27,1.4930618023180053
28,28,0.0
28,29,0.55275606134806
28,30,1.4834227747339919
28,31,1.5032188736114551
28,32,1.935684545702318
28,33,2.5534711072915997
28,34,3.015442297611089
29,0,6.205931622425155
29,1,5.4622387309671945
29,2,5.98231399839571
29,3,7.031883403614464
29,4,4.966647984950871
29,5,4.09726642331757
29,6,5.075729312135712
29,7,5.63496877002882
29,8,2.812253792614859
29,9,2.2739483730107217
29,10,7.340796712043121
29,11,6.1542734315156
29,12,4.743047112631146
29,13,3.457049425241832
29,14,1.9892910769292793
29,15,7.427247655266475
29,16,6.788219092761777
29,17,3.7475031765340274
29,18,3.362219177338323
29,19,6.184583077704289
29,20,1.6168373176666218
29,21,6.429505689194239
29,22,6.1135599913529814
29,23,5.237573320475022
29,24,5.947619545718456
29,25,4.292950223615508
29,26,6.362052032988289
29,27,2.0458178636660653
29,28,0.55275606134806
29,29,0.0
29,30,0.9306667133859319
29,31,0.9504628122633951
29,32,1.382928484354258
29,33,2.00071504594354
29,34,2.4626862362630293
30,0,5.2752649090392225
30,1,4.531572017581262
30,2,5.0516472850097776
30,3,6.101216690228532
30,4,4.035981271564939
30,5,3.1665997099316376
30,6,4.14506259874978
30,7,4.704302056642888
30,8,1.881587079228927
30,9,1.3432816596247896
30,10,8.271463425429053
30,11,7.084940144901532
30,12,5.673713826017078
30,13,4.387716138627764
30,14,1.0586243635433474
30,15,6.496580941880543
30,16,5.857552379375845
30,17,2.8168364631480953
30,18,2.431552463952391
30,19,5.253916364318357
30,20,0.6861706042806899
30,21,5.498838975808307
30,22,5.182893277967049
30,23,4.30690660708909
30,24,5.016952832332524
30,25,3.362283510229576
30,26,5.431385319602357
30,27,2.9764845770519974
30,28,1.4834227747339919
30,29,0.9306667133859319
30,30,0.0
30,31,0.019796098877463218
30,32,0.45226177096832604
30,33,1.070048332557608
30,34,1.5320195228770972
31,0,5.2950610079166855
31,1,4.551368116458725
31,2,5.071443383887241
31,3,6.121012789105995
31,4,4.055777370442402
31,5,3.1863958088091007
31,6,4.164858697627243
31,7,4.724098155520351
31,8,1.9013831781063903
31,9,1.3630777585022529
31,10,8.291259524306517
31,11,7.104736243778995
31,12,5.693509924894541
31,13,4.407512237505227
31,14,1.0784204624208107
31,15,6.516377040758006
31,16,5.877348478253308
31,17,2.8366325620255584
31,18,2.451348562829854
31,19,5.27371246319582
31,20,0.7059667031581531
31,21,5.51863507468577
31,22,5.202689376844512
31,23,4.326702705966553
31,24,5.036748931209987
31,25,3.382079609107039
31,26,5.45118141847982
31,27,2.9962806759294605
31,28,1.5032188736114551
31,29,0.9504628122633951
31,30,0.019796098877463218
31,31,0.0
31,32,0.43246567209086284
31,33,1.0502522336801448
31,34,1.537667211779321
32,0,5.727526680007548
32,1,4.983833788549588
32,2,5.503909055978103
32,3,6.553478461196858
32,4,4.488243042533265
32,5,3.6188614808999633
32,6,4.597324369718105
32,7,5.156563827611214
32,8,2.333848850197253
32,9,1.7955434305931157
32,10,8.72372519639738
32,11,7.537201915869858
32,12,6.125975596985404
32,13,4.839977909596089
32,14,1.5108861345116735
32,15,6.948842712848869
32,16,6.30981415034417
32,17,3.269098234116421
32,18,2.8838142349207168
32,19,5.706178135286683
32,20,1.138432375249016
32,21,5.951100746776633
32,22,5.635155048935375
32,23,4.759168378057415
32,24,5.469214603300849
32,25,3.814545281197902
32,26,5.883647090570682
32,27,3.428746348020323
32,28,1.935684545702318
32,29,1.382928484354258
32,30,0.45226177096832604
32,31,0.43246567209086284
32,32,0.0
32,33,0.6177865615892819
32,34,1.105201539688458
33,0,6.3453132415968305
33,1,5.6016203501388695
33,2,6.121695617567385
33,3,7.171265022786139
33,4,5.106029604122547
33,5,4.236648042489245
33,6,5.215110931307388
33,7,5.774350389200496
33,8,2.951635411786535
33,9,2.4133299921823976
33,10,9.341511757986662
33,11,8.15498847745914
33,12,6.743762158574686
33,13,5.457764471185371
33,14,2.1286726961009554
33,15,7.566629274438151
33,16,6.927600711933453
33,17,3.886884795705703
33,18,3.5016007965099987
33,19,6.323964696875965
33,20,1.7562189368382979
33,21,6.568887308365914
33,22,6.2529416105246565
33,23,5.376954939646698
33,24,6.087001164890131
33,25,4.432331842787184
33,26,6.501433652159964
33,27,4.0465329096096045
33,28,2.5534711072915997
33,29,2.00071504594354
33,30,1.070048332557608
33,31,1.0502522336801448
33,32,0.6177865615892819
33,33,0.0
33,34,0.4874149780991762
34,0,6.80728443191632
34,1,6.06359154045836
34,2,6.583666807886875
34,3,7.633236213105629
34,4,5.568000794442036
34,5,4.698619232808735
34,6,5.677082121626877
34,7,6.236321579519985
34,8,3.4136066021060243
34,9,2.875301182501887
34,10,9.80348294830615
34,11,8.61695966777863
34,12,7.205733348894175
34,13,5.919735661504861
34,14,2.5906438864204446
34,15,8.028600464757641
34,16,7.389571902252942
34,17,4.3488559860251925
34,18,3.9635719868294883
34,19,6.785935887195454
34,20,2.2181901271577873
34,21,7.030858498685404
34,22,6.7149128008441465
34,23,5.838926129966187
34,24,6.548972355209621
34,25,4.894303033106674
34,26,6.963404842479454
34,27,4.508504099929095
34,28,3.015442297611089
34,29,2.4626862362630293
34,30,1.5320195228770972
34,31,1.537667211779321
34,32,1.105201539688458
34,33,0.4874149780991762
34,34,0.0
