source_id,target_id,rtt
0,0,0.0
0,1,0.6410667389787149
0,2,0.7257838158327051
0,3,0.37648360453935836
0,4,1.1965395725370738
0,5,0.9312676085734934
0,6,0.7137678473521681
0,7,0.8959554348890878
0,8,1.1110311604251524
0,9,1.5632711343380565
0,10,2.04912235481118
0,11,2.4311781902848635
0,12,3.048329704348615
0,13,3.4021686835898217
0,14,3.2812240510406143
0,15,3.2683828161162243
0,16,2.969523655081972
0,17,2.4987471839401167
0,18,1.9057753214706525
0,19,1.596084493036331
0,20,1.3850687746323618
0,21,1.866109240724305
0,22,2.5401828977093324
0,23,2.963939152249076
0,24,1.7162794687365193
0,25,2.112925211162706
0,26,2.6223827939331796
0,27,3.1586238097420885
0,28,57.21727948314147
0,29,0.729292342792644
0,30,1.2807873868702253
0,31,1.5534104607785266
0,32,1.4667936711003786
0,33,2.0322618336516176
0,34,1.5537074686690562
0,35,2.396749812202794
1,0,0.6410667389787149
1,1,0.0
1,2,1.3647608777099913
1,3,1.0113019071037133
1,4,1.8361415530809067
1,5,1.5415140216227565
1,6,0.4144886611117199
1,7,0.8734115611190304
1,8,1.633166737806203
1,9,2.118296639954896
1,10,2.6871872522809763
1,11,3.0710170005300372
1,12,3.6870180073272176
1,13,4.036881606890447
1,14,3.9221200974993224
1,15,3.90575136321389
1,16,3.587381134637306
1,17,3.0791150671560072
1,18,2.317066802467383
1,19,1.8554767556905782
1,20,1.7920746957792681
1,21,2.4818532370951187
1,22,3.091942443808849
1,23,3.5515804489482883
1,24,1.9542425079893155
1,25,2.541683948971068
1,26,3.2380534517196113
1,27,3.7802018269284776
1,28,57.705337204923616
1,29,1.3437461343547903
1,30,1.918628751472196
1,31,2.1865007247602444
1,32,2.106694835035686
1,33,2.662986809533312
1,34,2.194206835640477
1,35,3.0259552168047463
2,0,0.7257838158327051
2,1,1.3647608777099913
2,2,0.0
2,3,0.35477738057366287
2,4,0.4714295033962072
2,5,0.3158674562461411
2,6,1.3463546492088527
2,7,1.3055486191616588
2,8,0.6978767238480893
2,9,0.9940473691639818
2,10,1.3233385430880416
2,11,1.7062736183232758
2,12,2.3226683717243586
2,13,2.677227297341746
2,14,2.558848571510276
2,15,2.566692997597774
2,16,2.2603308705332763
2,17,1.84429268348778
2,18,1.5523279345270296
2,19,1.510012920398557
2,20,1.1222749480325704
2,21,1.1674926984258858
2,22,1.927760604026305
2,23,2.2930016206069936
2,24,1.63780690651539
2,25,1.7125284418456324
2,26,1.9840460423297723
2,27,2.4997309396203957
2,28,56.61818286065807
2,29,0.36454059493324015
2,30,0.5988082651453932
2,31,0.8857826702690735
2,32,0.7420750315867025
2,33,1.3615569585493208
2,34,0.8453149324158635
2,35,1.7254310496245175
3,0,0.37648360453935836
3,1,1.0113019071037133
3,2,0.35477738057366287
3,3,0.0
3,4,0.8258721120083403
3,5,0.5642432782832388
3,6,1.0044535407076107
3,7,1.0300514204523001
3,8,0.8118234324690359
3,9,1.2233344923744978
3,10,1.6758854473906082
3,11,2.0603837129368783
3,12,2.6757457512041216
3,13,3.026910708574973
3,14,2.9135842441532507
3,15,2.9171750203078193
3,16,2.594025148954353
3,17,2.1371789804776156
3,18,1.655607167182652
3,19,1.4650401950199516
3,20,1.1617159237884669
3,21,1.4918279111188388
3,22,2.192710027300798
3,23,2.5980837451489824
3,24,1.5922163729691738
3,25,1.845564428890949
3,26,2.308559039675363
3,27,2.834096491465036
3,28,56.88324348510988
3,29,0.4778903629528451
3,30,0.9365308755850027
3,31,1.218817414205531
3,32,1.09655263615833
3,33,1.6984273871240625
3,34,1.1963758311028503
3,35,2.063577685047798
4,0,1.1965395725370738
4,1,1.8361415530809067
4,2,0.4714295033962072
4,3,0.8258721120083403
4,4,0.0
4,5,0.42826724350688694
4,6,1.8031441512886281
4,7,1.7052424640775217
4,8,0.7812624227342848
4,9,0.8109255518098825
4,10,0.8536397084081357
4,11,1.2348760448965566
4,12,1.8519092616232808
4,13,2.21011512395102
4,14,2.087908191668759
4,15,2.109596340246726
4,16,1.817915779761892
4,17,1.4774904655893157
4,18,1.508872192783297
4,19,1.66354708365001
4,20,1.2117824779331532
4,21,0.7609835250078384
4,22,1.6072242390677467
4,23,1.897372869068427
4,24,1.7834316896718492
4,25,1.614001416592986
4,26,1.5888708656013115
4,27,2.0784904684422982
4,28,56.24953201212009
4,29,0.6442442267711536
4,30,0.2689239581661437
4,31,0.513205011181607
4,32,0.2706821920219344
4,33,0.9494182900592834
4,34,0.4009837430923283
4,35,1.302900447458501
5,0,0.9312676085734934
5,1,1.5415140216227565
5,2,0.3158674562461411
5,3,0.5642432782832388
5,4,0.42826724350688694
5,5,0.0
5,6,1.440994811095049
5,7,1.2920283201878988
5,8,0.4125286289138578
5,9,0.6831344506892175
5,10,1.1882623742021199
5,11,1.5811528547569123
5,12,2.179586177883987
5,13,2.510468840612867
5,14,2.4402073366080828
5,15,2.5040191706352135
5,16,2.0459062330149216
5,17,1.5730372427438706
5,18,1.247674576706925
5,19,1.2778839984437338
5,20,0.8530248244104066
5,21,0.9403704250007149
5,22,1.635593397065733
5,23,2.0342825593651512
5,24,1.402573811974975
5,25,1.4002604344751346
5,26,2.016568922254433
5,27,2.499873579200351
5,28,56.32931385322572
5,29,0.6723522406083796
5,30,0.6672925891134899
5,31,0.9371076625831558
5,32,0.6598484712698481
5,33,1.3763693376684456
5,34,0.8246963099275025
5,35,1.72611714061497
6,0,0.7137678473521681
6,1,0.4144886611117199
6,2,1.3463546492088527
6,3,1.0044535407076107
6,4,1.8031441512886281
6,5,1.440994811095049
6,6,0.0
6,7,0.4742906391396065
6,8,1.4279432476720415
6,9,1.9223072526056832
6,10,2.626843085935225
6,11,3.0188446494858567
6,12,3.6205729414329295
6,13,3.9475228541319876
6,14,3.8779250010289568
6,15,3.9111033332884153
6,16,3.4537890765857897
6,17,2.891556884972041
6,18,2.008638530607719
6,19,1.4915868446740324
6,20,1.4981107880671356
6,21,2.3589408221680035
6,22,2.8720097236204727
6,23,3.3679936947933493
6,24,1.5806973291394952
6,25,2.2383504820922697
6,26,3.311304058210495
6,27,3.8385394377843136
6,28,57.396821773116194
6,29,1.4345612785304525
6,30,1.9398915750708408
6,31,2.22319848059072
6,32,2.0693821634097587
6,33,2.7026072121877274
6,34,2.190736468935445
6,35,3.067647094855463
7,0,0.8959554348890878
7,1,0.8734115611190304
7,2,1.3055486191616588
7,3,1.0300514204523001
7,4,1.7052424640775217
7,5,1.2920283201878988
7,6,0.4742906391396065
7,7,0.0
7,8,1.1497134809163045
7,9,1.6269071647579942
7,10,2.4616670638269254
7,11,2.8530746049774134
7,12,3.428287369039662
7,13,3.72605952094273
7,14,3.7066066858530986
7,15,3.7945625734999386
7,16,3.191111462952811
7,17,2.580117158896378
7,18,1.5885602890521915
7,19,1.0295910078994281
7,20,1.106242642307049
7,21,2.1311440566844033
7,22,2.527145745083925
7,23,3.0539271410758047
7,24,1.1119985889724673
7,25,1.819876753839703
7,26,3.2818754324781443
7,27,3.7832056754986456
7,28,56.953054996732135
7,29,1.5070079148860855
7,30,1.8962529582685885
7,31,2.1832216452004922
7,32,1.9514903017935654
7,33,2.649007757432459
7,34,2.106155944706418
7,35,3.0070855174385387
8,0,1.1110311604251524
8,1,1.633166737806203
8,2,0.6978767238480893
8,3,0.8118234324690359
8,4,0.7812624227342848
8,5,0.4125286289138578
8,6,1.4279432476720415
8,7,1.1497134809163045
8,8,0.0
8,9,0.49440582052850884
8,10,1.3548789731074005
8,11,1.7369644260425847
8,12,2.289614690205978
8,13,2.5775390207879507
8,14,2.5774775087237227
8,15,2.708354430391905
8,16,2.044421025563441
8,17,1.4637786872841552
8,18,0.860063179113662
8,19,0.8825491236601167
8,20,0.44166579711045423
8,21,0.9862960480977494
8,22,1.4591645806794147
8,23,1.9401420700060585
8,24,1.0036107135798633
8,25,1.0371091392196807
8,26,2.3221189156485416
8,27,2.769056111983934
8,28,56.10846444435644
8,29,1.062346343347591
8,30,1.0447608140020614
8,31,1.2895776038123126
8,32,0.943253964384554
8,33,1.6844282959479524
8,34,1.1379310964675617
8,35,2.0112831730799936
9,0,1.5632711343380565
9,1,2.118296639954896
9,2,0.9940473691639818
9,3,1.2233344923744978
9,4,0.8109255518098825
9,5,0.6831344506892175
9,6,1.9223072526056832
9,7,1.6269071647579942
9,8,0.49440582052850884
9,9,0.0
9,10,1.0223652879711138
9,11,1.3680897265276388
9,12,1.866769719790273
9,13,2.124298384039894
9,14,2.1694933078842045
9,15,2.356907297617295
9,16,1.5664194957147493
9,17,0.9693875795897445
9,18,0.7336806559047988
9,19,1.1026322068149972
9,20,0.6552510777618346
9,21,0.5827961156892716
9,22,0.9780570604560473
9,23,1.445736258617482
9,24,1.1943586958613945
9,25,0.8073688268564249
9,26,2.107702743956153
9,27,2.4905959568700133
9,28,55.66032399132127
9,29,1.3311072739361436
9,30,1.0640017349772972
9,31,1.2230962068584563
9,32,0.8232080832308837
9,33,1.5042546896149782
9,34,1.0232668220907484
9,35,1.7783248865570531
10,0,2.04912235481118
10,1,2.6871872522809763
10,2,1.3233385430880416
10,3,1.6758854473906082
10,4,0.8536397084081357
10,5,1.1882623742021199
10,6,2.626843085935225
10,7,2.4616670638269254
10,8,1.3548789731074005
10,9,1.0223652879711138
10,10,0.0
10,11,0.39302503087140644
10,12,1.0000191646340615
10,13,1.357723133270401
10,14,1.251946247870954
10,15,1.3543611812650216
10,16,1.0285219704422102
10,17,0.9644230549977633
10,18,1.7005389535173978
10,19,2.122106917664551
10,20,1.6640612738550435
10,21,0.45862059806915745
10,22,1.1992151737840215
10,23,1.2401481736859579
10,24,2.2165356110783403
10,25,1.6883601457633284
10,26,1.1343916983547633
10,27,1.470591089813825
10,28,55.531346691368036
10,29,1.4550614167342544
10,30,0.8562245803764574
10,31,0.7260677183707661
10,32,0.5861620452074066
10,33,0.6444468778884256
10,34,0.572422407413688
10,35,0.8020320831833067
11,0,2.4311781902848635
11,1,3.0710170005300372
11,2,1.7062736183232758
11,3,2.0603837129368783
11,4,1.2348760448965566
11,5,1.5811528547569123
11,6,3.0188446494858567
11,7,2.8530746049774134
11,8,1.7369644260425847
11,9,1.3680897265276388
11,10,0.39302503087140644
11,11,0.0
11,12,0.6209499595758597
11,13,1.0005429477768202
11,14,0.8592188275940701
11,15,0.9889605621194647
11,16,0.813871458521219
11,17,1.0313163586047387
11,18,1.9960018408659923
11,19,2.469837143916495
11,20,2.021012608300469
11,21,0.7853600557241671
11,22,1.2956612788419937
11,23,1.1516991444694509
11,24,2.556887408746054
11,25,1.9490327513320609
11,26,0.9827984843570796
11,27,1.1875679061580886
11,28,55.27865453757025
11,29,1.8092014072994207
11,30,1.1993235920103589
11,31,1.0093585074096911
11,32,0.9643981066855508
11,33,0.7295872222597897
11,34,0.9076847495750747
11,35,0.6895612530517402
12,0,3.048329704348615
12,1,3.6870180073272176
12,2,2.3226683717243586
12,3,2.6757457512041216
12,4,1.8519092616232808
12,5,2.179586177883987
12,6,3.6205729414329295
12,7,3.428287369039662
12,8,2.289614690205978
12,9,1.866769719790273
12,10,1.0000191646340615
12,11,0.6209499595758597
12,12,0.0
12,13,0.40124497893749267
12,14,0.3202574104157083
12,15,0.7038230214515235
12,16,0.613166547810498
12,17,1.2155238091908704
12,18,2.392139282211861
12,19,2.941124425131256
12,20,2.5179535345593305
12,21,1.3043488479979433
12,22,1.468502624465193
12,23,1.0721618129730563
12,24,3.0129806519689866
12,25,2.2943220274000966
12,26,1.225620578438684
12,27,1.1333497895619045
12,28,54.744652276827296
12,29,2.429376754829834
12,30,1.8189059725002616
12,31,1.6154577348143973
12,32,1.582250429407358
12,33,1.2605461344507574
12,34,1.527404991416144
12,35,1.0618748602394097
13,0,3.4021686835898217
13,1,4.036881606890447
13,2,2.677227297341746
13,3,3.026910708574973
13,4,2.21011512395102
13,5,2.510468840612867
13,6,3.9475228541319876
13,7,3.72605952094273
13,8,2.5775390207879507
13,9,2.124298384039894
13,10,1.357723133270401
13,11,1.0005429477768202
13,12,0.40124497893749267
13,13,0.0
13,14,0.44504261234561
13,15,0.91061954765452
13,16,0.6288140618787306
13,17,1.3305828874310885
13,18,2.5660741106598906
13,19,3.1568349461668643
13,20,2.7593813943170313
13,21,1.5964240957664424
13,22,1.5494298664750037
13,23,1.041701404126695
13,24,3.216447903632946
13,25,2.437563198832552
13,26,1.5897440312928046
13,27,1.401775964942917
13,28,54.34608683873343
13,29,2.806038748818257
13,30,2.1979702978891877
13,31,2.006690868646689
13,32,1.9438635206877661
13,33,1.6617107912519584
13,34,1.9065695876001876
13,35,1.4545584543818968
14,0,3.2812240510406143
14,1,3.9221200974993224
14,2,2.558848571510276
14,3,2.9135842441532507
14,4,2.087908191668759
14,5,2.4402073366080828
14,6,3.8779250010289568
14,7,3.7066066858530986
14,8,2.5774775087237227
14,9,2.1694933078842045
14,10,1.251946247870954
14,11,0.8592188275940701
14,12,0.3202574104157083
14,13,0.44504261234561
14,14,0.0
14,15,0.4670021956409324
14,16,0.9019206435573818
14,17,1.5338965009727406
14,18,2.7104852472924086
14,19,3.2521444465823457
14,20,2.8232297216594957
14,21,1.597965357607174
14,22,1.7841712126470495
14,23,1.359088943474469
14,24,3.326399499796693
14,25,2.614478090309482
14,26,1.1907824840625336
14,27,0.9573617681293218
14,28,54.69989019701246
14,29,2.6324701189529134
14,30,2.023304086581581
14,31,1.7931080609085717
14,32,1.8173639248242064
14,33,1.3838994983643005
14,34,1.7358406687751236
14,35,1.1136956407091538
15,0,3.2683828161162243
15,1,3.90575136321389
15,2,2.566692997597774
15,3,2.9171750203078193
15,4,2.109596340246726
15,5,2.5040191706352135
15,6,3.9111033332884153
15,7,3.7945625734999386
15,8,2.708354430391905
15,9,2.356907297617295
15,10,1.3543611812650216
15,11,0.9889605621194647
15,12,0.7038230214515235
15,13,0.91061954765452
15,14,0.4670021956409324
15,15,0.0
15,16,1.3169288681352773
15,17,1.8750836463040281
15,18,2.9706909776587804
15,19,3.4587966735735667
15,20,3.008949880202802
15,21,1.7742787566177989
15,22,2.1377945325629413
15,23,1.775534764753308
15,24,3.545298552931561
15,25,2.9039096374038844
15,26,0.8655578957073293
15,27,0.5042750036703482
15,28,55.03850181072435
15,29,2.5749047797474325
15,30,1.9876260583795864
15,31,1.7222222069795823
15,32,1.8487387209161164
15,33,1.257039331624253
15,34,1.7214039002717187
15,35,0.9147773178747136
16,0,2.969523655081972
16,1,3.587381134637306
16,2,2.2603308705332763
16,3,2.594025148954353
16,4,1.817915779761892
16,5,2.0459062330149216
16,6,3.4537890765857897
16,7,3.191111462952811
16,8,2.044421025563441
16,9,1.5664194957147493
16,10,1.0285219704422102
16,11,0.813871458521219
16,12,0.613166547810498
16,13,0.6288140618787306
16,14,0.9019206435573818
16,15,1.3169288681352773
16,16,0.0
16,17,0.7049755051247936
16,18,1.9471460566076237
16,19,2.55357057634526
16,20,2.1765181215946314
16,21,1.1055365197884446
16,22,0.9212165012427529
16,23,0.45950848050245663
16,24,2.606534252013508
16,25,1.8112900425058145
16,26,1.7162261916313375
16,27,1.726681760789981
16,28,54.504012163890444
16,29,2.4530369951634476
16,30,1.8744024498000964
16,31,1.7517246534896187
16,32,1.5740812652874032
16,33,1.5412649305959614
16,34,1.5985322257495633
16,35,1.4720471153757213
17,0,2.4987471839401167
17,1,3.0791150671560072
17,2,1.84429268348778
17,3,2.1371789804776156
17,4,1.4774904655893157
17,5,1.5730372427438706
17,6,2.891556884972041
17,7,2.580117158896378
17,8,1.4637786872841552
17,9,0.9693875795897445
17,10,0.9644230549977633
17,11,1.0313163586047387
17,12,1.2155238091908704
17,13,1.3305828874310885
17,14,1.5338965009727406
17,15,1.8750836463040281
17,16,0.7049755051247936
17,17,0.0
17,18,1.2445136641894694
17,19,1.8642578561589465
17,20,1.516417729026079
17,21,0.7246874363495485
17,22,0.2674619634254486
17,23,0.47648713075308086
17,24,1.9102854633847803
17,25,1.1070042718462314
17,26,2.0087593275878874
17,27,2.1885397383240357
17,28,54.77944091386206
17,29,2.114229212140788
17,30,1.627671860296405
17,31,1.6154479181705577
17,32,1.3022708805947447
17,33,1.606872648396393
17,34,1.413808725845503
17,35,1.6972492427186454
18,0,1.9057753214706525
18,1,2.317066802467383
18,2,1.5523279345270296
18,3,1.655607167182652
18,4,1.508872192783297
18,5,1.247674576706925
18,6,2.008638530607719
18,7,1.5885602890521915
18,8,0.860063179113662
18,9,0.7336806559047988
18,10,1.7005389535173978
18,11,1.9960018408659923
18,12,2.392139282211861
18,13,2.5660741106598906
18,14,2.7104852472924086
18,15,2.9706909776587804
18,16,1.9471460566076237
18,17,1.2445136641894694
18,18,0.0
18,19,0.6581842977100553
18,20,0.5279633273143339
18,21,1.2419222830806809
18,22,1.0834346667372172
18,23,1.6596913704919767
18,24,0.6777039447264579
18,25,0.2313165819120721
18,26,2.8191863952659557
18,27,3.1650434721517575
18,28,55.392546579097186
18,29,1.91614673884537
18,30,1.7735763985644055
18,31,1.9532906487203043
18,32,1.5549846175620214
18,33,2.2312680410332453
18,34,1.756278497482148
18,35,2.4867605068793384
19,0,1.596084493036331
19,1,1.8554767556905782
19,2,1.510012920398557
19,3,1.4650401950199516
19,4,1.66354708365001
19,5,1.2778839984437338
19,6,1.4915868446740324
19,7,1.0295910078994281
19,8,0.8825491236601167
19,9,1.1026322068149972
19,10,2.122106917664551
19,11,2.469837143916495
19,12,2.941124425131256
19,13,3.1568349461668643
19,14,3.2521444465823457
19,15,3.4587966735735667
19,16,2.55357057634526
19,17,1.8642578561589465
19,18,0.6581842977100553
19,19,0.0
19,20,0.46666663394576363
19,21,1.6846160830471306
19,22,1.729897007413658
19,23,2.301892343952273
19,24,0.12834361839722586
19,25,0.8735166284991168
19,26,3.1711004638862375
19,27,3.583860995091236
19,28,55.92734485995374
19,29,1.8553738949207454
19,30,1.9271747112663886
19,31,2.1691749805669494
19,32,1.8067909535088864
19,33,2.542408183249163
19,34,2.007304449266921
19,35,2.849687674231984
20,0,1.3850687746323618
20,1,1.7920746957792681
20,2,1.1222749480325704
20,3,1.1617159237884669
20,4,1.2117824779331532
20,5,0.8530248244104066
20,6,1.4981107880671356
20,7,1.106242642307049
20,8,0.44166579711045423
20,9,0.6552510777618346
20,10,1.6640612738550435
20,11,2.021012608300469
20,12,2.5179535345593305
20,13,2.7593813943170313
20,14,2.8232297216594957
20,15,3.008949880202802
20,16,2.1765181215946314
20,17,1.516417729026079
20,18,0.5279633273143339
20,19,0.46666663394576363
20,20,0.0
20,21,1.236767762015915
20,22,1.4324860713233563
20,23,1.979803511823429
20,24,0.5775065379238443
20,25,0.7496756102502392
20,26,2.7044371984517377
20,27,3.120542085869756
20,28,55.91422583570771
20,29,1.483179551549942
20,30,1.4787981502378846
20,31,1.7109758285032803
20,32,1.342280999297844
20,33,2.0762113728838196
20,34,1.5438192606172538
20,35,2.383321765473332
21,0,1.866109240724305
21,1,2.4818532370951187
21,2,1.1674926984258858
21,3,1.4918279111188388
21,4,0.7609835250078384
21,5,0.9403704250007149
21,6,2.3589408221680035
21,7,2.1311440566844033
21,8,0.9862960480977494
21,9,0.5827961156892716
21,10,0.45862059806915745
21,11,0.7853600557241671
21,12,1.3043488479979433
21,13,1.5964240957664424
21,14,1.597965357607174
21,15,1.7742787566177989
21,16,1.1055365197884446
21,17,0.7246874363495485
21,18,1.2419222830806809
21,19,1.6846160830471306
21,20,1.236767762015915
21,21,0.0
21,22,0.8915379177042048
21,23,1.1370477528448584
21,24,1.7731228480306453
21,25,1.2352800788150389
21,26,1.5857057192100745
21,27,1.926358955963728
21,28,55.48855265871624
21,29,1.4040958381063713
21,30,0.9038488052014495
21,31,0.9201870062453685
21,32,0.5789741167870824
21,33,1.038155978839682
21,34,0.7095517694100612
21,35,1.2524333490584905
22,0,2.5401828977093324
22,1,3.091942443808849
22,2,1.927760604026305
22,3,2.192710027300798
22,4,1.6072242390677467
22,5,1.635593397065733
22,6,2.8720097236204727
22,7,2.527145745083925
22,8,1.4591645806794147
22,9,0.9780570604560473
22,10,1.1992151737840215
22,11,1.2956612788419937
22,12,1.468502624465193
22,13,1.5494298664750037
22,14,1.7841712126470495
22,15,2.1377945325629413
22,16,0.9212165012427529
22,17,0.2674619634254486
22,18,1.0834346667372172
22,19,1.729897007413658
22,20,1.4324860713233563
22,21,0.8915379177042048
22,22,0.0
22,23,0.5769619188124611
22,24,1.7606334947648974
22,25,0.9140094898418719
22,26,2.2692963251981557
22,27,2.4559968703725055
22,28,54.6937706639117
22,29,2.2257620452659364
22,30,1.786838025014648
22,31,1.8084220587416668
22,32,1.465570976552976
22,33,1.843597933124534
22,34,1.59991293965291
22,35,1.9538910521342634
23,0,2.963939152249076
23,1,3.5515804489482883
23,2,2.2930016206069936
23,3,2.5980837451489824
23,4,1.897372869068427
23,5,2.0342825593651512
23,6,3.3679936947933493
23,7,3.0539271410758047
23,8,1.9401420700060585
23,9,1.445736258617482
23,10,1.2401481736859579
23,11,1.1516991444694509
23,12,1.0721618129730563
23,13,1.041701404126695
23,14,1.359088943474469
23,15,1.775534764753308
23,16,0.45950848050245663
23,17,0.47648713075308086
23,18,1.6596913704919767
23,19,2.301892343952273
23,20,1.979803511823429
23,21,1.1370477528448584
23,22,0.5769619188124611
23,23,0.0
23,24,2.3361997378221075
23,25,1.4893001145732356
23,26,2.113692300009043
23,27,2.173190396551198
23,28,54.353384705203574
23,29,2.541054792697186
23,30,2.0136485626695033
23,31,1.952253977274115
23,32,1.691693482915081
23,33,1.8401854192639076
23,34,1.7681797272211939
23,35,1.839603547352888
24,0,1.7162794687365193
24,1,1.9542425079893155
24,2,1.63780690651539
24,3,1.5922163729691738
24,4,1.7834316896718492
24,5,1.402573811974975
24,6,1.5806973291394952
24,7,1.1119985889724673
24,8,1.0036107135798633
24,9,1.1943586958613945
24,10,2.2165356110783403
24,11,2.556887408746054
24,12,3.0129806519689866
24,13,3.216447903632946
24,14,3.326399499796693
24,15,3.545298552931561
24,16,2.606534252013508
24,17,1.9102854633847803
24,18,0.6777039447264579
24,19,0.12834361839722586
24,20,0.5775065379238443
24,21,1.7731228480306453
24,22,1.7606334947648974
24,23,2.3361997378221075
24,24,0.0
24,25,0.8759353124576119
24,26,3.2779969073946464
24,27,3.6824762967780336
24,28,55.85893127188758
24,29,1.983674747104348
24,30,2.048253075327006
24,31,2.28671886501853
24,32,1.919752942580014
24,33,2.6524453111203448
24,34,2.121310345392218
24,35,2.9545852475079237
25,0,2.112925211162706
25,1,2.541683948971068
25,2,1.7125284418456324
25,3,1.845564428890949
25,4,1.614001416592986
25,5,1.4002604344751346
25,6,2.2383504820922697
25,7,1.819876753839703
25,8,1.0371091392196807
25,9,0.8073688268564249
25,10,1.6883601457633284
25,11,1.9490327513320609
25,12,2.2943220274000966
25,13,2.437563198832552
25,14,2.614478090309482
25,15,2.9039096374038844
25,16,1.8112900425058145
25,17,1.1070042718462314
25,18,0.2313165819120721
25,19,0.8735166284991168
25,20,0.7496756102502392
25,21,1.2352800788150389
25,22,0.9140094898418719
25,23,1.4893001145732356
25,24,0.8759353124576119
25,25,0.0
25,26,2.820646962141871
25,27,3.1322752277984933
25,28,55.16545940956753
25,29,2.072612046271482
25,30,1.8708472834109409
25,31,2.024043497805709
25,32,1.6234713164851466
25,33,2.2586243053800907
25,34,1.8187206835755938
25,35,2.487417311512036
26,0,2.6223827939331796
26,1,3.2380534517196113
26,2,1.9840460423297723
26,3,2.308559039675363
26,4,1.5888708656013115
26,5,2.016568922254433
26,6,3.311304058210495
26,7,3.2818754324781443
26,8,2.3221189156485416
26,9,2.107702743956153
26,10,1.1343916983547633
26,11,0.9827984843570796
26,12,1.225620578438684
26,13,1.5897440312928046
26,14,1.1907824840625336
26,15,0.8655578957073293
26,16,1.7162261916313375
26,17,2.0087593275878874
26,18,2.8191863952659557
26,19,3.1711004638862375
26,20,2.7044371984517377
26,21,1.5857057192100745
26,22,2.2692963251981557
26,23,2.113692300009043
26,24,3.2779969073946464
26,25,2.820646962141871
26,26,0.0
26,27,0.5508234680789771
26,28,55.88306634462504
26,29,1.896395831314966
26,30,1.3867174530260105
26,31,1.0992610461519132
26,32,1.379866789161659
26,33,0.6410096515450459
26,34,1.1940332219714451
26,35,0.33327280151074834
27,0,3.1586238097420885
27,1,3.7802018269284776
27,2,2.4997309396203957
27,3,2.834096491465036
27,4,2.0784904684422982
27,5,2.499873579200351
27,6,3.8385394377843136
27,7,3.7832056754986456
27,8,2.769056111983934
27,9,2.4905959568700133
27,10,1.470591089813825
27,11,1.1875679061580886
27,12,1.1333497895619045
27,13,1.401775964942917
27,14,0.9573617681293218
27,15,0.5042750036703482
27,16,1.726681760789981
27,17,2.1885397383240357
27,18,3.1650434721517575
27,19,3.583860995091236
27,20,3.120542085869756
27,21,1.926358955963728
27,22,2.4559968703725055
27,23,2.173190396551198
27,24,3.6824762967780336
27,25,3.1322752277984933
27,26,0.5508234680789771
27,27,0.0
27,28,55.49958112822046
27,29,2.436684529917172
27,30,1.9012357686777737
27,31,1.615776239779811
27,32,1.8445736648258428
27,33,1.1382304203490128
27,34,1.677547058879062
27,35,0.7762850026389941
28,0,57.21727948314147
28,1,57.705337204923616
28,2,56.61818286065807
28,3,56.88324348510988
28,4,56.24953201212009
28,5,56.32931385322572
28,6,57.396821773116194
28,7,56.953054996732135
28,8,56.10846444435644
28,9,55.66032399132127
28,10,55.531346691368036
28,11,55.27865453757025
28,12,54.744652276827296
28,13,54.34608683873343
28,14,54.69989019701246
28,15,55.03850181072435
28,16,54.504012163890444
28,17,54.77944091386206
28,18,55.392546579097186
28,19,55.92734485995374
28,20,55.91422583570771
28,21,55.48855265871624
28,22,54.6937706639117
28,23,54.353384705203574
28,24,55.85893127188758
28,25,55.16545940956753
28,26,55.88306634462504
28,27,55.49958112822046
28,28,0.0
28,29,56.89153126112075
28,30,56.35949075454043
28,31,56.25573669615201
28,32,56.041914239837
28,33,55.99336351917602
28,34,56.09630426481991
28,35,55.798041666426776
29,0,0.729292342792644
29,1,1.3437461343547903
29,2,0.36454059493324015
29,3,0.4778903629528451
29,4,0.6442442267711536
29,5,0.6723522406083796
29,6,1.4345612785304525
29,7,1.5070079148860855
29,8,1.062346343347591
29,9,1.3311072739361436
29,10,1.4550614167342544
29,11,1.8092014072994207
29,12,2.429376754829834
29,13,2.806038748818257
29,14,2.6324701189529134
29,15,2.5749047797474325
29,16,2.4530369951634476
29,17,2.114229212140788
29,18,1.91614673884537
29,19,1.8553738949207454
29,20,1.483179551549942
29,21,1.4040958381063713
29,22,2.2257620452659364
29,23,2.541054792697186
29,24,1.983674747104348
29,25,2.072612046271482
29,26,1.896395831314966
29,27,2.436684529917172
29,28,56.89153126112075
29,29,0.0
29,30,0.6108910410099382
29,31,0.8532402835702392
29,32,0.879692883035655
29,33,1.3231641816305326
29,34,0.9020317134345243
29,35,1.6840942459360295
30,0,1.2807873868702253
30,1,1.918628751472196
30,2,0.5988082651453932
30,3,0.9365308755850027
30,4,0.2689239581661437
30,5,0.6672925891134899
30,6,1.9398915750708408
30,7,1.8962529582685885
30,8,1.0447608140020614
30,9,1.0640017349772972
30,10,0.8562245803764574
30,11,1.1993235920103589
30,12,1.8189059725002616
30,13,2.1979702978891877
30,14,2.023304086581581
30,15,1.9876260583795864
30,16,1.8744024498000964
30,17,1.627671860296405
30,18,1.7735763985644055
30,19,1.9271747112663886
30,20,1.4787981502378846
30,21,0.9038488052014495
30,22,1.786838025014648
30,23,2.0136485626695033
30,24,2.048253075327006
30,25,1.8708472834109409
30,26,1.3867174530260105
30,27,1.9012357686777737
30,28,56.35949075454043
30,29,0.6108910410099382
30,30,0.0
30,31,0.2874818188350601
30,32,0.3254790327037855
30,33,0.7633788859305943
30,34,0.29163885843951115
30,35,1.1280046929493492
31,0,1.5534104607785266
31,1,2.1865007247602444
31,2,0.8857826702690735
31,3,1.218817414205531
31,4,0.513205011181607
31,5,0.9371076625831558
31,6,2.22319848059072
31,7,2.1832216452004922
31,8,1.2895776038123126
31,9,1.2230962068584563
31,10,0.7260677183707661
31,11,1.0093585074096911
31,12,1.6154577348143973
31,13,2.006690868646689
31,14,1.7931080609085717
31,15,1.7222222069795823
31,16,1.7517246534896187
31,17,1.6154479181705577
31,18,1.9532906487203043
31,19,2.1691749805669494
31,20,1.7109758285032803
31,21,0.9201870062453685
31,22,1.8084220587416668
31,23,1.952253977274115
31,24,2.28671886501853
31,25,2.024043497805709
31,26,1.0992610461519132
31,27,1.615776239779811
31,28,56.25573669615201
31,29,0.8532402835702392
31,30,0.2874818188350601
31,31,0.0
31,32,0.40062682622698575
31,33,0.47998720026887653
31,34,0.2135622650104468
31,35,0.8452157219598858
32,0,1.4667936711003786
32,1,2.106694835035686
32,2,0.7420750315867025
32,3,1.09655263615833
32,4,0.2706821920219344
32,5,0.6598484712698481
32,6,2.0693821634097587
32,7,1.9514903017935654
32,8,0.943253964384554
32,9,0.8232080832308837
32,10,0.5861620452074066
32,11,0.9643981066855508
32,12,1.582250429407358
32,13,1.9438635206877661
32,14,1.8173639248242064
32,15,1.8487387209161164
32,16,1.5740812652874032
32,17,1.3022708805947447
32,18,1.5549846175620214
32,19,1.8067909535088864
32,20,1.342280999297844
32,21,0.5789741167870824
32,22,1.465570976552976
32,23,1.691693482915081
32,24,1.919752942580014
32,25,1.6234713164851466
32,26,1.379866789161659
32,27,1.8445736648258428
32,28,56.041914239837
32,29,0.879692883035655
32,30,0.3254790327037855
32,31,0.40062682622698575
32,32,0.0
32,33,0.7411814674272418
32,34,0.20393651923573192
32,35,1.0753802242073542
33,0,2.0322618336516176
33,1,2.662986809533312
33,2,1.3615569585493208
33,3,1.6984273871240625
33,4,0.9494182900592834
33,5,1.3763693376684456
33,6,2.7026072121877274
33,7,2.649007757432459
33,8,1.6844282959479524
33,9,1.5042546896149782
33,10,0.6444468778884256
33,11,0.7295872222597897
33,12,1.2605461344507574
33,13,1.6617107912519584
33,14,1.3838994983643005
33,15,1.257039331624253
33,16,1.5412649305959614
33,17,1.606872648396393
33,18,2.2312680410332453
33,19,2.542408183249163
33,20,2.0762113728838196
33,21,1.038155978839682
33,22,1.843597933124534
33,23,1.8401854192639076
33,24,2.6524453111203448
33,25,2.2586243053800907
33,26,0.6410096515450459
33,27,1.1382304203490128
33,28,55.99336351917602
33,29,1.3231641816305326
33,30,0.7633788859305943
33,31,0.47998720026887653
33,32,0.7411814674272418
33,33,0.0
33,34,0.553030138761864
33,35,0.36523779732065675
34,0,1.5537074686690562
34,1,2.194206835640477
34,2,0.8453149324158635
34,3,1.1963758311028503
34,4,0.4009837430923283
34,5,0.8246963099275025
34,6,2.190736468935445
34,7,2.106155944706418
34,8,1.1379310964675617
34,9,1.0232668220907484
34,10,0.572422407413688
34,11,0.9076847495750747
34,12,1.527404991416144
34,13,1.9065695876001876
34,14,1.7358406687751236
34,15,1.7214039002717187
34,16,1.5985322257495633
34,17,1.413808725845503
34,18,1.756278497482148
34,19,2.007304449266921
34,20,1.5438192606172538
34,21,0.7095517694100612
34,22,1.59991293965291
34,23,1.7681797272211939
34,24,2.121310345392218
34,25,1.8187206835755938
34,26,1.1940332219714451
34,27,1.677547058879062
34,28,56.09630426481991
34,29,0.9020317134345243
34,30,0.29163885843951115
34,31,0.2135622650104468
34,32,0.20393651923573192
34,33,0.553030138761864
34,34,0.0
34,35,0.9022263423012226
35,0,2.396749812202794
35,1,3.0259552168047463
35,2,1.7254310496245175
35,3,2.063577685047798
35,4,1.302900447458501
35,5,1.72611714061497
35,6,3.067647094855463
35,7,3.0070855174385387
35,8,2.0112831730799936
35,9,1.7783248865570531
35,10,0.8020320831833067
35,11,0.6895612530517402
35,12,1.0618748602394097
35,13,1.4545584543818968
35,14,1.1136956407091538
35,15,0.9147773178747136
35,16,1.4720471153757213
35,17,1.6972492427186454
35,18,2.4867605068793384
35,19,2.849687674231984
35,20,2.383321765473332
35,21,1.2524333490584905
35,22,1.9538910521342634
35,23,1.839603547352888
35,24,2.9545852475079237
35,25,2.487417311512036
35,26,0.33327280151074834
35,27,0.7762850026389941
35,28,55.798041666426776
35,29,1.6840942459360295
35,30,1.1280046929493492
35,31,0.8452157219598858
35,32,1.0753802242073542
35,33,0.36523779732065675
35,34,0.9022263423012226
35,35,0.0
