source_id,target_id,rtt
0,0,0.0
0,1,0.48475044629817876
0,2,2.184630646850103
0,3,1.615707704333158
0,4,4.430617914115497
0,5,3.814375701265642
0,6,1.0499157379285387
0,7,1.4217931763159113
0,8,3.8000045372221756
0,9,2.662144271671172
0,10,2.6930620856032124
0,11,5.6369461659684905
0,12,5.040501853742214
0,13,4.646867176064704
0,14,4.144576947465744
0,15,3.724337650179387
0,16,4.133351440380462
0,17,4.553998343548152
0,18,6.066298874491664
1,0,0.48475044629817876
1,1,0.0
1,2,2.669381093148282
1,3,2.100458150631337
1,4,4.915368360413676
1,5,4.299126147563821
1,6,1.5346661842267175
1,7,1.9065436226140902
1,8,4.284754983520354
1,9,3.1468947179693507
1,10,3.1778125319013912
1,11,6.121696612266669
1,12,5.525252300040393
1,13,5.131617622362882
1,14,4.629327393763923
1,15,4.209088096477566
1,16,4.618101886678641
1,17,5.038748789846331
1,18,6.551049320789843
2,0,2.184630646850103
2,1,2.669381093148282
2,2,0.0
2,3,1.9954235301134466
2,4,2.717460605219758
2,5,2.101218392369903
2,6,3.2345463847786418
2,7,3.6064238231660144
2,8,2.0868472283264365
2,9,0.9489869627754329
2,10,0.5084314387531093
2,11,3.452315519118387
2,12,2.855871206892111
2,13,2.4622365292146005
2,14,1.9599463006156408
2,15,1.539707003329284
2,16,1.9487207935303588
2,17,2.3693676966980486
2,18,3.8816682276415606
3,0,1.615707704333158
3,1,2.100458150631337
3,2,1.9954235301134466
3,3,0.0
3,4,2.814910209782339
3,5,2.198667996932484
3,6,2.6656234422616967
3,7,3.0375008806490693
3,8,2.1842968328890175
3,9,1.0464365673380138
3,10,1.4869920913603374
3,11,4.7469369449660945
3,12,4.150492632739818
3,13,3.7568579550623076
3,14,3.254567726463348
3,15,2.834328429176991
3,16,3.243342219378066
3,17,3.663989122545756
3,18,5.0340445630304504
4,0,4.430617914115497
4,1,4.915368360413676
4,2,2.717460605219758
4,3,2.814910209782339
4,4,0.0
4,5,0.6162422128498548
4,6,5.480533652044036
4,7,5.852411090431408
4,8,0.63444187760518
4,9,1.768473642444325
4,10,2.2090291664666486
4,11,5.468974020072405
4,12,4.8725297078461285
4,13,4.478895030168618
4,14,3.9766048015696587
4,15,3.556365504283302
4,16,3.965379294484377
4,17,4.3860261976520665
4,18,3.484189607746613
5,0,3.814375701265642
5,1,4.299126147563821
5,2,2.101218392369903
5,3,2.198667996932484
5,4,0.6162422128498548
5,5,0.0
5,6,4.864291439194181
5,7,5.236168877581553
5,8,0.04235752791177716
5,9,1.1522314295944702
5,10,1.5927869536167938
5,11,4.8527318072225505
5,12,4.256287494996274
5,13,3.8626528173187635
5,14,3.360362588719804
5,15,2.940123291433447
5,16,3.349137081634522
5,17,3.769783984802212
5,18,2.89210525805321
6,0,1.0499157379285387
6,1,1.5346661842267175
6,2,3.2345463847786418
6,3,2.6656234422616967
6,4,5.480533652044036
6,5,4.864291439194181
6,6,0.0
6,7,0.37187743838737275
6,8,4.849920275150714
6,9,3.7120600095997105
6,10,3.742977823531751
6,11,6.68686190389703
6,12,6.090417591670754
6,13,5.696782913993243
6,14,5.194492685394283
6,15,4.774253388107926
6,16,5.183267178309001
6,17,5.603914081476691
6,18,7.116214612420203
7,0,1.4217931763159113
7,1,1.9065436226140902
7,2,3.6064238231660144
7,3,3.0375008806490693
7,4,5.852411090431408
7,5,5.236168877581553
7,6,0.37187743838737275
7,7,0.0
7,8,5.221797713538088
7,9,4.083937447987084
7,10,4.114855261919124
7,11,7.058739342284403
7,12,6.462295030058126
7,13,6.068660352380616
7,14,5.566370123781656
7,15,5.146130826495299
7,16,5.555144616696374
7,17,5.975791519864064
7,18,7.488092050807576
8,0,3.8000045372221756
8,1,4.284754983520354
8,2,2.0868472283264365
8,3,2.1842968328890175
8,4,0.63444187760518
8,5,0.04235752791177716
8,6,4.849920275150714
8,7,5.221797713538088
8,8,0.0
8,9,1.1378602655510037
8,10,1.5784157895733273
8,11,4.838360643179084
8,12,4.241916330952808
8,13,3.848281653275297
8,14,3.3459914246763374
8,15,2.9257521273899805
8,16,3.3347659175910556
8,17,3.7554128207587456
8,18,2.849747730141433
9,0,2.662144271671172
9,1,3.1468947179693507
9,2,0.9489869627754329
9,3,1.0464365673380138
9,4,1.768473642444325
9,5,1.1522314295944702
9,6,3.7120600095997105
9,7,4.083937447987084
9,8,1.1378602655510037
9,9,0.0
9,10,0.4405555240223237
9,11,3.7005003776280803
9,12,3.104056065401804
9,13,2.7104213877242933
9,14,2.208131159125334
9,15,1.787891861838977
9,16,2.196905652040052
9,17,2.617552555207742
9,18,3.9876079956924366
10,0,2.6930620856032124
10,1,3.1778125319013912
10,2,0.5084314387531093
10,3,1.4869920913603374
10,4,2.2090291664666486
10,5,1.5927869536167938
10,6,3.742977823531751
10,7,4.114855261919124
10,8,1.5784157895733273
10,9,0.4405555240223237
10,10,0.0
10,11,3.960746957871496
10,12,3.3643026456452203
10,13,2.9706679679677097
10,14,2.46837773936875
10,15,2.048138442082393
10,16,2.4571522322834682
10,17,2.8777991354511583
10,18,4.39009966639467
11,0,5.6369461659684905
11,1,6.121696612266669
11,2,3.452315519118387
11,3,4.7469369449660945
11,4,5.468974020072405
11,5,4.8527318072225505
11,6,6.68686190389703
11,7,7.058739342284403
11,8,4.838360643179084
11,9,3.7005003776280803
11,10,3.960746957871496
11,11,0.0
11,12,0.7146841909654444
11,13,1.1083188686429553
11,14,1.6106090972419147
11,15,1.9126085157891033
11,16,2.321622305990178
11,17,2.742269209157868
11,18,4.25456974010138
12,0,5.040501853742214
12,1,5.525252300040393
12,2,2.855871206892111
12,3,4.150492632739818
12,4,4.8725297078461285
12,5,4.256287494996274
12,6,6.090417591670754
12,7,6.462295030058126
12,8,4.241916330952808
12,9,3.104056065401804
12,10,3.3643026456452203
12,11,0.7146841909654444
12,12,0.0
12,13,0.39363467767751076
12,14,0.8959249062764703
12,15,1.3161642035628272
12,16,1.725177993763902
12,17,2.145824896931592
12,18,3.658125427875104
13,0,4.646867176064704
13,1,5.131617622362882
13,2,2.4622365292146005
13,3,3.7568579550623076
13,4,4.478895030168618
13,5,3.8626528173187635
13,6,5.696782913993243
13,7,6.068660352380616
13,8,3.848281653275297
13,9,2.7104213877242933
13,10,2.9706679679677097
13,11,1.1083188686429553
13,12,0.39363467767751076
13,13,0.0
13,14,0.5022902285989594
13,15,0.9225295258853164
13,16,1.3315433160863914
13,17,1.7521902192540812
13,18,3.2644907501975933
14,0,4.144576947465744
14,1,4.629327393763923
14,2,1.9599463006156408
14,3,3.254567726463348
14,4,3.9766048015696587
14,5,3.360362588719804
14,6,5.194492685394283
14,7,5.566370123781656
14,8,3.3459914246763374
14,9,2.208131159125334
14,10,2.46837773936875
14,11,1.6106090972419147
14,12,0.8959249062764703
14,13,0.5022902285989594
14,14,0.0
14,15,0.420239297286357
14,16,0.829253087487432
14,17,1.2498999906551218
14,18,2.7622005215986336
15,0,3.724337650179387
15,1,4.209088096477566
15,2,1.539707003329284
15,3,2.834328429176991
15,4,3.556365504283302
15,5,2.940123291433447
15,6,4.774253388107926
15,7,5.146130826495299
15,8,2.9257521273899805
15,9,1.787891861838977
15,10,2.048138442082393
15,11,1.9126085157891033
15,12,1.3161642035628272
15,13,0.9225295258853164
15,14,0.420239297286357
15,15,0.0
15,16,0.4090137902010749
15,17,0.8296606933687648
15,18,2.3419612243122767
16,0,4.133351440380462
16,1,4.618101886678641
16,2,1.9487207935303588
16,3,3.243342219378066
16,4,3.965379294484377
16,5,3.349137081634522
16,6,5.183267178309001
16,7,5.555144616696374
16,8,3.3347659175910556
16,9,2.196905652040052
16,10,2.4571522322834682
16,11,2.321622305990178
16,12,1.725177993763902
16,13,1.3315433160863914
16,14,0.829253087487432
16,15,0.4090137902010749
16,16,0.0
16,17,0.4206469031676899
16,18,2.116486595379029
17,0,4.553998343548152
17,1,5.038748789846331
17,2,2.3693676966980486
17,3,3.663989122545756
17,4,4.3860261976520665
17,5,3.769783984802212
17,6,5.603914081476691
17,7,5.975791519864064
17,8,3.7554128207587456
17,9,2.617552555207742
17,10,2.8777991354511583
17,11,2.742269209157868
17,12,2.145824896931592
17,13,1.7521902192540812
17,14,1.2498999906551218
17,15,0.8296606933687648
17,16,0.4206469031676899
17,17,0.0
17,18,1.6958396922113388
18,0,6.066298874491664
18,1,6.551049320789843
18,2,3.8816682276415606
18,3,5.0340445630304504
18,4,3.484189607746613
18,5,2.89210525805321
18,6,7.116214612420203
18,7,7.488092050807576
18,8,2.849747730141433
18,9,3.9876079956924366
18,10,4.39009966639467
18,11,4.25456974010138
18,12,3.658125427875104
18,13,3.2644907501975933
18,14,2.7622005215986336
18,15,2.3419612243122767
18,16,2.116486595379029
18,17,1.6958396922113388
18,18,0.0
