source_id,target_id,rtt
0,0,0.0
0,1,0.48475044629817876
0,2,2.184630646850103
0,3,1.615707704333158
0,4,1.908256688804221
0,5,2.029886461814724
0,6,1.0499157379285387
0,7,1.4181032765126358
0,8,2.072161716448901
0,9,2.6138758820400274
0,10,2.469667644173804
0,11,4.5628124685090805
0,12,3.952050264692911
0,13,3.7521739781770354
0,14,3.589654077008093
0,15,3.686593361030701
0,16,3.806085779539666
0,17,4.188584878579038
0,18,4.668737034842127
1,0,0.48475044629817876
1,1,0.0
1,2,2.6688012545075543
1,3,2.0441782170121114
1,4,2.1551199694777217
1,5,2.3826701583380596
1,6,1.096688026373344
1,7,1.4163428474146331
1,8,2.4248653194287693
1,9,3.0662247738716775
1,10,2.943200261898967
1,11,4.997122159601982
1,12,4.403292168213692
1,13,4.216720632256009
1,14,4.06765302328044
1,15,4.170426681487246
1,16,4.290507548141942
1,17,4.6718402717079694
1,18,5.108962866942244
2,0,2.184630646850103
2,1,2.6688012545075543
2,2,0.0
2,3,1.0877047132819866
2,4,2.1321726690392686
2,5,1.60908538086908
2,6,2.4968611493466426
2,7,2.7446109729873855
2,8,1.6195917375858382
2,9,0.926975869447332
2,10,0.5084314387531093
2,11,2.9091275774872636
2,12,2.2000956572738857
2,13,1.8754242489707353
2,14,1.5472971726311286
2,15,1.539707003329284
2,16,1.6220291578204968
2,17,2.005858894368075
2,18,2.787932000268112
3,0,1.615707704333158
3,1,2.0441782170121114
3,2,1.0877047132819866
3,3,0.0
3,4,1.0618156595766417
3,5,0.6557231092256304
3,6,1.5260355230606903
3,7,1.7125643689658323
3,8,0.6853980820816465
3,9,1.0464365673380138
3,10,1.0616173077933704
3,11,3.9889343325287574
3,12,3.283726276936629
3,13,2.9631239060681436
3,14,2.6184797339058554
3,15,2.547965866290853
3,16,2.526652838939493
3,17,2.8434240835074807
3,18,3.0652339984024715
4,0,1.908256688804221
4,1,2.1551199694777217
4,2,2.1321726690392686
4,3,1.0618156595766417
4,4,0.0
4,5,0.6162422128498548
4,6,1.162038731842807
4,7,1.0937985464568696
4,8,0.63444187760518
4,9,1.7679754565397368
4,10,1.9830351168045024
4,11,5.041149173047445
4,12,4.332055932608782
4,13,3.9992374637259354
4,14,3.6236880401980285
4,15,3.4980395764605485
4,16,3.4030782095559746
4,17,3.6553760839538776
4,18,3.4186938981095114
5,0,2.029886461814724
5,1,2.3826701583380596
5,2,1.60908538086908
5,3,0.6557231092256304
5,4,0.6162422128498548
5,5,0.0
5,6,1.5718473008008353
5,7,1.6142595881582082
5,8,0.04235752791177716
5,9,1.1522314295944702
5,10,1.3918068031816095
5,11,4.504877588718703
5,12,3.7913509166203307
5,13,3.4441440980531017
5,14,3.046501750444433
5,15,2.898826784504802
5,16,2.790495154231995
5,17,3.039137619936862
5,18,2.885019125831374
6,0,1.0499157379285387
6,1,1.096688026373344
6,2,2.4968611493466426
6,3,1.5260355230606903
6,4,1.162038731842807
6,5,1.5718473008008353
6,6,0.0
6,7,0.37187743838737275
6,8,1.6096822100539503
6,9,2.5466519871612507
6,10,2.582185724122107
6,11,5.239736934372556
6,12,4.572024040786952
6,13,4.305521735248808
6,14,4.036114562847642
6,15,4.026788837437854
6,16,4.041456615752832
6,17,4.3682007123651045
6,18,4.450665456171766
7,0,1.4181032765126358
7,1,1.4163428474146331
7,2,2.7446109729873855
7,3,1.7125643689658323
7,4,1.0937985464568696
7,5,1.6142595881582082
7,6,0.37187743838737275
7,7,0.0
7,8,1.6467530185359123
7,9,2.68208723512603
7,10,2.772702557366307
7,11,5.545175773140569
7,12,4.867002178709391
7,13,4.585946078209707
7,14,4.2916288392461945
7,15,4.253695973275562
7,16,4.238152051234481
7,17,4.544124044515278
7,18,4.491565335558432
8,0,2.072161716448901
8,1,2.4248653194287693
8,2,1.6195917375858382
8,3,0.6853980820816465
8,4,0.63444187760518
8,5,0.04235752791177716
8,6,1.6096822100539503
8,7,1.6467530185359123
8,8,0.0
8,9,1.1378602655510037
8,10,1.3894664604685665
8,11,4.510752993511422
8,12,3.7968501700316777
8,13,3.44750513524984
8,14,3.0458851074282873
8,15,2.8926303481096096
8,16,2.778562162022358
8,17,3.0225229721525744
8,18,2.849747730141433
9,0,2.6138758820400274
9,1,3.0662247738716775
9,2,0.926975869447332
9,3,1.0464365673380138
9,4,1.7679754565397368
9,5,1.1522314295944702
9,6,2.5466519871612507
9,7,2.68208723512603
9,8,1.1378602655510037
9,9,0.0
9,10,0.4405555240223237
9,11,3.5356328180067287
9,12,2.8257979160010973
9,13,2.4490518875894725
9,14,1.9986793760679382
9,15,1.787891861838977
9,16,1.6431478297244266
9,17,1.8888669338851742
9,18,2.063324987681513
10,0,2.469667644173804
10,1,2.943200261898967
10,2,0.5084314387531093
10,3,1.0616173077933704
10,4,1.9830351168045024
10,5,1.3918068031816095
10,6,2.582185724122107
10,7,2.772702557366307
10,8,1.3894664604685665
10,9,0.4405555240223237
10,10,0.0
10,11,3.1549363503914303
10,12,2.44090951162772
10,13,2.076291720056832
10,14,1.657763372670364
10,15,1.5163300553667776
10,16,1.465458799599993
10,17,1.787464851193881
10,18,2.319253693231373
11,0,4.5628124685090805
11,1,4.997122159601982
11,2,2.9091275774872636
11,3,3.9889343325287574
11,4,5.041149173047445
11,5,4.504877588718703
11,6,5.239736934372556
11,7,5.545175773140569
11,8,4.510752993511422
11,9,3.5356328180067287
11,10,3.1549363503914303
11,11,0.0
11,12,0.7146841909654444
11,13,1.0877402855659966
11,14,1.5683981162286458
11,15,1.9126085157891033
11,16,2.279978883079914
11,17,2.469208756377285
11,18,4.164281114812594
12,0,3.952050264692911
12,1,4.403292168213692
12,2,2.2000956572738857
12,3,3.283726276936629
12,4,4.332055932608782
12,5,3.7913509166203307
12,6,4.572024040786952
12,7,4.867002178709391
12,8,3.7968501700316777
12,9,2.8257979160010973
12,10,2.44090951162772
12,11,0.7146841909654444
12,12,0.0
12,13,0.39363467767751076
12,14,0.8949389064935301
12,15,1.2822103758760632
12,16,1.6786977157045597
12,17,1.9424671282845833
12,18,3.6077136538515227
13,0,3.7521739781770354
13,1,4.216720632256009
13,2,1.8754242489707353
13,3,2.9631239060681436
13,4,3.9992374637259354
13,5,3.4441440980531017
13,6,4.305521735248808
13,7,4.585946078209707
13,8,3.44750513524984
13,9,2.4490518875894725
13,10,2.076291720056832
13,11,1.0877402855659966
13,12,0.39363467767751076
13,13,0.0
13,14,0.5022902285989594
13,15,0.9004447459972842
13,16,1.304097893104756
13,17,1.5984130449293668
13,18,3.2384664889329864
14,0,3.589654077008093
14,1,4.06765302328044
14,2,1.5472971726311286
14,3,2.6184797339058554
14,4,3.6236880401980285
14,5,3.046501750444433
14,6,4.036114562847642
14,7,4.2916288392461945
14,8,3.0458851074282873
14,9,1.9986793760679382
14,10,1.657763372670364
14,11,1.5683981162286458
14,12,0.8949389064935301
14,13,0.5022902285989594
14,14,0.0
14,15,0.420239297286357
14,16,0.8290460931574128
14,17,1.1727671704258873
14,18,2.759193826647316
15,0,3.686593361030701
15,1,4.170426681487246
15,2,1.539707003329284
15,3,2.547965866290853
15,4,3.4980395764605485
15,5,2.898826784504802
15,6,4.026788837437854
15,7,4.253695973275562
15,8,2.8926303481096096
15,9,1.787891861838977
15,10,1.5163300553667776
15,11,1.9126085157891033
15,12,1.2822103758760632
15,13,0.9004447459972842
15,14,0.420239297286357
15,15,0.0
15,16,0.4090137902010749
15,17,0.7687876280477478
15,18,2.3419612243122767
16,0,3.806085779539666
16,1,4.290507548141942
16,2,1.6220291578204968
16,3,2.526652838939493
16,4,3.4030782095559746
16,5,2.790495154231995
16,6,4.041456615752832
16,7,4.238152051234481
16,8,2.778562162022358
16,9,1.6431478297244266
16,10,1.465458799599993
16,11,2.279978883079914
16,12,1.6786977157045597
16,13,1.304097893104756
16,14,0.8290460931574128
16,15,0.4090137902010749
16,16,0.0
16,17,0.4206469031676899
16,18,1.9347470209417372
17,0,4.188584878579038
17,1,4.6718402717079694
17,2,2.005858894368075
17,3,2.8434240835074807
17,4,3.6553760839538776
17,5,3.039137619936862
17,6,4.3682007123651045
17,7,4.544124044515278
17,8,3.0225229721525744
17,9,1.8888669338851742
17,10,1.787464851193881
17,11,2.469208756377285
17,12,1.9424671282845833
17,13,1.5984130449293668
17,14,1.1727671704258873
17,15,0.7687876280477478
17,16,0.4206469031676899
17,17,0.0
17,18,1.6958396922113388
18,0,4.668737034842127
18,1,5.108962866942244
18,2,2.787932000268112
18,3,3.0652339984024715
18,4,3.4186938981095114
18,5,2.885019125831374
18,6,4.450665456171766
18,7,4.491565335558432
18,8,2.849747730141433
18,9,2.063324987681513
18,10,2.319253693231373
18,11,4.164281114812594
18,12,3.6077136538515227
18,13,3.2384664889329864
18,14,2.759193826647316
18,15,2.3419612243122767
18,16,1.9347470209417372
18,17,1.6958396922113388
18,18,0.0
