source_id,target_id,rtt
0,0,0.0
0,1,14.029474463385574
0,2,5.63922457538712
0,3,3.397563521537419
0,4,10.702812874697203
0,5,7.9179663314166
0,6,11.243177894886285
0,7,11.523129394814331
0,8,10.075197535271316
0,9,31.12872369035815
0,10,60.05174356420015
0,11,60.05174356420015
0,12,14.75302832817257
0,13,11.882592516421372
1,0,14.029474463385574
1,1,0.0
1,2,9.641532474613536
1,3,10.651274251448775
1,4,7.881451576084388
1,5,8.444579347978465
1,6,4.170976607256289
1,7,7.8833717420334555
1,8,4.841197324535323
1,9,17.47677533577266
1,10,67.38733445222469
1,11,67.38733445222469
1,12,12.900932919099645
1,13,10.863389536447364
2,0,5.63922457538712
2,1,9.641532474613536
2,2,0.0
2,3,3.534744802306676
2,4,5.080126350091611
2,5,2.2827906610642543
2,6,6.064462486418463
2,7,5.902434009441346
2,8,7.2335234064398835
2,9,27.118302629825926
2,10,64.92699845292367
2,11,64.92699845292367
2,12,9.780275906596067
2,13,6.7422480221861125
3,0,3.397563521537419
3,1,10.651274251448775
3,2,3.534744802306676
3,3,0.0
3,4,8.359530236930343
3,5,5.6190900394504375
3,6,8.1227437269318
3,7,9.168685428516053
3,8,6.730061068975145
3,9,27.74418295169549
3,10,61.40878539524942
3,11,61.40878539524942
3,12,13.314988955495874
3,13,10.275488241660328
4,0,10.702812874697203
4,1,7.881451576084388
4,2,5.080126350091611
4,3,8.359530236930343
4,4,0.0
4,5,2.8007419460567244
4,6,3.7947036971907346
4,7,0.8223868093770441
4,8,8.384614935795572
4,9,24.523198221687473
4,10,69.62166565741066
4,11,69.62166565741066
4,12,5.8528089244408354
4,13,3.140945087493093
5,0,7.9179663314166
5,1,8.444579347978465
5,2,2.2827906610642543
5,3,5.6190900394504375
5,4,2.8007419460567244
5,5,0.0
5,6,4.434136669335561
5,7,3.623024410344651
5,8,7.260486699900165
5,9,25.787997602556842
5,10,66.99527757679202
5,11,66.99527757679202
5,12,7.911408988004462
5,13,4.864108530773804
6,0,11.243177894886285
6,1,4.170976607256289
6,2,6.064462486418463
6,3,8.1227437269318
6,4,3.7947036971907346
6,5,4.434136669335561
6,6,0.0
6,7,3.964660907141576
6,8,5.233295930816202
6,9,21.358184515645092
6,10,67.94448304570435
6,11,67.94448304570435
6,12,9.295797464563735
6,13,6.892555131325981
7,0,11.523129394814331
7,1,7.8833717420334555
7,2,5.902434009441346
7,3,9.168685428516053
7,4,0.8223868093770441
7,5,3.623024410344651
7,6,3.964660907141576
7,7,0.0
7,8,8.844317039387084
7,9,24.18459616220144
7,10,70.38912910057736
7,11,70.38912910057736
7,12,5.389514140799273
7,13,2.980101041904356
8,0,10.075197535271316
8,1,4.841197324535323
8,2,7.2335234064398835
8,3,6.730061068975145
8,4,8.384614935795572
8,5,7.260486699900165
8,6,5.233295930816202
8,7,8.844317039387084
8,8,0.0
8,9,21.08014372085529
8,10,63.05915213258406
8,11,63.05915213258406
8,12,14.218607751061663
8,13,11.46714671159554
9,0,31.12872369035815
9,1,17.47677533577266
9,2,27.118302629825926
9,3,27.74418295169549
9,4,24.523198221687473
9,5,25.787997602556842
9,6,21.358184515645092
9,7,24.18459616220144
9,8,21.08014372085529
9,9,0.0
9,10,73.65859822203562
9,11,73.65859822203562
9,12,27.665745408650448
9,13,26.87053448568972
10,0,60.05174356420015
10,1,67.38733445222469
10,2,64.92699845292367
10,3,61.40878539524942
10,4,69.62166565741066
10,5,66.99527757679202
10,6,67.94448304570435
10,7,70.38912910057736
10,8,63.05915213258406
10,9,73.65859822203562
10,10,0.0
10,11,0.0
10,12,74.66233487131794
10,13,71.65817701395383
11,0,60.05174356420015
11,1,67.38733445222469
11,2,64.92699845292367
11,3,61.40878539524942
11,4,69.62166565741066
11,5,66.99527757679202
11,6,67.94448304570435
11,7,70.38912910057736
11,8,63.05915213258406
11,9,73.65859822203562
11,10,0.0
11,11,0.0
11,12,74.66233487131794
11,13,71.65817701395383
12,0,14.75302832817257
12,1,12.900932919099645
12,2,9.780275906596067
12,3,13.314988955495874
12,4,5.8528089244408354
12,5,7.911408988004462
12,6,9.295797464563735
12,7,5.389514140799273
12,8,14.218607751061663
12,9,27.665745408650448
12,10,74.66233487131794
12,11,74.66233487131794
12,12,0.0
12,13,3.0560521288151947
13,0,11.882592516421372
13,1,10.863389536447364
13,2,6.7422480221861125
13,3,10.275488241660328
13,4,3.140945087493093
13,5,4.864108530773804
13,6,6.892555131325981
13,7,2.980101041904356
13,8,11.46714671159554
13,9,26.87053448568972
13,10,71.65817701395383
13,11,71.65817701395383
13,12,3.0560521288151947
13,13,0.0
