source_id,target_id,rtt
0,0,0.0
0,1,0.6912577656435323
0,2,0.35233528834267797
0,3,0.4522000633965537
0,4,0.803571847015128
0,5,0.9139604430245187
0,6,0.9846494971356952
0,7,1.0463747395733427
0,8,1.3895499449894313
0,9,1.191892195546745
0,10,1.5971002084865225
0,11,1.5982363247390214
0,12,3.6383179177358276
0,13,3.4121439254521104
0,14,2.624168761634272
0,15,2.548018976803441
0,16,2.5828886157612976
0,17,2.0882261746113793
0,18,1.9095206336551442
0,19,1.9603207199158577
0,20,1.9181379615251297
0,21,1.68022974666428
0,22,1.785350949488911
0,23,2.456643781894366
0,24,0.8856046098338346
0,25,1.514587965827566
0,26,1.6019902243586317
0,27,2.4921930033040938
0,28,3.9606000531147405
0,29,3.918058392552047
0,30,2.087703762728318
0,31,1.733270588056996
0,32,1.6054803244805216
0,33,1.343124114420716
0,34,2.3843659809867925
0,35,3.6619088428269024
0,36,3.4873878967911796
0,37,2.77369369836111
0,38,0.5816683724280841
0,39,0.5316185242305569
0,40,4.460334004157437
0,41,2.1978546322602766
0,42,2.1377597113097764
0,43,2.0661330170546863
0,44,3.0317336665305743
0,45,2.9930479824025817
0,46,1.43886290126826
0,47,1.3308556798605935
1,0,0.6912577656435323
1,1,0.0
1,2,0.9089397422899851
1,3,0.2563447283268822
1,4,1.3918749443472782
1,5,1.603689930788476
1,6,0.29417236350747455
1,7,1.1801493291583114
1,8,2.0367105513226536
1,9,1.7618831847777703
1,10,2.24778624706337
1,11,2.2567611498304476
1,12,4.257273725558613
1,13,4.029457699573193
1,14,3.2136871487126295
1,15,3.1382645928560757
1,16,3.2151301679907096
1,17,2.7269297079034
1,18,2.546291909696828
1,19,2.608048858009204
1,20,2.608467001596969
1,21,2.3619943882164725
1,22,2.4695571010211284
1,23,3.142542503211663
1,24,1.4968134483232858
1,25,2.169171333239416
1,26,0.9539244264981359
1,27,2.9136635048792785
1,28,4.5707684565929805
1,29,4.551013331867085
1,30,2.485977422116313
1,31,2.268239553239701
1,32,2.149561147882546
1,33,1.9069049250249193
1,34,2.89397610343123
1,35,4.025128498797701
1,36,3.859984675206744
1,37,3.156945735703781
1,38,0.7433148205476037
1,39,1.0113405927982915
1,40,4.58556791238702
1,41,2.0824679558071155
1,42,2.1867810017538494
1,43,2.34699656243802
1,44,3.2851725556167026
1,45,2.7341852560246407
1,46,0.7476971058960141
1,47,0.7552836704369569
2,0,0.35233528834267797
2,1,0.9089397422899851
2,2,0.0
2,3,0.6531558689369903
2,4,0.9597858091170401
2,5,0.7834893549505536
2,6,1.1953676510788456
2,7,1.3823079894891934
2,8,1.1304867185277885
2,9,0.8681423032367032
2,10,1.3419042243485868
2,11,1.3543730501804558
2,12,3.351376115151638
2,13,3.123838329779152
2,14,2.3169551388618856
2,15,2.241068897623473
2,16,2.3064206662687496
2,17,1.81806620483978
2,18,1.6374002821162281
2,19,1.7004669657694764
2,20,1.763485083392034
2,21,1.485644586063692
2,22,1.711085168741264
2,23,2.363536078610871
2,24,0.5880517032252048
2,25,1.5258574377021246
2,26,1.8598384031121433
2,27,2.140910305411904
2,28,3.667620780279064
2,29,3.642608664308638
2,30,1.7353761792981848
2,31,1.3991137870964334
2,32,1.2737288846880255
2,33,1.0176419135930932
2,34,2.0456027973292663
2,35,3.3095758634302106
2,36,3.1350707196260212
2,37,2.421374545560036
2,38,0.42491264648531096
2,39,0.1858571943717685
2,40,4.134042926116565
2,41,1.969725313185158
2,42,1.8505432883673003
2,43,1.7229570563744883
2,44,2.6878898735682153
2,45,2.8094884171644963
2,46,1.6345255285541993
2,47,1.3957449657856278
3,0,0.4522000633965537
3,1,0.2563447283268822
3,2,0.6531558689369903
3,3,0.0
3,4,1.2070079709779433
3,5,1.3564310617300912
3,6,0.5475491099130535
3,7,1.1567877943256968
3,8,1.780366153053425
3,9,1.5105922122168698
3,10,1.9914491975917081
3,11,2.0006129664684362
3,12,4.003183119350547
3,13,3.7754698364979364
3,14,2.962626437100881
3,15,2.887036779413348
3,16,2.959571203071188
3,17,2.470877701404137
3,18,2.2902729739321597
3,19,2.351724376046695
3,20,2.3609992781550266
3,21,2.109118457719915
3,22,2.237549804078224
3,23,2.9087272306820213
3,24,1.2411933750856297
3,25,1.957731792464163
3,26,1.2073493389592012
3,27,2.6944943833706523
3,28,4.317771490337369
3,29,4.295690448382143
3,30,2.2703234434223716
3,31,2.0237138620020874
3,32,1.9031877133892738
3,33,1.6569002764712273
3,34,2.6557895022038482
3,35,3.8237983045087542
3,36,3.6558003236067833
3,37,2.947959125158326
3,38,0.5391948572505586
3,39,0.7630815089645577
3,40,4.456479095230506
3,41,2.024216462671755
3,42,2.070117848945301
3,43,2.1605020864822775
3,44,3.1120502466641904
3,45,2.739486884934195
3,46,0.9969663888774544
3,47,0.9007401747560794
4,0,0.803571847015128
4,1,1.3918749443472782
4,2,0.9597858091170401
4,3,1.2070079709779433
4,4,0.0
4,5,0.705183356927095
4,6,1.6571154079986223
4,7,0.8705518029543211
4,8,1.3192593874472582
4,9,1.3886273014610486
4,10,1.4735305456202215
4,11,1.440850264457288
4,12,3.4703782774732863
4,13,3.256819751243563
4,14,2.581444432642235
4,15,2.5087162730845725
4,16,2.4239035884450684
4,17,1.9471154943606757
4,18,1.7943540905881896
4,19,1.7995426416644782
4,20,1.4824784629501049
4,21,1.374366087380235
4,22,1.1974543403392564
4,23,1.854637651874992
4,24,1.0860568642346011
4,25,0.8106503890442625
4,26,2.1356325124256728
4,27,2.765459531095959
4,28,3.8067540257611476
4,29,3.7005883301021276
4,30,2.4251126951199105
4,31,1.8971680906453658
4,32,1.7708053357846683
4,33,1.5170557632957113
4,34,2.5260668930268015
4,35,3.9556209537425455
4,36,3.7752923831118506
4,37,3.0808374214203917
4,38,1.34528425756756
4,39,1.117252458161902
4,40,4.9833344739201895
4,41,2.9294999958170784
4,42,2.787707875222914
4,43,2.5385946968488424
4,44,3.475024022124101
4,45,3.762588318222719
4,46,2.095526593831743
4,47,2.1077296523433553
5,0,0.9139604430245187
5,1,1.603689930788476
5,2,0.7834893549505536
5,3,1.3564310617300912
5,4,0.705183356927095
5,5,0.0
5,6,1.8976939334289797
5,7,1.5278037987415036
5,8,0.6166640517123844
5,9,0.7328680554402249
5,10,0.7859138706409806
5,11,0.7633921913490371
5,12,2.8255297681774594
5,13,2.60551183797204
5,14,1.890651237546746
5,15,1.81663062784864
5,16,1.7665466395691507
5,17,1.2759951743762146
5,18,1.1118380695861179
5,19,1.1328673925584491
5,20,1.00484546457723
5,21,0.7780430466683602
5,22,0.9306016502181174
5,23,1.5802580877161583
5,24,0.4954170470772502
5,25,0.822381856838275
5,26,2.5062784363858954
5,27,2.0814848047278143
5,28,3.1580427745886093
5,29,3.079384548956768
5,30,1.768172113237132
5,31,1.2035630538935125
5,32,1.080820195608096
5,33,0.8411394410494153
5,34,1.8227488120686048
5,35,3.2667684587164567
5,36,3.086148477026085
5,37,2.4019768793373504
5,38,1.1968552758079167
5,39,0.8321584098372373
5,40,4.376226570812046
5,41,2.571014554266127
5,42,2.3264510738489443
5,43,1.9442923384176456
5,44,2.8419432984609383
5,45,3.4569677550465108
5,46,2.3511934036140576
5,47,2.174740393401859
6,0,0.9846494971356952
6,1,0.29417236350747455
6,2,1.1953676510788456
6,3,0.5475491099130535
6,4,1.6571154079986223
6,5,1.8976939334289797
6,6,0.0
6,7,1.3247816309091063
6,8,2.325401204140243
6,9,2.0368206629782883
6,10,2.536716952141673
6,11,2.5471173425819296
6,12,4.535946395347342
6,13,4.307942072820264
6,14,3.4861536428889512
6,15,3.4111250820516017
6,16,3.4985342993723587
6,17,3.0125861485307954
6,18,2.8318510649085065
6,19,2.8958306380710157
6,20,2.9024001929354686
6,21,2.655803345337888
6,22,2.7580356417374072
6,23,3.431502864125215
6,24,1.7816064976042132
6,25,2.446829572643718
6,26,0.689180381203084
6,27,3.1389497311692183
6,28,4.846649790164897
6,29,4.833230490530076
6,30,2.708474642090124
6,31,2.530877126569064
6,32,2.4153770431979393
6,33,2.179256980535046
6,34,3.145616350995482
6,35,4.223829732759732
6,36,4.062816468992239
6,37,3.368114418522379
6,38,0.9800605874319979
6,39,1.2849561329990888
6,40,4.6928756639796205
6,41,2.1266753698685767
6,42,2.2955896266729634
6,43,2.534698389691666
6,44,3.450987748048221
6,45,2.696463395798446
6,46,0.45452778947963984
6,47,0.615121079800372
7,0,1.0463747395733427
7,1,1.1801493291583114
7,2,1.3823079894891934
7,3,1.1567877943256968
7,4,0.8705518029543211
7,5,1.5278037987415036
7,6,1.3247816309091063
7,7,0.0
7,8,2.139535994909349
7,9,2.104593794626965
7,10,2.313445080856917
7,11,2.2878771756211242
7,12,4.335591147258158
7,13,4.119881220192984
7,14,3.4178316339409007
7,15,3.3434753130004395
7,16,3.2836507839735583
7,17,2.7993834679223073
7,18,2.6388631145726484
7,19,2.6536920976798104
7,20,2.347957749071696
7,21,2.2426931919545785
7,22,2.029600182911355
7,23,2.6543755446203017
7,24,1.7801858849273813
7,25,1.595431960771409
7,26,1.539570324623289
7,27,3.4723028494964248
7,28,4.671097681736929
7,29,4.570206192607873
7,30,3.089163480725091
7,31,2.646426891296728
7,32,2.5161043348761503
7,33,2.2498074710269997
7,34,3.2965329882833823
7,35,4.658628107175427
7,36,4.480935201856669
7,37,3.770353491393572
7,38,1.5889195224913615
7,39,1.5678298962118318
7,40,5.506568902356621
7,41,3.1728072039816477
7,42,3.1679578213409947
7,43,3.1051833401392934
7,44,4.069748815543622
7,45,3.893252366629619
7,46,1.6599347985974742
7,47,1.9187657632731916
8,0,1.3895499449894313
8,1,2.0367105513226536
8,2,1.1304867185277885
8,3,1.780366153053425
8,4,1.3192593874472582
8,5,0.6166640517123844
8,6,2.325401204140243
8,7,2.139535994909349
8,8,0.0
8,9,0.44562709228812303
8,10,0.21143821427883913
8,11,0.2327450616457493
8,12,2.253334696128758
8,13,2.028682556671313
8,14,1.2796545850682708
8,15,1.2047908726558954
8,16,1.1946099899417932
8,17,0.699042582848082
8,18,0.5218043932207393
8,19,0.5721764378762315
8,20,0.8094766173120799
8,21,0.46872726272041865
8,22,1.020582800825811
8,23,1.5007163403850365
8,24,0.5535400828774272
8,25,1.1793975021920073
8,26,2.98107585082843
8,27,1.53559771555101
8,28,2.5797855318111966
8,29,2.528605322728649
8,30,1.2899704787743491
8,31,0.6605932973581443
8,32,0.5628773011331649
8,33,0.4310682256425746
8,34,1.2265996453677241
8,35,2.699191089020946
8,36,2.518963200212676
8,37,1.86156907696886
8,38,1.4494648687767824
8,39,1.0724901191794822
8,40,3.924157037743122
8,41,2.464370998927222
8,42,2.114907189214481
8,43,1.569806405060154
8,44,2.3731591914456227
8,45,3.368517685933538
8,46,2.764353974056186
8,47,2.4727231389427655
9,0,1.191892195546745
9,1,1.7618831847777703
9,2,0.8681423032367032
9,3,1.5105922122168698
9,4,1.3886273014610486
9,5,0.7328680554402249
9,6,2.0368206629782883
9,7,2.104593794626965
9,8,0.44562709228812303
9,9,0.0
9,10,0.616831959488343
9,11,0.6618009674087111
9,12,2.499978356979218
9,13,2.2719034094983206
9,14,1.4520487161383422
9,15,1.376506203372894
9,16,1.4761194802996154
9,17,1.0115651406255823
9,18,0.8356454503428004
9,19,0.9228271632688705
9,20,1.2536123168838695
9,21,0.9138455437663163
9,22,1.4224651033073978
9,23,1.9425259431676656
9,24,0.32464528703092743
9,25,1.4897719190679122
9,26,2.7157481169775948
9,27,1.3811230548980105
9,28,2.8099105201242125
9,29,2.802657893567728
9,30,1.040040077467885
9,31,0.5469000194541223
9,32,0.41695088706077693
9,33,0.1512931307641701
9,34,1.201093428613262
9,35,2.57260793500725
9,36,2.392874150695764
9,37,1.6931295057644409
9,38,1.0948855199521637
9,39,0.7519175869073514
9,40,3.64434502219502
9,41,2.0231678945680422
9,42,1.693039311051592
9,43,1.2218656826569965
9,44,2.109233737239905
9,45,2.9272165556848506
9,46,2.4552104704096336
9,47,2.103326460377029
10,0,1.5971002084865225
10,1,2.24778624706337
10,2,1.3419042243485868
10,3,1.9914491975917081
10,4,1.4735305456202215
10,5,0.7859138706409806
10,6,2.536716952141673
10,7,2.313445080856917
10,8,0.21143821427883913
10,9,0.616831959488343
10,10,0.0
10,11,0.06722196969739172
10,12,2.0529291055230936
10,13,1.8297543387569197
10,14,1.10810330689802
10,15,1.0351904498742772
10,16,0.9923674560743158
10,17,0.4966297641670188
10,18,0.3263015536030076
10,19,0.3632544646324056
10,20,0.6898618994405779
10,21,0.35984884515160825
10,22,0.9829448192947675
10,23,1.3800731688228975
10,24,0.7637125716439408
10,25,1.2214058001456307
10,26,3.191181877613168
10,27,1.4950117309487045
10,28,2.3818935618564367
10,29,2.3227606284664666
10,30,1.3053766468198493
10,31,0.6631842305484117
10,32,0.6000043726390976
10,33,0.5595553498572813
10,34,1.137484721814719
10,35,2.6266548911789895
10,36,2.4479131475048312
10,37,1.8199617580030745
10,38,1.657053324936718
10,39,1.2820659720543168
10,40,3.9231799307282493
10,41,2.6037181489411503
10,42,2.228098410877281
10,43,1.6320279709960634
10,44,2.3733630684970968
10,45,3.506188237704481
10,46,2.9757803172551096
10,47,2.679705540034145
11,0,1.5982363247390214
11,1,2.2567611498304476
11,2,1.3543730501804558
11,3,2.0006129664684362
11,4,1.440850264457288
11,5,0.7633921913490371
11,6,2.5471173425819296
11,7,2.2878771756211242
11,8,0.2327450616457493
11,9,0.6618009674087111
11,10,0.06722196969739172
11,11,0.0
11,12,2.0650769312703696
11,13,1.8436266690130456
11,14,1.1420421151266924
11,15,1.0703961063616532
11,16,1.0046655157426005
11,17,0.5126051217646226
11,18,0.3535538600907937
11,19,0.3706941275652327
11,20,0.6260646172693385
11,21,0.29331130562764707
11,22,0.9160899125028615
11,23,1.3176432795276605
11,24,0.784196440222162
11,25,1.1615716399988896
11,26,3.1963399381389213
11,27,1.5593762195330267
11,28,2.396176927846573
11,29,2.3281497121310863
11,30,1.3725847327090623
11,31,0.7304060288734554
11,32,0.6662617184714072
11,33,0.6148276100123351
11,34,1.196059083367958
11,35,2.68623047793282
11,36,2.507815806274668
11,37,1.8839652610200288
11,38,1.6815044620115893
11,39,1.3032787703265485
11,40,3.9896341365822585
11,41,2.6603586616653487
11,42,2.289354734468633
11,43,1.6981314392964562
11,44,2.4400388101463037
11,45,3.5634162658196793
11,46,2.9888802917208954
11,47,2.7048829864269806
12,0,3.6383179177358276
12,1,4.257273725558613
12,2,3.351376115151638
12,3,4.003183119350547
12,4,3.4703782774732863
12,5,2.8255297681774594
12,6,4.535946395347342
12,7,4.335591147258158
12,8,2.253334696128758
12,9,2.499978356979218
12,10,2.0529291055230936
12,11,2.0650769312703696
12,12,0.0
12,13,0.22808324318320367
12,14,1.0721458788541782
12,15,1.1425597667224072
12,16,1.0607734471678838
12,17,1.5563261480871222
12,18,1.7315379524124113
12,19,1.6943861649275165
12,20,2.072973088118339
12,21,2.097214246750895
12,22,2.498693666994726
12,23,2.228103151301308
12,24,2.764636270954444
12,25,2.9402378932926667
12,26,5.210529028557228
12,27,1.923073962721962
12,28,0.3377977448286378
12,29,0.34675204811326993
12,30,2.219071541936767
12,31,2.0491125021822065
12,32,2.1463641384125762
12,33,2.3610614317214953
12,34,1.5891039548499155
12,35,2.1351161879571237
12,36,2.0446200684262026
12,37,2.0155590630309574
12,38,3.5871292917484787
12,39,3.251218639099127
12,40,3.8159555173261044
12,41,3.905535550112317
12,42,3.4019742649041573
12,43,2.6487923401764064
12,44,2.6481108014489525
12,45,4.690348643238772
12,46,4.954172994196722
12,47,4.565439369137181
13,0,3.4121439254521104
13,1,4.029457699573193
13,2,3.123838329779152
13,3,3.7754698364979364
13,4,3.256819751243563
13,5,2.60551183797204
13,6,4.307942072820264
13,7,4.119881220192984
13,8,2.028682556671313
13,9,2.2719034094983206
13,10,1.8297543387569197
13,11,1.8436266690130456
13,12,0.22808324318320367
13,13,0.0
13,14,0.8474563143172998
13,15,0.9167741424060412
13,16,0.8390456447681629
13,17,1.3332037269299157
13,18,1.5070669299957709
13,19,1.473067635803304
13,20,1.8799681223532398
13,21,1.8862227898232293
13,22,2.3120213976936004
13,23,2.0841999427924134
13,24,2.5373416646263887
13,25,2.7470426470817215
13,26,4.9828023655312
13,27,1.7357470356899627
13,28,0.5525679857881879
13,29,0.5553204561889322
13,30,2.012999827911273
13,31,1.8231528546630569
13,32,1.91925239939217
13,33,2.133012735108996
13,34,1.3806033136062155
13,35,2.0545892414069566
13,36,1.9485126732884004
13,37,1.8520967942023447
13,38,3.359197519892064
13,39,3.0231812009326666
13,40,3.7301567850690125
13,41,3.702766139853066
13,42,3.2023450967842817
13,43,2.447369594134451
13,44,2.500656168264749
13,45,4.499635175731986
13,46,4.726106809818065
13,47,4.338796101493255
14,0,2.624168761634272
14,1,3.2136871487126295
14,2,2.3169551388618856
14,3,2.962626437100881
14,4,2.581444432642235
14,5,1.890651237546746
14,6,3.4861536428889512
14,7,3.4178316339409007
14,8,1.2796545850682708
14,9,1.4520487161383422
14,10,1.10810330689802
14,11,1.1420421151266924
14,12,1.0721458788541782
14,13,0.8474563143172998
14,14,0.0
14,15,0.0761562563861709
14,16,0.385472083768882
14,17,0.6578573211744911
14,18,0.7890937727199813
14,19,0.804520897376894
14,20,1.416017044518879
14,21,1.284147431449524
14,22,1.8524371167686653
14,23,1.880539649750315
14,24,1.739179397124745
14,25,2.223287137781524
14,26,4.1673803357643395
14,27,1.039608240227429
14,28,1.364847897803199
14,29,1.3999789622705556
14,30,1.2182105134763899
14,31,0.9776464549161227
14,32,1.078881214968137
14,33,1.3071376402154287
14,34,0.6000341509909476
14,35,1.804970501628209
14,36,1.647162394286105
14,37,1.261841565069763
14,38,2.5256089011668514
14,39,2.2027315862497523
14,40,3.363959924631241
14,41,2.902388458871678
14,42,2.4152832069135215
14,43,1.6625711758179575
14,44,1.9366138912274113
14,45,3.7335863708135495
14,46,3.895656792774449
14,47,3.494634816080329
15,0,2.548018976803441
15,1,3.1382645928560757
15,2,2.241068897623473
15,3,2.887036779413348
15,4,2.5087162730845725
15,5,1.81663062784864
15,6,3.4111250820516017
15,7,3.3434753130004395
15,8,1.2047908726558954
15,9,1.376506203372894
15,10,1.0351904498742772
15,11,1.0703961063616532
15,12,1.1425597667224072
15,13,0.9167741424060412
15,14,0.0761562563861709
15,15,0.0
15,16,0.3782849136542656
15,17,0.5933520909476386
15,18,0.718208672964995
15,19,0.738371985366306
15,20,1.362973335134344
15,21,1.2197334560540565
15,22,1.7966557091633653
15,23,1.8470668098677088
15,24,1.6630550283964194
15,25,2.160930818333776
15,26,4.092015952322676
15,27,1.0186112798299722
15,28,1.4384912329654491
15,29,1.4673922950768417
15,30,1.1727275910250667
15,31,0.9065561143991374
15,32,1.0057422297821295
15,33,1.2319534540173287
15,34,0.567065766606449
15,35,1.833531124857851
15,36,1.672250098493969
15,37,1.2560799960799558
15,38,2.45162905141761
15,39,2.1274347556787867
15,40,3.373108051182368
15,41,2.851271314659134
15,42,2.367819572608834
15,43,1.6175186812524553
15,44,1.928248112526182
15,45,3.688772062696216
15,46,3.821440227303573
15,47,3.4231143829217365
16,0,2.5828886157612976
16,1,3.2151301679907096
16,2,2.3064206662687496
16,3,2.959571203071188
16,4,2.4239035884450684
16,5,1.7665466395691507
16,6,3.4985342993723587
16,7,3.2836507839735583
16,8,1.1946099899417932
16,9,1.4761194802996154
16,10,0.9923674560743158
16,11,1.0046655157426005
16,12,1.0607734471678838
16,13,0.8390456447681629
16,14,0.385472083768882
16,15,0.3782849136542656
16,16,0.0
16,17,0.49602149340628543
16,18,0.6733865694130473
16,19,0.6340408906719257
16,20,1.118280883573597
16,21,1.0629864819284172
16,22,1.5610182734186455
16,23,1.513812498235605
16,24,1.7183788356130214
16,25,1.9666967243905147
16,26,4.165737368074914
16,27,1.3890864930697477
16,28,1.3916133291618562
16,29,1.3366237238218661
16,30,1.4987312069657404
16,31,1.1062416136939852
16,32,1.1739473724532392
16,33,1.3485726331956183
16,34,0.9287977437104503
16,35,2.185779281962824
16,36,2.030369076387922
16,37,1.63413065012631
16,38,2.5710037554160725
16,39,2.2187715253751374
16,40,3.7482039263257048
16,41,3.1454293112492118
16,42,2.6777502304962195
16,43,1.9399398309432618
16,44,2.3053887271084896
16,45,4.00360270772238
16,46,3.9263381976817517
16,47,3.573902656598587
17,0,2.0882261746113793
17,1,2.7269297079034
17,2,1.81806620483978
17,3,2.470877701404137
17,4,1.9471154943606757
17,5,1.2759951743762146
17,6,3.0125861485307954
17,7,2.7993834679223073
17,8,0.699042582848082
17,9,1.0115651406255823
17,10,0.4966297641670188
17,11,0.5126051217646226
17,12,1.5563261480871222
17,13,1.3332037269299157
17,14,0.6578573211744911
17,15,0.5933520909476386
17,16,0.49602149340628543
17,17,0.0
17,18,0.180741584884228
17,19,0.1487845648697076
17,20,0.795990239374409
17,21,0.6265036394601843
17,22,1.2159304049798663
17,23,1.372654398817737
17,24,1.230991808885919
17,25,1.5678954398279432
17,26,3.6753689969216157
17,27,1.3432207559148057
17,28,1.8854704415548968
17,29,1.8298644390283987
17,30,1.3033478457015513
17,31,0.7552660788448793
17,32,0.7804518155534644
17,33,0.8991960660748539
17,34,0.9005924176026128
17,35,2.354100255006206
17,36,2.182606719388485
17,37,1.6451600096432868
17,38,2.1009711075908095
17,39,1.7392866282432236
17,40,3.792774395808193
17,41,2.8346496537517134
17,42,2.4023461307084726
17,43,1.71145019764142
17,44,2.274565719958259
17,45,3.7202081078728835
17,46,3.445053254501952
17,47,3.1145973788149646
18,0,1.9095206336551442
18,1,2.546291909696828
18,2,1.6374002821162281
18,3,2.2902729739321597
18,4,1.7943540905881896
18,5,1.1118380695861179
18,6,2.8318510649085065
18,7,2.6388631145726484
18,8,0.5218043932207393
18,9,0.8356454503428004
18,10,0.3263015536030076
18,11,0.3535538600907937
18,12,1.7315379524124113
18,13,1.5070669299957709
18,14,0.7890937727199813
18,15,0.718208672964995
18,16,0.6733865694130473
18,17,0.180741584884228
18,18,0.0
18,19,0.1111732514187929
18,20,0.7690642226257001
18,21,0.5307898418697552
18,22,1.1565857761544893
18,23,1.4035320880458309
18,24,1.0502526697147025
18,25,1.4703811335593475
18,26,3.4950291627318966
18,27,1.3309452097964165
18,28,2.0585244353872922
18,29,2.0090978015182976
18,30,1.2335583943702182
18,31,0.6380480588610027
18,32,0.6398675194994186
18,33,0.7295901037873376
18,34,0.9173770279071859
18,35,2.4002576179912865
18,36,2.2249229961872263
18,37,1.6456510327672922
18,38,1.9220269101854222
18,39,1.559000907009392
18,40,3.784296292574618
18,41,2.7031751786669362
18,42,2.2856388221554846
18,43,1.6194972498666886
18,44,2.249328671927648
18,45,3.5953318531780623
18,46,3.264429953186372
18,47,2.9373141188121266
19,0,1.9603207199158577
19,1,2.608048858009204
19,2,1.7004669657694764
19,3,2.351724376046695
19,4,1.7995426416644782
19,5,1.1328673925584491
19,6,2.8958306380710157
19,7,2.6536920976798104
19,8,0.5721764378762315
19,9,0.9228271632688705
19,10,0.3632544646324056
19,11,0.3706941275652327
19,12,1.6943861649275165
19,13,1.473067635803304
19,14,0.804520897376894
19,15,0.738371985366306
19,16,0.6340408906719257
19,17,0.1487845648697076
19,18,0.1111732514187929
19,19,0.0
19,20,0.6831332364952952
19,21,0.4825522069482145
19,22,1.08800513728247
19,23,1.3005251109174865
19,24,1.1168331451999922
19,25,1.4259718665427965
19,26,3.553241922220981
19,27,1.4237508213612917
19,28,2.025633741888245
19,29,1.9599727992756466
19,30,1.3408590589382998
19,31,0.7492206350776655
19,32,0.7491364530763767
19,33,0.8252980154428351
19,34,0.9981922733679032
19,35,2.4708297110835686
19,36,2.2971892556303337
19,37,1.7345794647447221
19,38,1.9997438739377895
19,39,1.6312837512628935
19,40,3.877594195724973
19,41,2.812508152964534
19,42,2.3965802006147574
19,43,1.7299265418010659
19,44,2.34721077199952
19,45,3.7054686106814767
19,46,3.3322911561197404
19,47,3.0186466197376576
20,0,1.9181379615251297
20,1,2.608467001596969
20,2,1.763485083392034
20,3,2.3609992781550266
20,4,1.4824784629501049
20,5,1.00484546457723
20,6,2.9024001929354686
20,7,2.347957749071696
20,8,0.8094766173120799
20,9,1.2536123168838695
20,10,0.6898618994405779
20,11,0.6260646172693385
20,12,2.072973088118339
20,13,1.8799681223532398
20,14,1.416017044518879
20,15,1.362973335134344
20,16,1.118280883573597
20,17,0.795990239374409
20,18,0.7690642226257001
20,19,0.6831332364952952
20,20,0.0
20,21,0.34143608654736884
20,22,0.4427376177101169
20,23,0.693197395462941
20,24,1.2768278667560442
20,25,0.8674625433900489
20,26,3.5008829002011645
20,27,2.0997205358664934
20,28,2.409628116785617
20,29,2.2610266951457043
20,30,1.971366912866286
20,31,1.3371198156877082
20,32,1.2873185220604277
20,33,1.2322244645492517
20,34,1.6812480727689898
20,35,3.1495734341361215
20,36,2.9772979363937053
20,37,2.4145697407430498
20,38,2.1495024462168653
20,39,1.7663518260936395
20,40,4.552314898401039
20,41,3.273644642338313
20,42,2.9137945380714676
20,43,2.318488170681618
20,44,3.0132108702762177
20,45,4.1777373943999345
20,46,3.3560257021484547
20,47,3.158035383486961
21,0,1.68022974666428
21,1,2.3619943882164725
21,2,1.485644586063692
21,3,2.109118457719915
21,4,1.374366087380235
21,5,0.7780430466683602
21,6,2.655803345337888
21,7,2.2426931919545785
21,8,0.46872726272041865
21,9,0.9138455437663163
21,10,0.35984884515160825
21,11,0.29331130562764707
21,12,2.097214246750895
21,13,1.8862227898232293
21,14,1.284147431449524
21,15,1.2197334560540565
21,16,1.0629864819284172
21,17,0.6265036394601843
21,18,0.5307898418697552
21,19,0.4825522069482145
21,20,0.34143608654736884
21,21,0.0
21,22,0.6378397345531269
21,23,1.0342980455975945
21,24,0.9618647766427838
21,25,0.9437081631923676
21,26,3.280003692058553
21,27,1.828524765928209
21,28,2.4341975730093672
21,29,2.3279606684847303
21,30,1.6620679589037666
21,31,1.0210257059199284
21,32,0.9595723487396552
21,33,0.8910972543842377
21,34,1.439473916336344
21,35,2.927685227348824
21,36,2.7513203382603217
21,37,2.1503320781843085
21,38,1.8516035231214705
21,39,1.4675566348790792
21,40,4.270041816908293
21,41,2.9323668166879644
21,42,2.5739059459241025
21,43,1.9913889194502212
21,44,2.722833132326829
21,45,3.8364233533119028
21,46,3.105800780993732
21,47,2.869985473196171
22,0,1.785350949488911
22,1,2.4695571010211284
22,2,1.711085168741264
22,3,2.237549804078224
22,4,1.1974543403392564
22,5,0.9306016502181174
22,6,2.7580356417374072
22,7,2.029600182911355
22,8,1.020582800825811
22,9,1.4224651033073978
22,10,0.9829448192947675
22,11,0.9160899125028615
22,12,2.498693666994726
22,13,2.3120213976936004
22,14,1.8524371167686653
22,15,1.7966557091633653
22,16,1.5610182734186455
22,17,1.2159304049798663
22,18,1.1565857761544893
22,19,1.08800513728247
22,20,0.4427376177101169
22,21,0.6378397345531269
22,22,0.0
22,23,0.6737221541821915
22,24,1.3412939360890404
22,25,0.45874496427203815
22,26,3.3063561712165144
22,27,2.466327803806623
22,28,2.8334881784374857
22,29,2.668136968175812
22,30,2.28652369594782
22,31,1.6442063659999084
22,32,1.5683984339518497
22,33,1.44629543292746
22,34,2.0727123484510597
22,35,3.5564131884530537
22,36,3.381430043549879
22,37,2.78812055798835
22,38,2.1273790231102137
22,39,1.76039773127034
22,40,4.905076256348322
22,41,3.425855792489374
22,42,3.1154931832165693
22,43,2.589703204706618
22,44,3.3560268128500375
22,45,4.32573544299842
22,46,3.211304220034864
22,47,3.091708003361015
23,0,2.456643781894366
23,1,3.142542503211663
23,2,2.363536078610871
23,3,2.9087272306820213
23,4,1.854637651874992
23,5,1.5802580877161583
23,6,3.431502864125215
23,7,2.6543755446203017
23,8,1.5007163403850365
23,9,1.9425259431676656
23,10,1.3800731688228975
23,11,1.3176432795276605
23,12,2.228103151301308
23,13,2.0841999427924134
23,14,1.880539649750315
23,15,1.8470668098677088
23,16,1.513812498235605
23,17,1.372654398817737
23,18,1.4035320880458309
23,19,1.3005251109174865
23,20,0.693197395462941
23,21,1.0342980455975945
23,22,0.6737221541821915
23,23,0.0
23,24,1.9350756480046853
23,25,1.060329054998484
23,26,3.9768314654079187
23,27,2.7156061287738873
23,28,2.5421230990894363
23,29,2.318294428690349
23,30,2.634175646980538
23,31,2.012201115934981
23,32,1.9723843696267715
23,33,1.925350112155338
23,34,2.270499269787457
23,35,3.680099987883023
23,36,3.5165519648394117
23,37,3.016686046211424
23,38,2.7713550566078182
23,39,2.3952703165037943
23,40,5.164759890412559
23,41,3.9648730766940634
23,42,3.6066420616538184
23,43,2.9994007538209777
23,44,3.644976559453162
23,45,4.86904289363896
23,46,3.884922426895001
23,47,3.7534925393457055
24,0,0.8856046098338346
24,1,1.4968134483232858
24,2,0.5880517032252048
24,3,1.2411933750856297
24,4,1.0860568642346011
24,5,0.4954170470772502
24,6,1.7816064976042132
24,7,1.7801858849273813
24,8,0.5535400828774272
24,9,0.32464528703092743
24,10,0.7637125716439408
24,11,0.784196440222162
24,12,2.764636270954444
24,13,2.5373416646263887
24,14,1.739179397124745
24,15,1.6630550283964194
24,16,1.7183788356130214
24,17,1.230991808885919
24,18,1.0502526697147025
24,19,1.1168331451999922
24,20,1.2768278667560442
24,21,0.9618647766427838
24,22,1.3412939360890404
24,23,1.9350756480046853
24,24,0.0
24,25,1.3107354458405562
24,26,2.447729324319361
24,27,1.6997287529855871
24,28,3.0826956036148903
24,29,3.0545730568937848
24,30,1.3414169591717071
24,31,0.8701350269121628
24,32,0.7397624614611519
24,33,0.4724787305988492
24,34,1.5239121240373292
24,35,2.8906493391855794
24,36,2.7114077083179446
24,37,2.0073761736062083
24,38,0.8984952644207765
24,39,0.5191081781721087
24,40,3.909439507697115
24,41,2.0955702588298504
24,42,1.8326616123301895
24,43,1.4671670920121547
24,44,2.3905794526823754
24,45,2.9902332344727434
24,46,2.2155944002389356
24,47,1.9217890995409308
25,0,1.514587965827566
25,1,2.169171333239416
25,2,1.5258574377021246
25,3,1.957731792464163
25,4,0.8106503890442625
25,5,0.822381856838275
25,6,2.446829572643718
25,7,1.595431960771409
25,8,1.1793975021920073
25,9,1.4897719190679122
25,10,1.2214058001456307
25,11,1.1615716399988896
25,12,2.9402378932926667
25,13,2.7470426470817215
25,14,2.223287137781524
25,15,2.160930818333776
25,16,1.9666967243905147
25,17,1.5678954398279432
25,18,1.4703811335593475
25,19,1.4259718665427965
25,20,0.8674625433900489
25,21,0.9437081631923676
25,22,0.45874496427203815
25,23,1.060329054998484
25,24,1.3107354458405562
25,25,0.0
25,26,2.946231849552459
25,27,2.7076543553376546
25,28,3.2766336557559383
25,29,3.1204578594441377
25,30,2.4660246730442714
25,31,1.839724462196236
25,32,1.740118665423496
25,33,1.5574522241578626
25,34,2.3575838113252634
25,35,3.847757619142271
25,36,3.669206010091179
25,37,3.033765833235259
25,38,1.9505639342483838
25,39,1.619629975749645
25,40,5.100557509161083
25,41,3.3928313793485194
25,42,3.1427165227431937
25,43,2.7085845297757736
25,44,3.5506673362308976
25,45,4.27581353827359
25,46,2.8929058677766206
25,47,2.8451668698031654
26,0,1.6019902243586317
26,1,0.9539244264981359
26,2,1.8598384031121433
26,3,1.2073493389592012
26,4,2.1356325124256728
26,5,2.5062784363858954
26,6,0.689180381203084
26,7,1.539570324623289
26,8,2.98107585082843
26,9,2.7157481169775948
26,10,3.191181877613168
26,11,3.1963399381389213
26,12,5.210529028557228
26,13,4.9828023655312
26,14,4.1673803357643395
26,15,4.092015952322676
26,16,4.165737368074914
26,17,3.6753689969216157
26,18,3.4950291627318966
26,19,3.553241922220981
26,20,3.5008829002011645
26,21,3.280003692058553
26,22,3.3063561712165144
26,23,3.9768314654079187
26,24,2.447729324319361
26,25,2.946231849552459
26,26,0.0
26,27,3.823277703825444
26,28,5.524627295419706
26,29,5.502199434664528
26,30,3.392266635039762
26,31,3.217545492853497
26,32,3.1006433111862695
26,33,2.8603849072718175
26,34,3.8347153284625213
26,35,4.892035694600975
26,36,4.734109220073403
26,37,4.045582518937855
26,38,1.669238634956785
26,39,1.964701390982276
26,40,5.264896400382607
26,41,2.6474963654777124
26,42,2.8922502917870387
26,43,3.2001324512637424
26,44,4.094637417177228
26,45,3.06633404778373
26,46,0.424333635632447
26,47,1.0273735676522042
27,0,2.4921930033040938
27,1,2.9136635048792785
27,2,2.140910305411904
27,3,2.6944943833706523
27,4,2.765459531095959
27,5,2.0814848047278143
27,6,3.1389497311692183
27,7,3.4723028494964248
27,8,1.53559771555101
27,9,1.3811230548980105
27,10,1.4950117309487045
27,11,1.5593762195330267
27,12,1.923073962721962
27,13,1.7357470356899627
27,14,1.039608240227429
27,15,1.0186112798299722
27,16,1.3890864930697477
27,17,1.3432207559148057
27,18,1.3309452097964165
27,19,1.4237508213612917
27,20,2.0997205358664934
27,21,1.828524765928209
27,22,2.466327803806623
27,23,2.7156061287738873
27,24,1.6997287529855871
27,25,2.7076543553376546
27,26,3.823277703825444
27,27,0.0
27,28,2.1206353814572307
27,29,2.2696140267419525
27,30,0.4312767324574845
27,31,0.8823552937931208
27,32,1.000992128132364
27,33,1.2484040587398015
27,34,0.46467315107204415
27,35,1.1914849757816202
27,36,1.01184424036371
27,37,0.32619383957874565
27,38,2.1704567405355406
27,39,1.9720606388271964
27,40,2.4538829171705627
27,41,2.005348022225881
27,42,1.4944060669893204
27,43,0.7631328731045314
27,44,0.9345490051485846
27,45,2.7673203105871256
27,46,3.4785803844747556
27,47,2.9711971344290347
28,0,3.9606000531147405
28,1,4.5707684565929805
28,2,3.667620780279064
28,3,4.317771490337369
28,4,3.8067540257611476
28,5,3.1580427745886093
28,6,4.846649790164897
28,7,4.671097681736929
28,8,2.5797855318111966
28,9,2.8099105201242125
28,10,2.3818935618564367
28,11,2.396176927846573
28,12,0.3377977448286378
28,13,0.5525679857881879
28,14,1.364847897803199
28,15,1.4384912329654491
28,16,1.3916133291618562
28,17,1.8854704415548968
28,18,2.0585244353872922
28,19,2.025633741888245
28,20,2.409628116785617
28,21,2.4341975730093672
28,22,2.8334881784374857
28,23,2.5421230990894363
28,24,3.0826956036148903
28,25,3.2766336557559383
28,26,5.524627295419706
28,27,2.1206353814572307
28,28,0.0
28,29,0.3215502740143395
28,30,2.452013727700391
28,31,2.340291396510409
28,32,2.443710751050966
28,33,2.667991941583068
28,34,1.8339767658212536
28,35,2.150982828689566
28,36,2.0865786723543462
28,37,2.1683900522283133
28,38,3.8900949932636597
28,39,3.561826534653771
28,40,3.8208378400081924
28,41,4.122668291220808
28,42,3.6136527399197793
28,43,2.8682883228731066
28,44,2.7646646877505088
28,45,4.878296275251586
28,46,5.259669818948791
28,47,4.856155081304874
29,0,3.918058392552047
29,1,4.551013331867085
29,2,3.642608664308638
29,3,4.295690448382143
29,4,3.7005883301021276
29,5,3.079384548956768
29,6,4.833230490530076
29,7,4.570206192607873
29,8,2.528605322728649
29,9,2.802657893567728
29,10,2.3227606284664666
29,11,2.3281497121310863
29,12,0.34675204811326993
29,13,0.5553204561889322
29,14,1.3999789622705556
29,15,1.4673922950768417
29,16,1.3366237238218661
29,17,1.8298644390283987
29,18,2.0090978015182976
29,19,1.9599727992756466
29,20,2.2610266951457043
29,21,2.3279606684847303
29,22,2.668136968175812
29,23,2.318294428690349
29,24,3.0545730568937848
29,25,3.1204578594441377
29,26,5.502199434664528
29,27,2.2696140267419525
29,28,0.3215502740143395
29,29,0.0
29,30,2.563875405776321
29,31,2.371674726892009
29,32,2.4635944275893293
29,33,2.6678717089204502
29,34,1.9327786911637292
29,35,2.424802392825501
29,36,2.3472032421372213
29,37,2.356577612843501
29,38,3.8951100649679264
29,39,3.5508350756945832
29,40,4.102567549405237
29,41,4.25145459344613
29,42,3.7483933298333563
29,43,2.994863401202957
29,44,2.981128016191066
29,45,5.0369280978105175
29,46,5.257508208457275
29,47,4.883458405411875
30,0,2.087703762728318
30,1,2.485977422116313
30,2,1.7353761792981848
30,3,2.2703234434223716
30,4,2.4251126951199105
30,5,1.768172113237132
30,6,2.708474642090124
30,7,3.089163480725091
30,8,1.2899704787743491
30,9,1.040040077467885
30,10,1.3053766468198493
30,11,1.3725847327090623
30,12,2.219071541936767
30,13,2.012999827911273
30,14,1.2182105134763899
30,15,1.1727275910250667
30,16,1.4987312069657404
30,17,1.3033478457015513
30,18,1.2335583943702182
30,19,1.3408590589382998
30,20,1.971366912866286
30,21,1.6620679589037666
30,22,2.28652369594782
30,23,2.634175646980538
30,24,1.3414169591717071
30,25,2.4660246730442714
30,26,3.392266635039762
30,27,0.4312767324574845
30,28,2.452013727700391
30,29,2.563875405776321
30,30,0.0
30,31,0.6424223254916447
30,32,0.727095626275816
30,33,0.9288458428346595
30,34,0.6330244357481877
30,35,1.5744227651092664
30,36,1.3997175277860887
30,37,0.6860257219187427
30,38,1.742681202318288
30,39,1.561145786989677
30,40,2.6346896133324655
30,41,1.6909194570742676
30,42,1.197559630763057
30,43,0.44479110380821213
30,44,1.0849110651931584
30,45,2.5160816923615887
30,46,3.047602429949244
30,47,2.544678500869355
31,0,1.733270588056996
31,1,2.268239553239701
31,2,1.3991137870964334
31,3,2.0237138620020874
31,4,1.8971680906453658
31,5,1.2035630538935125
31,6,2.530877126569064
31,7,2.646426891296728
31,8,0.6605932973581443
31,9,0.5469000194541223
31,10,0.6631842305484117
31,11,0.7304060288734554
31,12,2.0491125021822065
31,13,1.8231528546630569
31,14,0.9776464549161227
31,15,0.9065561143991374
31,16,1.1062416136939852
31,17,0.7552660788448793
31,18,0.6380480588610027
31,19,0.7492206350776655
31,20,1.3371198156877082
31,21,1.0210257059199284
31,22,1.6442063659999084
31,23,2.012201115934981
31,24,0.8701350269121628
31,25,1.839724462196236
31,26,3.217545492853497
31,27,0.8823552937931208
31,28,2.340291396510409
31,29,2.371674726892009
31,30,0.6424223254916447
31,31,0.0
31,32,0.13045736561132895
31,33,0.39769187298399733
31,34,0.6541952337979023
31,35,2.0632869472549076
31,36,1.8826539050715976
31,37,1.2066858048684697
31,38,1.5587395999119955
31,39,1.2612812696377536
31,40,3.268966655432023
31,41,2.080048411743946
31,42,1.6497521373298811
31,43,0.9884836875197245
31,44,1.7175725730032683
31,45,2.965137010735904
31,46,2.9287629054298034
31,47,2.517009736802964
32,0,1.6054803244805216
32,1,2.149561147882546
32,2,1.2737288846880255
32,3,1.9031877133892738
32,4,1.7708053357846683
32,5,1.080820195608096
32,6,2.4153770431979393
32,7,2.5161043348761503
32,8,0.5628773011331649
32,9,0.41695088706077693
32,10,0.6000043726390976
32,11,0.6662617184714072
32,12,2.1463641384125762
32,13,1.91925239939217
32,14,1.078881214968137
32,15,1.0057422297821295
32,16,1.1739473724532392
32,17,0.7804518155534644
32,18,0.6398675194994186
32,19,0.7491364530763767
32,20,1.2873185220604277
32,21,0.9595723487396552
32,22,1.5683984339518497
32,23,1.9723843696267715
32,24,0.7397624614611519
32,25,1.740118665423496
32,26,3.1006433111862695
32,27,1.000992128132364
32,28,2.443710751050966
32,29,2.4635944275893293
32,30,0.727095626275816
32,31,0.13045736561132895
32,32,0.0
32,33,0.2672876051563869
32,34,0.7842996876863888
32,35,2.1866508267530302
32,36,2.0060975618650385
32,37,1.3230771445058886
32,38,1.4479731279927
32,39,1.1401384237444094
32,40,3.3614867211178576
32,41,2.0634000095472205
32,42,1.6537870263658359
32,43,1.0320506978768298
32,44,1.81079080379996
32,45,2.9569587471325707
32,46,2.81852491792436
32,47,2.42008120248891
33,0,1.343124114420716
33,1,1.9069049250249193
33,2,1.0176419135930932
33,3,1.6569002764712273
33,4,1.5170557632957113
33,5,0.8411394410494153
33,6,2.179256980535046
33,7,2.2498074710269997
33,8,0.4310682256425746
33,9,0.1512931307641701
33,10,0.5595553498572813
33,11,0.6148276100123351
33,12,2.3610614317214953
33,13,2.133012735108996
33,14,1.3071376402154287
33,15,1.2319534540173287
33,16,1.3485726331956183
33,17,0.8991960660748539
33,18,0.7295901037873376
33,19,0.8252980154428351
33,20,1.2322244645492517
33,21,0.8910972543842377
33,22,1.44629543292746
33,23,1.925350112155338
33,24,0.4724787305988492
