source_id,target_id,rtt
0,0,0.0
0,1,14.912331401554548
0,2,8.735075258827562
0,3,3.2908637278483686
0,4,66.64530990170141
0,5,65.48097648724848
0,6,62.5379468001848
0,7,71.75272062611462
0,8,63.834872630669764
0,9,62.008315947580506
0,10,inf
0,11,inf
0,12,inf
0,13,195.0345733262545
0,14,inf
0,15,inf
0,16,inf
0,17,inf
0,18,inf
0,19,inf
0,20,126.14119959876277
0,21,inf
0,22,inf
0,23,inf
0,24,59.09400435758
0,25,inf
0,26,39.128469013496584
0,27,inf
0,28,187.19764358349192
0,29,142.9778210943709
0,30,114.66982356122574
0,31,118.01023302082604
0,32,74.39499187555725
0,33,inf
0,34,151.28185297390513
0,35,144.54646013117855
0,36,205.6431218002203
0,37,19.05888114580273
0,38,22.692572229123183
0,39,170.8173996099516
0,40,167.64667236483416
0,41,176.64537098401206
0,42,158.81019931365068
0,43,38.953336620893374
0,44,36.98847964063542
0,45,37.43741315977194
0,46,14.770013006292803
1,0,14.912331401554548
1,1,0.0
1,2,9.762933447312628
1,3,18.203195129402918
1,4,81.55764130325595
1,5,80.39330788880302
1,6,77.45027820173934
1,7,86.66505202766918
1,8,78.74720403222432
1,9,76.92064734913505
1,10,inf
1,11,inf
1,12,inf
1,13,205.43709838249748
1,14,inf
1,15,inf
1,16,inf
1,17,inf
1,18,inf
1,19,inf
1,20,136.37157966696265
1,21,inf
1,22,inf
1,23,inf
1,24,74.00633575913454
1,25,inf
1,26,41.43456544363965
1,27,inf
1,28,197.6001686397349
1,29,153.46264430034591
1,30,124.90020362942565
1,31,128.49505622680107
1,32,89.3073232771118
1,33,inf
1,34,161.512233042105
1,35,154.77684019937846
1,36,215.87350186842022
1,37,17.901269641683932
1,38,21.534960725004385
1,39,181.21992466619457
1,40,178.04919742107714
1,41,187.04789604025504
1,42,161.11629574379376
1,43,41.25943305103644
1,44,37.847099941464606
1,45,52.34974456132649
1,46,29.682344407847353
2,0,8.735075258827562
2,1,9.762933447312628
2,2,0.0
2,3,12.02593898667593
2,4,75.38038516052896
2,5,74.21605174607603
2,6,71.27302205901235
2,7,80.48779588494219
2,8,72.56994788949733
2,9,70.74339120640806
2,10,inf
2,11,inf
2,12,inf
2,13,199.14570628517433
2,14,inf
2,15,inf
2,16,inf
2,17,inf
2,18,inf
2,19,inf
2,20,130.08018756963952
2,21,inf
2,22,inf
2,23,inf
2,24,67.82907961640755
2,25,inf
2,26,35.1431733463165
2,27,inf
2,28,191.30877654241175
2,29,147.17125220302276
2,30,118.6088115321025
2,31,122.20366412947791
2,32,83.13006713438482
2,33,inf
2,34,155.22084094478186
2,35,148.4854481020553
2,36,209.58210977109707
2,37,11.609877544360785
2,38,15.24356862768124
2,39,174.92853256887142
2,40,171.75780532375398
2,41,180.7565039429319
2,42,154.8249036464706
2,43,34.96804095371329
2,44,31.55570784414146
2,45,46.17248841859951
2,46,23.505088265120364
3,0,3.2908637278483686
3,1,18.203195129402918
3,2,12.02593898667593
3,3,0.0
3,4,63.35444617385304
3,5,62.19011275940011
3,6,59.24708307233643
3,7,68.46185689826626
3,8,64.01440057866677
3,9,63.55995659156631
3,10,inf
3,11,inf
3,12,inf
3,13,191.94022135941603
3,14,inf
3,15,inf
3,16,inf
3,17,inf
3,18,inf
3,19,inf
3,20,127.4283940863989
3,21,inf
3,22,inf
3,23,inf
3,24,55.80314062973163
3,25,inf
3,26,41.27451769917273
3,27,inf
3,28,184.10329161665345
3,29,144.26501558200704
3,30,115.95701804886187
3,31,119.29742750846216
3,32,71.10412814770889
3,33,inf
3,34,152.56904746154126
3,35,145.83365461881468
3,36,206.93031628785644
3,37,22.349744873651098
3,38,25.98343595697155
3,39,167.72304764311312
3,40,164.5523203979957
3,41,173.5510190171736
3,42,160.95624799932682
3,43,41.09938530656953
3,44,40.27934336848379
3,45,38.72460764740807
3,46,11.479149278444435
4,0,66.64530990170141
4,1,81.55764130325595
4,2,75.38038516052896
4,3,63.35444617385304
4,4,0.0
4,5,4.750093571685863
4,6,4.107363101516611
4,7,20.21002181265604
4,8,6.574381390952516
4,9,8.39904420183591
4,10,inf
4,11,inf
4,12,inf
4,13,143.6883862738058
4,14,inf
4,15,inf
4,16,inf
4,17,inf
4,18,inf
4,19,inf
4,20,111.02240097838202
4,21,inf
4,22,inf
4,23,inf
4,24,7.55130554412141
4,25,inf
4,26,104.62896387302577
4,27,inf
4,28,135.85145653104325
4,29,127.68306049930894
4,30,101.48175191114073
4,31,102.71547242576408
4,32,13.664108959994637
4,33,inf
4,34,138.0937813238201
4,35,131.35838848109353
4,36,192.4550501501353
4,37,85.70419104750412
4,38,89.33788213082458
4,39,119.47121255750288
4,40,116.30048531238546
4,41,125.29918393156338
4,42,179.8243217918017
4,43,104.45383148042256
4,44,103.63378954233683
4,45,102.0790538212611
4,46,74.83359545229747
5,0,65.48097648724848
5,1,80.39330788880302
5,2,74.21605174607603
5,3,62.19011275940011
5,4,4.750093571685863
5,5,0.0
5,6,7.961824149379931
5,7,18.49079366362543
5,8,1.8242878192666534
5,9,3.6489506301500474
5,10,inf
5,11,inf
5,12,inf
5,13,142.52405285935288
5,14,inf
5,15,inf
5,16,inf
5,17,inf
5,18,inf
5,19,inf
5,20,108.2030343769919
5,21,inf
5,22,inf
5,23,inf
5,24,6.386972129668482
5,25,inf
5,26,103.46463045857284
5,27,inf
5,28,134.68712311659033
5,29,125.48732070761395
5,30,96.73165833945488
5,31,100.58560527468074
5,32,8.914015388308774
5,33,inf
5,34,133.34368775213426
5,35,126.60829490940768
5,36,187.70495657844944
5,37,84.5398576330512
5,38,88.17354871637166
5,39,118.30687914304995
5,40,115.13615189793254
5,41,124.13485051711045
5,42,175.07422822011586
5,43,103.28949806596964
5,44,102.4694561278839
5,45,100.91472040680817
5,46,73.66926203784455
6,0,62.5379468001848
6,1,77.45027820173934
6,2,71.27302205901235
6,3,59.24708307233643
6,4,4.107363101516611
6,5,7.961824149379931
6,6,0.0
6,7,16.10265871113943
6,8,6.1394302023191445
6,9,4.312873519229884
6,10,inf
6,11,inf
6,12,inf
6,13,139.5810231722892
6,14,inf
6,15,inf
6,16,inf
6,17,inf
6,18,inf
6,19,inf
6,20,106.91503787686541
6,21,inf
6,22,inf
6,23,inf
6,24,3.4439424426047984
6,25,inf
6,26,100.52160077150916
6,27,inf
6,28,131.74409342952663
6,29,123.57569739779233
6,30,97.39558122853471
6,31,98.60810932424747
6,32,16.875839537688705
6,33,inf
6,34,134.0076106412141
6,35,127.2722177984875
6,36,188.36887946752927
6,37,81.59682794598751
6,38,85.23051902930797
6,39,115.36384945598627
6,40,112.19312221086885
6,41,121.19182083004677
6,42,175.73815110919568
6,43,100.34646837890595
6,44,99.52642644082022
6,45,97.97169071974449
6,46,70.72623235078086
7,0,71.75272062611462
7,1,86.66505202766918
7,2,80.48779588494219
7,3,68.46185689826626
7,4,20.21002181265604
7,5,18.49079366362543
7,6,16.10265871113943
7,7,0.0
7,8,16.66839971656464
7,9,14.84184303347538
7,10,inf
7,11,inf
7,12,inf
7,13,148.79579699821903
7,14,inf
7,15,inf
7,16,inf
7,17,inf
7,18,inf
7,19,inf
7,20,116.12981170279525
7,21,inf
7,22,inf
7,23,inf
7,24,12.658716268534631
7,25,inf
7,26,109.736374597439
7,27,inf
7,28,140.95886725545648
7,29,132.79047122372216
7,30,107.92455074278021
7,31,107.8228831501773
7,32,27.4048090519342
7,33,inf
7,34,144.53658015545957
7,35,137.80118731273302
7,36,198.89784898177476
7,37,90.81160177191735
7,38,94.44529285523781
7,39,124.57862328191611
7,40,121.40789603679869
7,41,130.4065946559766
7,42,186.2671206234412
7,43,109.56124220483579
7,44,108.74120026675006
7,45,107.18646454567433
7,46,79.9410061767107
8,0,63.834872630669764
8,1,78.74720403222432
8,2,72.56994788949733
8,3,64.01440057866677
8,4,6.574381390952516
8,5,1.8242878192666534
8,6,6.1394302023191445
8,7,16.66839971656464
8,8,0.0
8,9,1.8265566830892606
8,10,inf
8,11,inf
8,12,inf
8,13,144.34834067861954
8,14,inf
8,15,inf
8,16,inf
8,17,inf
8,18,inf
8,19,inf
8,20,106.3806404299311
8,21,inf
8,22,inf
8,23,inf
8,24,8.211259948935135
8,25,inf
8,26,102.96334164416635
8,27,inf
8,28,136.511410935857
8,29,123.66492676055316
8,30,94.90926439239409
8,31,98.76321132761996
8,32,10.738303207575427
8,33,inf
8,34,131.52129380507347
8,35,124.78590096234689
8,36,185.88256263138865
8,37,82.89375377647251
8,38,86.52744485979296
8,39,120.13116696231661
8,40,116.9604397171992
8,41,125.95913833637711
8,42,173.25183427305507
8,43,102.78820925156315
8,44,100.82335227130518
8,45,101.27228579044171
8,46,75.4935498571112
9,0,62.008315947580506
9,1,76.92064734913505
9,2,70.74339120640806
9,3,63.55995659156631
9,4,8.39904420183591
9,5,3.6489506301500474
9,6,4.312873519229884
9,7,14.84184303347538
9,8,1.8265566830892606
9,9,0.0
9,10,inf
9,11,inf
9,12,inf
9,13,143.89389669151907
9,14,inf
9,15,inf
9,16,inf
9,17,inf
9,18,inf
9,19,inf
9,20,104.55408374684184
9,21,inf
9,22,inf
9,23,inf
9,24,7.756815961834683
9,25,inf
9,26,101.13678496107708
9,27,inf
9,28,136.0569669487565
9,29,121.8383700774639
9,30,93.08270770930483
9,31,96.93665464453069
9,32,12.562966018458821
9,33,inf
9,34,129.6947371219842
9,35,122.95934427925764
9,36,184.0560059482994
9,37,81.06719709338324
9,38,84.7008881767037
9,39,119.67672297521615
9,40,116.50599573009873
9,41,125.50469434927665
9,42,171.4252775899658
9,43,100.96165256847388
9,44,98.99679558821592
9,45,99.44572910735245
9,46,75.03910587001076
10,0,inf
10,1,inf
10,2,inf
10,3,inf
10,4,inf
10,5,inf
10,6,inf
10,7,inf
10,8,inf
10,9,inf
10,10,0.0
10,11,inf
10,12,inf
10,13,inf
10,14,inf
10,15,inf
10,16,inf
10,17,inf
10,18,inf
10,19,inf
10,20,inf
10,21,inf
10,22,inf
10,23,inf
10,24,inf
10,25,inf
10,26,inf
10,27,inf
10,28,inf
10,29,inf
10,30,inf
10,31,inf
10,32,inf
10,33,inf
10,34,inf
10,35,inf
10,36,inf
10,37,inf
10,38,inf
10,39,inf
10,40,inf
10,41,inf
10,42,inf
10,43,inf
10,44,inf
10,45,inf
10,46,inf
11,0,inf
11,1,inf
11,2,inf
11,3,inf
11,4,inf
11,5,inf
11,6,inf
11,7,inf
11,8,inf
11,9,inf
11,10,inf
11,11,0.0
11,12,inf
11,13,inf
11,14,inf
11,15,inf
11,16,inf
11,17,inf
11,18,inf
11,19,inf
11,20,inf
11,21,inf
11,22,inf
11,23,inf
11,24,inf
11,25,inf
11,26,inf
11,27,inf
11,28,inf
11,29,inf
11,30,inf
11,31,inf
11,32,inf
11,33,inf
11,34,inf
11,35,inf
11,36,inf
11,37,inf
11,38,inf
11,39,inf
11,40,inf
11,41,inf
11,42,inf
11,43,inf
11,44,inf
11,45,inf
11,46,inf
12,0,inf
12,1,inf
12,2,inf
12,3,inf
12,4,inf
12,5,inf
12,6,inf
12,7,inf
12,8,inf
12,9,inf
12,10,inf
12,11,inf
12,12,0.0
12,13,inf
12,14,inf
12,15,inf
12,16,inf
12,17,inf
12,18,inf
12,19,inf
12,20,inf
12,21,inf
12,22,inf
12,23,inf
12,24,inf
12,25,inf
12,26,inf
12,27,inf
12,28,inf
12,29,inf
12,30,inf
12,31,inf
12,32,inf
12,33,inf
12,34,inf
12,35,inf
12,36,inf
12,37,inf
12,38,inf
12,39,inf
12,40,inf
12,41,inf
12,42,inf
12,43,inf
12,44,inf
12,45,inf
12,46,inf
13,0,195.0345733262545
13,1,205.43709838249748
13,2,199.14570628517433
13,3,191.94022135941603
13,4,143.6883862738058
13,5,142.52405285935288
13,6,139.5810231722892
13,7,148.79579699821903
13,8,144.34834067861954
13,9,143.89389669151907
13,10,inf
13,11,inf
13,12,inf
13,13,0.0
13,14,inf
13,15,inf
13,16,inf
13,17,inf
13,18,inf
13,19,inf
13,20,85.33126885804641
13,21,inf
13,22,inf
13,23,inf
13,24,136.1370807296844
13,25,inf
13,26,164.35279772406426
13,27,inf
13,28,46.93887218007813
13,29,53.306078502431376
13,30,80.53689475307183
13,31,77.02434030542847
13,32,151.43806824766168
13,33,inf
13,34,117.1489241657512
13,35,64.49162513974746
13,36,138.80263751241978
13,37,187.53582874081354
13,38,191.08851904875314
13,39,30.558628206537772
13,40,27.38790096142035
13,41,36.38659958059826
13,42,158.8794646337328
13,43,164.17766533146104
13,44,168.98090849216408
13,45,157.59716016648255
13,46,185.53435320229272
14,0,inf
14,1,inf
14,2,inf
14,3,inf
14,4,inf
14,5,inf
14,6,inf
14,7,inf
14,8,inf
14,9,inf
14,10,inf
14,11,inf
14,12,inf
14,13,inf
14,14,0.0
14,15,inf
14,16,inf
14,17,inf
14,18,inf
14,19,inf
14,20,inf
14,21,inf
14,22,inf
14,23,inf
14,24,inf
14,25,inf
14,26,inf
14,27,inf
14,28,inf
14,29,inf
14,30,inf
14,31,inf
14,32,inf
14,33,inf
14,34,inf
14,35,inf
14,36,inf
14,37,inf
14,38,inf
14,39,inf
14,40,inf
14,41,inf
14,42,inf
14,43,inf
14,44,inf
14,45,inf
14,46,inf
15,0,inf
15,1,inf
15,2,inf
15,3,inf
15,4,inf
15,5,inf
15,6,inf
15,7,inf
15,8,inf
15,9,inf
15,10,inf
15,11,inf
15,12,inf
15,13,inf
15,14,inf
15,15,0.0
15,16,inf
15,17,inf
15,18,inf
15,19,inf
15,20,inf
15,21,inf
15,22,inf
15,23,inf
15,24,inf
15,25,inf
15,26,inf
15,27,inf
15,28,inf
15,29,inf
15,30,inf
15,31,inf
15,32,inf
15,33,inf
15,34,inf
15,35,inf
15,36,inf
15,37,inf
15,38,inf
15,39,inf
15,40,inf
15,41,inf
15,42,inf
15,43,inf
15,44,inf
15,45,inf
15,46,inf
16,0,inf
16,1,inf
16,2,inf
16,3,inf
16,4,inf
16,5,inf
16,6,inf
16,7,inf
16,8,inf
16,9,inf
16,10,inf
16,11,inf
16,12,inf
16,13,inf
16,14,inf
16,15,inf
16,16,0.0
16,17,inf
16,18,inf
16,19,inf
16,20,inf
16,21,inf
16,22,inf
16,23,inf
16,24,inf
16,25,inf
16,26,inf
16,27,inf
16,28,inf
16,29,inf
16,30,inf
16,31,inf
16,32,inf
16,33,inf
16,34,inf
16,35,inf
16,36,inf
16,37,inf
16,38,inf
16,39,inf
16,40,inf
16,41,inf
16,42,inf
16,43,inf
16,44,inf
16,45,inf
16,46,inf
17,0,inf
17,1,inf
17,2,inf
17,3,inf
17,4,inf
17,5,inf
17,6,inf
17,7,inf
17,8,inf
17,9,inf
17,10,inf
17,11,inf
17,12,inf
17,13,inf
17,14,inf
17,15,inf
17,16,inf
17,17,0.0
17,18,inf
17,19,inf
17,20,inf
17,21,inf
17,22,inf
17,23,inf
17,24,inf
17,25,inf
17,26,inf
17,27,inf
17,28,inf
17,29,inf
17,30,inf
17,31,inf
17,32,inf
17,33,inf
17,34,inf
17,35,inf
17,36,inf
17,37,inf
17,38,inf
17,39,inf
17,40,inf
17,41,inf
17,42,inf
17,43,inf
17,44,inf
17,45,inf
17,46,inf
18,0,inf
18,1,inf
18,2,inf
18,3,inf
18,4,inf
18,5,inf
18,6,inf
18,7,inf
18,8,inf
18,9,inf
18,10,inf
18,11,inf
18,12,inf
18,13,inf
18,14,inf
18,15,inf
18,16,inf
18,17,inf
18,18,0.0
18,19,inf
18,20,inf
18,21,inf
18,22,inf
18,23,inf
18,24,inf
18,25,inf
18,26,inf
18,27,inf
18,28,inf
18,29,inf
18,30,inf
18,31,inf
18,32,inf
18,33,inf
18,34,inf
18,35,inf
18,36,inf
18,37,inf
18,38,inf
18,39,inf
18,40,inf
18,41,inf
18,42,inf
18,43,inf
18,44,inf
18,45,inf
18,46,inf
19,0,inf
19,1,inf
19,2,inf
19,3,inf
19,4,inf
19,5,inf
19,6,inf
19,7,inf
19,8,inf
19,9,inf
19,10,inf
19,11,inf
19,12,inf
19,13,inf
19,14,inf
19,15,inf
19,16,inf
19,17,inf
19,18,inf
19,19,0.0
19,20,inf
19,21,inf
19,22,inf
19,23,inf
19,24,inf
19,25,inf
19,26,inf
19,27,inf
19,28,inf
19,29,inf
19,30,inf
19,31,inf
19,32,inf
19,33,inf
19,34,inf
19,35,inf
19,36,inf
19,37,inf
19,38,inf
19,39,inf
19,40,inf
19,41,inf
19,42,inf
19,43,inf
19,44,inf
19,45,inf
19,46,inf
20,0,126.14119959876277
20,1,136.37157966696265
20,2,130.08018756963952
20,3,127.4283940863989
20,4,111.02240097838202
20,5,108.2030343769919
20,6,106.91503787686541
20,7,116.12981170279525
20,8,106.3806404299311
20,9,104.55408374684184
20,10,inf
20,11,inf
20,12,inf
20,13,85.33126885804641
20,14,inf
20,15,inf
20,16,inf
20,17,inf
20,18,inf
20,19,inf
20,20,0.0
20,21,inf
20,22,inf
20,23,inf
20,24,103.47109543426062
20,25,inf
20,26,95.28727900852942
20,27,inf
20,28,77.49433911528385
20,29,33.27451662616281
20,30,11.471376037537008
20,31,8.306928552617947
20,32,117.11704976530066
20,33,inf
20,34,48.083405450216375
20,35,41.34801260748981
20,36,102.44467427653157
20,37,118.47031002527874
20,38,122.02300033321832
20,39,61.11409514174348
20,40,57.943367896626064
20,41,66.94206651580397
20,42,89.81394591819799
20,43,95.11214661592622
20,44,99.91538977662927
20,45,88.70378643899082
20,46,116.64097947480099
21,0,inf
21,1,inf
21,2,inf
21,3,inf
21,4,inf
21,5,inf
21,6,inf
21,7,inf
21,8,inf
21,9,inf
21,10,inf
21,11,inf
21,12,inf
21,13,inf
21,14,inf
21,15,inf
21,16,inf
21,17,inf
21,18,inf
21,19,inf
21,20,inf
21,21,0.0
21,22,inf
21,23,inf
21,24,inf
21,25,inf
21,26,inf
21,27,inf
21,28,inf
21,29,inf
21,30,inf
21,31,inf
21,32,inf
21,33,inf
21,34,inf
21,35,inf
21,36,inf
21,37,inf
21,38,inf
21,39,inf
21,40,inf
21,41,inf
21,42,inf
21,43,inf
21,44,inf
21,45,inf
21,46,inf
22,0,inf
22,1,inf
22,2,inf
22,3,inf
22,4,inf
22,5,inf
22,6,inf
22,7,inf
22,8,inf
22,9,inf
22,10,inf
22,11,inf
22,12,inf
22,13,inf
22,14,inf
22,15,inf
22,16,inf
22,17,inf
22,18,inf
22,19,inf
22,20,inf
22,21,inf
22,22,0.0
22,23,inf
22,24,inf
22,25,inf
22,26,inf
22,27,inf
22,28,inf
22,29,inf
22,30,inf
22,31,inf
22,32,inf
22,33,inf
22,34,inf
22,35,inf
22,36,inf
22,37,inf
22,38,inf
22,39,inf
22,40,inf
22,41,inf
22,42,inf
22,43,inf
22,44,inf
22,45,inf
22,46,inf
23,0,inf
23,1,inf
23,2,inf
23,3,inf
23,4,inf
23,5,inf
23,6,inf
23,7,inf
23,8,inf
23,9,inf
23,10,inf
23,11,inf
23,12,inf
23,13,inf
23,14,inf
23,15,inf
23,16,inf
23,17,inf
23,18,inf
23,19,inf
23,20,inf
23,21,inf
23,22,inf
23,23,0.0
23,24,inf
23,25,inf
23,26,inf
23,27,inf
23,28,inf
23,29,inf
23,30,inf
23,31,inf
23,32,inf
23,33,inf
23,34,inf
23,35,inf
23,36,inf
23,37,inf
23,38,inf
23,39,inf
23,40,inf
23,41,inf
23,42,inf
23,43,inf
23,44,inf
23,45,inf
23,46,inf
24,0,59.09400435758
24,1,74.00633575913454
24,2,67.82907961640755
24,3,55.80314062973163
24,4,7.55130554412141
24,5,6.386972129668482
24,6,3.4439424426047984
24,7,12.658716268534631
24,8,8.211259948935135
24,9,7.756815961834683
24,10,inf
24,11,inf
24,12,inf
24,13,136.1370807296844
24,14,inf
24,15,inf
24,16,inf
24,17,inf
24,18,inf
24,19,inf
24,20,103.47109543426062
24,21,inf
24,22,inf
24,23,inf
24,24,0.0
24,25,inf
24,26,97.07765832890436
24,27,inf
24,28,128.30015098692184
24,29,120.13175495518753
24,30,99.01811381686854
24,31,95.16416688164267
24,32,15.300987517977257
24,33,inf
24,34,135.6301432295479
24,35,128.89475038682133
24,36,189.9914120558631
24,37,78.15288550338272
24,38,81.78657658670318
24,39,111.91990701338148
24,40,108.74917976826406
24,41,117.74787838744197
24,42,177.3606836975295
24,43,96.90252593630116
24,44,96.08248399821542
24,45,94.5277482771397
24,46,67.28228990817607
25,0,inf
25,1,inf
25,2,inf
25,3,inf
25,4,inf
25,5,inf
25,6,inf
25,7,inf
25,8,inf
25,9,inf
25,10,inf
25,11,inf
25,12,inf
25,13,inf
25,14,inf
25,15,inf
25,16,inf
25,17,inf
25,18,inf
25,19,inf
25,20,inf
25,21,inf
25,22,inf
25,23,inf
25,24,inf
25,25,0.0
25,26,inf
25,27,inf
25,28,inf
25,29,inf
25,30,inf
25,31,inf
25,32,inf
25,33,inf
25,34,inf
25,35,inf
25,36,inf
25,37,inf
25,38,inf
25,39,inf
25,40,inf
25,41,inf
25,42,inf
25,43,inf
25,44,inf
25,45,inf
25,46,inf
26,0,39.128469013496584
26,1,41.43456544363965
26,2,35.1431733463165
26,3,41.27451769917273
26,4,104.62896387302577
26,5,103.46463045857284
26,6,100.52160077150916
26,7,109.736374597439
26,8,102.96334164416635
26,9,101.13678496107708
26,10,inf
26,11,inf
26,12,inf
26,13,164.35279772406426
26,14,inf
26,15,inf
26,16,inf
26,17,inf
26,18,inf
26,19,inf
26,20,95.28727900852942
26,21,inf
26,22,inf
26,23,inf
26,24,97.07765832890436
26,25,inf
26,26,0.0
26,27,inf
26,28,156.51586798130168
26,29,112.37834364191268
26,30,83.81590297099241
26,31,87.41075556836782
26,32,112.37864584688162
26,33,inf
26,34,120.42793238367177
26,35,113.69253954094522
26,36,174.789201209987
26,37,23.533295801955713
26,38,27.166986885276167
26,39,140.13562400776135
26,40,136.96489676264392
26,41,145.96359538182182
26,42,120.03199508536052
26,43,0.17513239260320795
26,44,5.1057689898419705
26,45,11.617601056722876
26,46,29.7953684207283
27,0,inf
27,1,inf
27,2,inf
27,3,inf
27,4,inf
27,5,inf
27,6,inf
27,7,inf
27,8,inf
27,9,inf
27,10,inf
27,11,inf
27,12,inf
27,13,inf
27,14,inf
27,15,inf
27,16,inf
27,17,inf
27,18,inf
27,19,inf
27,20,inf
27,21,inf
27,22,inf
27,23,inf
27,24,inf
27,25,inf
27,26,inf
27,27,0.0
27,28,inf
27,29,inf
27,30,inf
27,31,inf
27,32,inf
27,33,inf
27,34,inf
27,35,inf
27,36,inf
27,37,inf
27,38,inf
27,39,inf
27,40,inf
27,41,inf
27,42,inf
27,43,inf
27,44,inf
27,45,inf
27,46,inf
28,0,187.19764358349192
28,1,197.6001686397349
28,2,191.30877654241175
28,3,184.10329161665345
28,4,135.85145653104325
28,5,134.68712311659033
28,6,131.74409342952663
28,7,140.95886725545648
28,8,136.511410935857
28,9,136.0569669487565
28,10,inf
28,11,inf
28,12,inf
28,13,46.93887218007813
28,14,inf
28,15,inf
28,16,inf
28,17,inf
28,18,inf
28,19,inf
28,20,77.49433911528385
28,21,inf
28,22,inf
28,23,inf
28,24,128.30015098692184
28,25,inf
28,26,156.51586798130168
28,27,inf
28,28,0.0
28,29,45.46914875966881
28,30,72.69996501030926
28,31,69.18741056266589
28,32,143.6011385048991
28,33,inf
28,34,109.31199442298863
28,35,56.654695396984884
28,36,130.96570776965723
28,37,179.69889899805096
28,38,183.2515893059906
28,39,16.380243973540356
28,40,19.55097121865778
28,41,28.54966983783569
28,42,151.04253489097022
28,43,156.34073558869846
28,44,161.14397874940153
28,45,149.76023042371997
28,46,177.69742345953014
29,0,142.9778210943709
29,1,153.46264430034591
29,2,147.17125220302276
29,3,144.26501558200704
29,4,127.68306049930894
29,5,125.48732070761395
29,6,123.57569739779233
29,7,132.79047122372216
29,8,123.66492676055316
29,9,121.8383700774639
29,10,inf
29,11,inf
29,12,inf
29,13,53.306078502431376
29,14,inf
29,15,inf
29,16,inf
29,17,inf
29,18,inf
29,19,inf
29,20,33.27451662616281
29,21,inf
29,22,inf
29,23,inf
29,24,120.13175495518753
29,25,inf
29,26,112.37834364191268
29,27,inf
29,28,45.46914875966881
29,29,0.0
29,30,28.755662368159072
29,31,24.967588073544857
29,32,134.40133609592272
29,33,inf
29,34,65.36769178083844
29,35,11.185546637316078
29,36,85.4965590099884
29,37,135.56137465866198
29,38,139.13710202105955
29,39,29.088904786128452
29,40,25.91817754101103
29,41,34.91687616018894
29,42,107.09823224882004
29,43,112.20321124930948
29,44,117.02949146447048
29,45,105.54040793459896
29,46,133.47760097040913
30,0,114.66982356122574
30,1,124.90020362942565
30,2,118.6088115321025
30,3,115.95701804886187
30,4,101.48175191114073
30,5,96.73165833945488
30,6,97.39558122853471
30,7,107.92455074278021
30,8,94.90926439239409
30,9,93.08270770930483
30,10,inf
30,11,inf
30,12,inf
30,13,80.53689475307183
30,14,inf
30,15,inf
30,16,inf
30,17,inf
30,18,inf
30,19,inf
30,20,11.471376037537008
30,21,inf
30,22,inf
30,23,inf
30,24,99.01811381686854
30,25,inf
30,26,83.81590297099241
30,27,inf
30,28,72.69996501030926
30,29,28.755662368159072
30,30,0.0
30,31,3.8539469352258604
30,32,105.64567372776365
30,33,inf
30,34,36.61202941267937
30,35,29.8766365699528
30,36,90.97329823899456
30,37,106.99893398774171
30,38,110.55162429568131
30,39,56.319721036768904
30,40,53.148993791651485
30,41,62.14769241082939
30,42,78.34256988066097
30,43,83.64077057838921
30,44,88.44401373909226
30,45,77.2324104014538
30,46,105.16960343726399
31,0,118.01023302082604
31,1,128.49505622680107
31,2,122.20366412947791
31,3,119.29742750846216
31,4,102.71547242576408
31,5,100.58560527468074
31,6,98.60810932424747
31,7,107.8228831501773
31,8,98.76321132761996
31,9,96.93665464453069
31,10,inf
31,11,inf
31,12,inf
31,13,77.02434030542847
31,14,inf
31,15,inf
31,16,inf
31,17,inf
31,18,inf
31,19,inf
31,20,8.306928552617947
31,21,inf
31,22,inf
31,23,inf
31,24,95.16416688164267
31,25,inf
31,26,87.41075556836782
31,27,inf
31,28,69.18741056266589
31,29,24.967588073544857
31,30,3.8539469352258604
31,31,0.0
31,32,109.49962066298951
31,33,inf
31,34,40.46597634790523
31,35,33.730583505178664
31,36,94.82724517422042
31,37,110.59378658511713
31,38,114.16951394751467
31,39,52.807166589125536
31,40,49.63643934400812
31,41,58.635137963186025
31,42,82.19651681588684
31,43,87.23562317576462
31,44,92.06190339092562
31,45,80.5728198610541
31,46,108.51001289686428
32,0,74.39499187555725
32,1,89.3073232771118
32,2,83.13006713438482
32,3,71.10412814770889
32,4,13.664108959994637
32,5,8.914015388308774
32,6,16.875839537688705
32,7,27.4048090519342
32,8,10.738303207575427
32,9,12.562966018458821
32,10,inf
32,11,inf
32,12,inf
32,13,151.43806824766168
32,14,inf
32,15,inf
32,16,inf
32,17,inf
32,18,inf
32,19,inf
32,20,117.11704976530066
32,21,inf
32,22,inf
32,23,inf
32,24,15.300987517977257
32,25,inf
32,26,112.37864584688162
32,27,inf
32,28,143.6011385048991
32,29,134.40133609592272
32,30,105.64567372776365
32,31,109.49962066298951
32,32,0.0
32,33,inf
32,34,142.25770314044303
32,35,135.52231029771644
32,36,196.6189719667582
32,37,93.45387302135998
32,38,97.08756410468044
32,39,127.22089453135874
32,40,124.05016728624132
32,41,133.04886590541923
32,42,183.98824360842463
32,43,112.20351345427842
32,44,111.38347151619269
32,45,109.82873579511696
32,46,82.58327742615333
33,0,inf
33,1,inf
33,2,inf
33,3,inf
33,4,inf
33,5,inf
33,6,inf
33,7,inf
33,8,inf
33,9,inf
33,10,inf
33,11,inf
33,12,inf
33,13,inf
33,14,inf
33,15,inf
33,16,inf
33,17,inf
33,18,inf
33,19,inf
33,20,inf
33,21,inf
33,22,inf
33,23,inf
33,24,inf
33,25,inf
33,26,inf
33,27,inf
33,28,inf
33,29,inf
33,30,inf
33,31,inf
33,32,inf
33,33,0.0
33,34,inf
33,35,inf
33,36,inf
33,37,inf
33,38,inf
33,39,inf
33,40,inf
33,41,inf
33,42,inf
33,43,inf
33,44,inf
33,45,inf
33,46,inf
34,0,151.28185297390513
34,1,161.512233042105
34,2,155.22084094478186
34,3,152.56904746154126
34,4,138.0937813238201
34,5,133.34368775213426
34,6,134.0076106412141
34,7,144.53658015545957
34,8,131.52129380507347
34,9,129.6947371219842
34,10,inf
34,11,inf
34,12,inf
34,13,117.1489241657512
34,14,inf
34,15,inf
34,16,inf
34,17,inf
34,18,inf
34,19,inf
34,20,48.083405450216375
34,21,inf
34,22,inf
34,23,inf
34,24,135.6301432295479
34,25,inf
34,26,120.42793238367177
34,27,inf
34,28,109.31199442298863
34,29,65.36769178083844
34,30,36.61202941267937
34,31,40.46597634790523
34,32,142.25770314044303
34,33,inf
34,34,0.0
34,35,66.48866598263217
34,36,127.58532765167394
34,37,143.61096340042107
34,38,147.1636537083607
34,39,92.93175044944827
34,40,89.76102320433085
34,41,98.75972182350877
34,42,114.95459929334035
34,43,120.25279999106857
34,44,125.05604315177163
34,45,113.84443981413318
34,46,141.78163284994335
35,0,144.54646013117855
35,1,154.77684019937846
35,2,148.4854481020553
35,3,145.83365461881468
35,4,131.35838848109353
35,5,126.60829490940768
35,6,127.2722177984875
35,7,137.80118731273302
35,8,124.78590096234689
35,9,122.95934427925764
35,10,inf
35,11,inf
35,12,inf
35,13,64.49162513974746
35,14,inf
35,15,inf
35,16,inf
35,17,inf
35,18,inf
35,19,inf
35,20,41.34801260748981
35,21,inf
35,22,inf
35,23,inf
35,24,128.89475038682133
35,25,inf
35,26,113.69253954094522
35,27,inf
35,28,56.654695396984884
35,29,11.185546637316078
35,30,29.8766365699528
35,31,33.730583505178664
35,32,135.52231029771644
35,33,inf
35,34,66.48866598263217
35,35,0.0
35,36,96.68210564730448
35,37,136.87557055769452
35,38,140.42826086563412
35,39,40.274451423444525
35,40,37.103724178327106
35,41,46.102422797505014
35,42,108.21920645061377
35,43,113.51740714834202
35,44,118.32065030904505
35,45,107.1090469714066
35,46,135.04624000721677
36,0,205.6431218002203
36,1,215.87350186842022
36,2,209.58210977109707
36,3,206.93031628785644
36,4,192.4550501501353
36,5,187.70495657844944
36,6,188.36887946752927
36,7,198.89784898177476
36,8,185.88256263138865
36,9,184.0560059482994
36,10,inf
36,11,inf
36,12,inf
36,13,138.80263751241978
36,14,inf
36,15,inf
36,16,inf
36,17,inf
36,18,inf
36,19,inf
36,20,102.44467427653157
36,21,inf
36,22,inf
36,23,inf
36,24,189.9914120558631
36,25,inf
36,26,174.789201209987
36,27,inf
36,28,130.96570776965723
36,29,85.4965590099884
36,30,90.97329823899456
36,31,94.82724517422042
36,32,196.6189719667582
36,33,inf
36,34,127.58532765167394
36,35,96.68210564730448
36,36,0.0
36,37,197.97223222673628
36,38,201.52492253467588
36,39,114.58546379611685
36,40,111.41473655099944
36,41,120.41343517017735
36,42,169.31586811965553
36,43,174.61406881738378
36,44,179.41731197808681
36,45,168.20570864044836
36,46,196.14290167625853
37,0,19.05888114580273
37,1,17.901269641683932
37,2,11.609877544360785
37,3,22.349744873651098
37,4,85.70419104750412
37,5,84.5398576330512
37,6,81.59682794598751
37,7,90.81160177191735
37,8,82.89375377647251
37,9,81.06719709338324
37,10,inf
37,11,inf
37,12,inf
37,13,187.53582874081354
37,14,inf
37,15,inf
37,16,inf
37,17,inf
37,18,inf
37,19,inf
37,20,118.47031002527874
37,21,inf
37,22,inf
37,23,inf
37,24,78.15288550338272
37,25,inf
37,26,23.533295801955713
37,27,inf
37,28,179.69889899805096
37,29,135.56137465866198
37,30,106.99893398774171
37,31,110.59378658511713
37,32,93.45387302135998
37,33,inf
37,34,143.61096340042107
37,35,136.87557055769452
37,36,197.97223222673628
37,37,0.0
37,38,3.6336910833204548
37,39,163.31865502451063
37,40,160.1479277793932
37,41,169.1466263985711
37,42,143.21502610210982
37,43,23.358163409352507
37,44,19.945830299780674
37,45,34.80063207347217
37,46,12.938096758300642
38,0,22.692572229123183
38,1,21.534960725004385
38,2,15.24356862768124
38,3,25.98343595697155
38,4,89.33788213082458
38,5,88.17354871637166
38,6,85.23051902930797
38,7,94.44529285523781
38,8,86.52744485979296
38,9,84.7008881767037
38,10,inf
38,11,inf
38,12,inf
38,13,191.08851904875314
38,14,inf
38,15,inf
38,16,inf
38,17,inf
38,18,inf
38,19,inf
38,20,122.02300033321832
38,21,inf
38,22,inf
38,23,inf
38,24,81.78657658670318
38,25,inf
38,26,27.166986885276167
38,27,inf
38,28,183.2515893059906
38,29,139.13710202105955
38,30,110.55162429568131
38,31,114.16951394751467
38,32,97.08756410468044
38,33,inf
38,34,147.1636537083607
38,35,140.42826086563412
38,36,201.52492253467588
38,37,3.6336910833204548
38,38,0.0
38,39,166.87134533245023
38,40,163.7006180873328
38,41,172.6993167065107
38,42,146.84871718543027
38,43,26.99185449267296
38,44,22.107610556589055
38,45,38.43432315679263
38,46,16.571787841621095
39,0,170.8173996099516
39,1,181.21992466619457
39,2,174.92853256887142
39,3,167.72304764311312
39,4,119.47121255750288
39,5,118.30687914304995
39,6,115.36384945598627
39,7,124.57862328191611
39,8,120.13116696231661
39,9,119.67672297521615
39,10,inf
39,11,inf
39,12,inf
39,13,30.558628206537772
39,14,inf
39,15,inf
39,16,inf
39,17,inf
39,18,inf
39,19,inf
39,20,61.11409514174348
39,21,inf
39,22,inf
39,23,inf
39,24,111.91990701338148
39,25,inf
39,26,140.13562400776135
39,27,inf
39,28,16.380243973540356
39,29,29.088904786128452
39,30,56.319721036768904
39,31,52.807166589125536
39,32,127.22089453135874
39,33,inf
39,34,92.93175044944827
39,35,40.274451423444525
39,36,114.58546379611685
39,37,163.31865502451063
39,38,166.87134533245023
39,39,0.0
39,40,3.170727245117422
39,41,12.169425864295334
39,42,134.66229091742989
39,43,139.96049161515813
39,44,144.76373477586117
39,45,133.37998645017964
39,46,161.3171794859898
40,0,167.64667236483416
40,1,178.04919742107714
40,2,171.75780532375398
40,3,164.5523203979957
40,4,116.30048531238546
40,5,115.13615189793254
40,6,112.19312221086885
40,7,121.40789603679869
40,8,116.9604397171992
40,9,116.50599573009873
40,10,inf
40,11,inf
40,12,inf
40,13,27.38790096142035
40,14,inf
40,15,inf
40,16,inf
40,17,inf
40,18,inf
40,19,inf
40,20,57.943367896626064
40,21,inf
40,22,inf
40,23,inf
40,24,108.74917976826406
40,25,inf
40,26,136.96489676264392
40,27,inf
40,28,19.55097121865778
40,29,25.91817754101103
40,30,53.148993791651485
40,31,49.63643934400812
40,32,124.05016728624132
40,33,inf
40,34,89.76102320433085
40,35,37.103724178327106
40,36,111.41473655099944
40,37,160.1479277793932
40,38,163.7006180873328
40,39,3.170727245117422
40,40,0.0
40,41,8.998698619177912
40,42,131.49156367231245
40,43,136.7897643700407
40,44,141.59300753074373
40,45,130.2092592050622
40,46,158.14645224087238
41,0,176.64537098401206
41,1,187.04789604025504
41,2,180.7565039429319
41,3,173.5510190171736
41,4,125.29918393156338
41,5,124.13485051711045
41,6,121.19182083004677
41,7,130.4065946559766
41,8,125.95913833637711
41,9,125.50469434927665
41,10,inf
41,11,inf
41,12,inf
41,13,36.38659958059826
41,14,inf
41,15,inf
41,16,inf
41,17,inf
41,18,inf
41,19,inf
41,20,66.94206651580397
41,21,inf
41,22,inf
41,23,inf
41,24,117.74787838744197
41,25,inf
41,26,145.96359538182182
41,27,inf
41,28,28.54966983783569
41,29,34.91687616018894
41,30,62.14769241082939
41,31,58.635137963186025
41,32,133.04886590541923
41,33,inf
41,34,98.75972182350877
41,35,46.102422797505014
41,36,120.41343517017735
41,37,169.1466263985711
41,38,172.6993167065107
41,39,12.169425864295334
41,40,8.998698619177912
41,41,0.0
41,42,140.49026229149035
41,43,145.7884629892186
41,44,150.59170614992163
41,45,139.2079578242401
41,46,167.14515086005028
42,0,158.81019931365068
42,1,161.11629574379376
42,2,154.8249036464706
42,3,160.95624799932682
42,4,179.8243217918017
42,5,175.07422822011586
42,6,175.73815110919568
42,7,186.2671206234412
42,8,173.25183427305507
42,9,171.4252775899658
42,10,inf
42,11,inf
42,12,inf
42,13,158.8794646337328
42,14,inf
42,15,inf
42,16,inf
42,17,inf
42,18,inf
42,19,inf
42,20,89.81394591819799
42,21,inf
42,22,inf
42,23,inf
42,24,177.3606836975295
42,25,inf
42,26,120.03199508536052
42,27,inf
42,28,151.04253489097022
42,29,107.09823224882004
42,30,78.34256988066097
42,31,82.19651681588684
42,32,183.98824360842463
42,33,inf
42,34,114.95459929334035
42,35,108.21920645061377
42,36,169.31586811965553
42,37,143.21502610210982
42,38,146.84871718543027
42,39,134.66229091742989
42,40,131.49156367231245
42,41,140.49026229149035
42,42,0.0
42,43,119.85686269275732
42,44,124.78749928999608
42,45,131.299331356877
42,46,149.4770987208824
43,0,38.953336620893374
43,1,41.25943305103644
43,2,34.96804095371329
43,3,41.09938530656953
43,4,104.45383148042256
43,5,103.28949806596964
43,6,100.34646837890595
43,7,109.56124220483579
43,8,102.78820925156315
43,9,100.96165256847388
43,10,inf
43,11,inf
43,12,inf
43,13,164.17766533146104
43,14,inf
43,15,inf
43,16,inf
43,17,inf
43,18,inf
43,19,inf
43,20,95.11214661592622
43,21,inf
43,22,inf
43,23,inf
43,24,96.90252593630116
43,25,inf
43,26,0.17513239260320795
43,27,inf
43,28,156.34073558869846
43,29,112.20321124930948
43,30,83.64077057838921
43,31,87.23562317576462
43,32,112.20351345427842
43,33,inf
43,34,120.25279999106857
43,35,113.51740714834202
43,36,174.61406881738378
43,37,23.358163409352507
43,38,26.99185449267296
43,39,139.96049161515813
43,40,136.7897643700407
43,41,145.7884629892186
43,42,119.85686269275732
43,43,0.0
43,44,4.930636597238762
43,45,11.442468664119668
43,46,29.620236028125092
44,0,36.98847964063542
44,1,37.847099941464606
44,2,31.55570784414146
44,3,40.27934336848379
44,4,103.63378954233683
44,5,102.4694561278839
44,6,99.52642644082022
44,7,108.74120026675006
44,8,100.82335227130518
44,9,98.99679558821592
44,10,inf
44,11,inf
44,12,inf
44,13,168.98090849216408
44,14,inf
44,15,inf
44,16,inf
44,17,inf
44,18,inf
44,19,inf
44,20,99.91538977662927
44,21,inf
44,22,inf
44,23,inf
44,24,96.08248399821542
44,25,inf
44,26,5.1057689898419705
44,27,inf
44,28,161.14397874940153
44,29,117.02949146447048
44,30,88.44401373909226
44,31,92.06190339092562
44,32,111.38347151619269
44,33,inf
44,34,125.05604315177163
44,35,118.32065030904505
44,36,179.41731197808681
44,37,19.945830299780674
44,38,22.107610556589055
44,39,144.76373477586117
44,40,141.59300753074373
44,41,150.59170614992163
44,42,124.78749928999608
44,43,4.930636597238762
44,44,0.0
44,45,16.37310526135843
44,46,32.88392705808131
45,0,37.43741315977194
45,1,52.34974456132649
45,2,46.17248841859951
45,3,38.72460764740807
45,4,102.0790538212611
45,5,100.91472040680817
45,6,97.97169071974449
45,7,107.18646454567433
45,8,101.27228579044171
45,9,99.44572910735245
45,10,inf
45,11,inf
45,12,inf
45,13,157.59716016648255
45,14,inf
45,15,inf
45,16,inf
45,17,inf
45,18,inf
45,19,inf
45,20,88.70378643899082
45,21,inf
45,22,inf
45,23,inf
45,24,94.5277482771397
45,25,inf
45,26,11.617601056722876
45,27,inf
45,28,149.76023042371997
45,29,105.54040793459896
45,30,77.2324104014538
45,31,80.5728198610541
45,32,109.82873579511696
45,33,inf
45,34,113.84443981413318
45,35,107.1090469714066
45,36,168.20570864044836
45,37,34.80063207347217
45,38,38.43432315679263
45,39,133.37998645017964
45,40,130.2092592050622
45,41,139.2079578242401
45,42,131.299331356877
45,43,11.442468664119668
45,44,16.37310526135843
45,45,0.0
45,46,27.937193035810175
46,0,14.770013006292803
46,1,29.682344407847353
46,2,23.505088265120364
46,3,11.479149278444435
46,4,74.83359545229747
46,5,73.66926203784455
46,6,70.72623235078086
46,7,79.9410061767107
46,8,75.4935498571112
46,9,75.03910587001076
46,10,inf
46,11,inf
46,12,inf
46,13,185.53435320229272
46,14,inf
46,15,inf
46,16,inf
46,17,inf
46,18,inf
46,19,inf
46,20,116.64097947480099
46,21,inf
46,22,inf
46,23,inf
46,24,67.28228990817607
46,25,inf
46,26,29.7953684207283
46,27,inf
46,28,177.69742345953014
46,29,133.47760097040913
46,30,105.16960343726399
46,31,108.51001289686428
46,32,82.58327742615333
46,33,inf
46,34,141.78163284994335
46,35,135.04624000721677
46,36,196.14290167625853
46,37,12.938096758300642
46,38,16.571787841621095
46,39,161.3171794859898
46,40,158.14645224087238
46,41,167.14515086005028
46,42,149.4770987208824
46,43,29.620236028125092
46,44,32.88392705808131
46,45,27.937193035810175
46,46,0.0
