source_id,target_id,rtt
0,0,0.0
0,1,14.912331401554548
0,2,8.735075258827562
0,3,3.2908637278483686
0,4,65.56615383521392
0,5,65.42364259321819
0,6,61.7668729450608
0,7,60.99840776527027
0,8,63.694278232202514
0,9,62.008315947580506
0,10,93.65878366082049
0,11,108.6231818666615
0,12,137.98222050774692
0,13,144.15256585008103
0,14,141.8136294696865
0,15,145.07726809496538
0,16,150.14434995683786
0,17,87.46287111262058
0,18,130.68776030684415
0,19,127.34170155300781
0,20,111.85199650492385
0,21,113.50197122752904
0,22,111.66931508480504
0,23,120.08723568960993
0,24,59.09251171802509
0,25,141.07764762801992
0,26,39.09861518569788
0,27,128.76347185909012
0,28,138.06052957137618
0,29,131.36681783852308
0,30,109.36333673270023
0,31,111.94342135355258
0,32,71.91557858095932
0,33,131.5651488161754
0,34,133.697874783524
0,35,138.0318738529754
0,36,74.88453169152318
0,37,19.05888114580273
0,38,19.63406938562519
0,39,153.66840130002586
0,40,155.7401290391449
0,41,163.89960606500253
0,42,157.38857402281542
0,43,38.953336620893374
0,44,36.98847964063542
0,45,37.43741315977194
0,46,9.582092531678795
1,0,14.912331401554548
1,1,0.0
1,2,9.762933447312628
1,3,17.60023003792631
1,4,77.18616709315016
1,5,77.77628771590396
1,6,73.68893702024037
1,7,71.03081242344568
1,8,76.14925663530703
1,9,74.58188032054458
1,10,104.54280219275387
1,11,120.36276588926597
1,12,152.31935973177488
1,13,158.1573757647394
1,14,156.47838360751018
1,15,159.15253082407818
1,16,162.5862311649225
1,17,90.7257901509458
1,18,129.6811328459019
1,19,123.38644049918757
1,20,124.43955075150508
1,21,126.18499286578329
1,22,125.34619442216385
1,23,132.96736812815203
1,24,71.39035385300437
1,25,130.93742517651313
1,26,41.425062440981335
1,27,142.71194417547025
1,28,152.916908287755
1,29,144.7792619775913
1,30,120.33597067763837
1,31,123.33857500110469
1,32,85.01546232596412
1,33,145.0500955043085
1,34,147.9749291827879
1,35,150.01035819368124
1,36,87.2008582429538
1,37,17.901269641683932
1,38,15.584188920493375
1,39,168.2391193405753
1,40,170.05259990460019
1,41,177.473230270946
1,42,150.53808664188975
1,43,41.25337586347758
1,44,37.64856934840638
1,45,44.02947012918029
1,46,19.171902717983585
2,0,8.735075258827562
2,1,9.762933447312628
2,2,0.0
2,3,12.025922493876049
2,4,74.29543509617976
2,5,74.14890586940672
2,6,70.50164615407488
2,7,69.55793357589587
2,8,72.41486150186657
2,9,70.72190790396486
2,10,102.36757947900922
2,11,117.354720934399
2,12,145.86099180759487
2,13,152.23566984705374
2,14,147.34600084596116
2,15,149.5779202070244
2,16,152.84455544262622
2,17,94.22354337563539
2,18,135.90791943580322
2,19,130.97500981546244
2,20,114.67711675748374
2,21,122.14603378464862
2,22,115.71845387222649
2,23,123.21171780654903
2,24,67.82319059173479
2,25,132.50534891186294
2,26,34.16972382015014
2,27,136.95957941996346
2,28,144.19510734627477
2,29,135.06585118808331
2,30,110.70520679898755
2,31,113.65173303126704
2,32,80.54781086519233
2,33,135.34820187186347
2,34,138.5391860494142
2,35,140.2928810696686
2,36,83.60635572899749
2,37,11.609877544360785
2,38,11.296030758061224
2,39,158.92626912590873
2,40,160.53827486949754
2,41,167.72222148018335
2,42,149.7201205503077
2,43,34.0073135099159
2,44,31.159726504725874
2,45,35.120385918339565
2,46,9.467968989912421
3,0,3.2908637278483686
3,1,17.60023003792631
3,2,12.025922493876049
3,3,0.0
3,4,62.27821748384331
3,5,62.13629481422089
3,6,58.476271123404025
3,7,57.78503014493322
3,8,60.40879667369498
3,9,58.72567804188871
3,10,90.37894058487987
3,11,105.33329174055494
3,12,134.97001443982475
3,13,141.06676933252942
3,14,139.57919476992902
3,15,143.18018902782129
3,16,148.83994030047663
3,17,84.94645110476479
3,18,128.62581801032766
3,19,125.8659472794286
3,20,110.72277930674628
3,21,110.24218824966718
3,22,110.08611148693308
3,23,118.80980382667707
3,24,55.80314062973163
3,25,144.296088768954
3,26,41.23782412538266
3,27,125.65335428599506
3,28,135.6349097383991
3,29,129.82611832344563
3,30,108.80098622157205
3,31,111.23111407028988
3,32,68.66484377522212
3,33,129.9932145185133
3,34,131.73875445844487
3,35,136.97377097044327
3,36,71.598354626361
3,37,22.102038705180583
3,38,22.848593685931807
3,39,151.46369326183378
3,40,153.67228583592524
3,41,162.07301150731422
3,42,160.17884737694746
3,43,41.09937831218462
3,44,39.42871868556034
3,45,38.72460764740807
3,46,11.479149278444435
4,0,65.56615383521392
4,1,77.18616709315016
4,2,74.29543509617976
4,3,62.27821748384331
4,4,0.0
4,5,4.750093571685863
4,6,4.107363101516611
4,7,10.246615275042808
4,8,5.610661330924212
4,9,6.935192505217096
4,10,28.195004875002915
4,11,43.244892542852995
4,12,77.58730361624647
4,13,82.14875509675852
4,14,92.55867250435665
4,15,99.58854889805569
4,16,110.51855232628657
4,17,44.35818306199832
4,18,83.63520261948732
4,19,90.0988553934455
4,20,90.07105388051272
4,21,49.18462070907462
4,22,82.19061711255199
4,23,92.50937540710302
4,24,7.482178331367542
4,25,189.86545040430045
4,26,93.99495385968626
4,27,67.2818551930378
4,28,86.84683849317035
4,29,95.421312799624
4,30,98.11999476676837
4,31,97.06639367809012
4,32,12.695655734287026
4,33,95.07525774079699
4,34,90.63692572362173
4,35,106.60685610778575
4,36,10.747095854288608
4,37,83.44322170369408
4,38,84.89079287531335
4,39,101.99159185850512
4,40,105.14544671873686
4,41,113.49172022179044
4,42,168.04099560872294
4,43,93.94697718158528
4,44,95.12755581418457
4,45,84.60939911047899
4,46,70.64856586026843
5,0,65.42364259321819
5,1,77.77628771590396
5,2,74.14890586940672
5,3,62.13629481422089
5,4,4.750093571685863
5,5,0.0
5,6,4.793582555835806
5,7,14.49002145679378
5,8,1.8242878192666534
5,9,3.6489506301500474
5,10,29.240695133638052
5,11,43.21872540135745
5,12,76.00063348075295
5,13,80.93544858897658
5,14,89.84149781080865
5,15,96.7040923585131
5,16,107.47449796113698
5,17,48.8898830276951
5,18,87.14553844909922
5,19,94.10160432595954
5,20,85.64470678105965
5,21,48.41282822385954
5,22,77.935800775562
5,23,88.34887720078727
5,24,6.386972129668482
5,25,185.93402605079194
5,26,91.72811121798135
5,27,65.78643641636543
5,28,84.20040284887988
5,29,91.76270231090149
5,30,93.50672991231797
5,31,92.52710292218669
5,32,8.914015388308774
5,33,91.44273899442673
5,34,87.35816541334681
5,35,102.93607872832435
5,36,9.469938713848041
5,37,82.70709788625072
5,38,84.40452223265528
5,39,99.71412433917813
5,40,102.83997412480893
5,41,111.39132357015575
5,42,165.1229528489171
5,43,91.69132992449893
5,44,93.19041059769596
5,45,81.9447160979306
5,46,69.80081860667035
6,0,61.7668729450608
6,1,73.68893702024037
6,2,70.50164615407488
6,3,58.476271123404025
6,4,4.107363101516611
6,5,4.793582555835806
6,6,0.0
6,7,10.543555926591111
6,8,4.121172452556814
6,9,4.312873519229884
6,10,32.15228775234855
6,11,46.90890212401871
6,12,80.50584979084033
6,13,85.29562465495808
6,14,94.62141842183036
6,15,101.49567569673262
6,16,112.26720620351074
6,17,47.24286154836325
6,18,87.43757521867397
6,19,93.57362879833367
6,20,89.82250068893876
6,21,52.533937258136014
6,22,82.3148133561123
6,23,92.79756427437799
6,24,3.4439424426047984
6,25,190.20285664103622
6,26,89.89673837662507
6,27,70.25029749949181
6,28,88.97189743804286
6,29,96.46509089931212
6,30,97.33087489851118
6,31,96.51483551522821
6,32,13.693688679371023
6,33,96.1530649026122
6,34,92.13791707310533
6,35,107.62941856662049
6,36,13.61240673297591
6,37,79.48626347013807
6,38,80.99925005198865
6,39,104.43003705065854
6,40,107.5626270016998
6,41,116.0718206319392
6,42,169.91406967727605
6,43,89.84804730091703
6,44,91.02046444273603
6,45,80.56166775692797
6,46,66.65959636434269
7,0,60.99840776527027
7,1,71.03081242344568
7,2,69.55793357589587
7,3,57.78503014493322
7,4,10.246615275042808
7,5,14.49002145679378
7,6,10.543555926591111
7,7,0.0
7,8,14.496410050451876
7,9,14.84184303347538
7,10,33.56683924134816
7,11,49.72955384956029
7,12,85.80012707673605
7,13,89.79727563437135
7,14,102.01566976844923
7,15,109.18460881475596
7,16,120.23022992502418
7,17,38.491544150837505
7,18,81.16774944231476
7,19,85.8675341897805
7,20,100.13356865178497
7,21,56.639892474095
7,22,92.38306368178132
7,23,102.73813792965557
7,24,12.658716268534631
7,25,198.9063745933956
7,26,93.47165538140901
7,27,75.47093061944793
7,28,96.25512574002803
7,29,105.58305519466943
7,30,107.844283340551
7,31,106.96297983329964
7,32,22.93920950842216
7,33,105.22566833794284
7,34,100.58456320163279
7,35,116.76597156096646
7,36,20.2861771947365
7,37,79.71019241433511
7,38,80.62945932749598
7,39,110.91488793581327
7,40,114.08471313515012
7,41,122.11685864624447
7,42,177.16413810245686
7,43,93.39727119773012
7,44,93.79721462550653
7,45,85.25661578458066
7,46,67.39967404003409
8,0,63.694278232202514
8,1,76.14925663530703
8,2,72.41486150186657
8,3,60.40879667369498
8,4,5.610661330924212
8,5,1.8242878192666534
8,6,4.121172452556814
8,7,14.496410050451876
8,8,0.0
8,9,1.8265566830892606
8,10,31.064092198460358
8,11,44.9704749439994
8,12,77.45057017386607
8,13,82.4677928810228
8,14,90.93036443010273
8,15,97.72114176631014
8,16,108.41463859260779
8,17,49.968802312038186
8,18,88.74009983069948
8,19,95.52566894314268
8,20,85.73377581739217
8,21,50.057945041438366
8,22,78.1955287401528
8,23,88.67643431959708
8,24,4.809165880146809
8,25,186.13150257904948
8,26,89.92865651511778
8,27,67.26784559070391
8,28,85.32115146451616
8,29,92.41803241368108
8,30,93.3504317140497
8,31,92.47824594294559
8,32,9.87060202004767
8,33,92.11299603735957
8,34,88.21333801693147
8,35,103.57343074929017
8,36,11.19193545992727
8,37,80.91361346844353
8,38,82.63091195295175
8,39,100.94696104654832
8,40,104.06086224651195
8,41,112.66911816381334
8,42,166.01596218624428
8,43,89.89106855708067
8,44,91.37320468867924
8,45,80.18146566685967
8,46,68.00258843501658
9,0,62.008315947580506
9,1,74.58188032054458
9,2,70.72190790396486
9,3,58.72567804188871
9,4,6.935192505217096
9,5,3.6489506301500474
9,6,4.312873519229884
9,7,14.84184303347538
9,8,1.8265566830892606
9,9,0.0
9,10,32.882864383356115
9,11,46.69422371598765
9,12,78.835974252051
9,13,83.94009233555306
9,14,91.92927673382309
9,15,98.6412619831141
9,16,109.24803016877397
9,17,51.172694780686975
9,18,90.39231281928849
9,19,97.02336718828144
9,20,85.7174393632695
9,21,51.66239634609795
9,22,78.35729246806758
9,23,88.89747309230422
9,24,3.5757785635491297
9,25,185.98579963621154
9,26,88.11147929155115
9,27,68.69074235724156
9,28,86.35648908478957
9,29,92.968904141958
9,30,93.08270770930483
9,31,92.31827155930533
9,32,10.9606446398071
9,33,92.6793496239982
9,34,88.97209508428787
9,35,104.09763248184882
9,36,12.909832606255485
9,37,79.14401031630211
9,38,80.88747492238706
9,39,102.0917750433744
9,40,105.19150158640383
9,41,113.85618129914798
9,42,166.73473041769785
9,43,88.073394957437
9,44,89.54717154427789
9,45,78.39027035203551
9,46,66.22701953291076
10,0,93.65878366082049
10,1,104.54280219275387
10,2,102.36757947900922
10,3,90.37894058487987
10,4,28.195004875002915
10,5,29.240695133638052
10,6,32.15228775234855
10,7,33.56683924134816
10,8,31.064092198460358
10,9,32.882864383356115
10,10,0.0
10,11,16.416162891928714
10,12,53.72396731895457
10,13,56.86745243622942
10,14,72.82543266916306
10,15,80.30553371767851
10,16,91.43468619282692
10,17,39.26537423695737
10,18,62.77039490560046
10,19,72.53885187149969
10,20,84.98749739810188
10,21,24.258832261617755
10,22,75.54755055705178
10,23,83.669036712676
10,24,35.16858190212313
10,25,165.5277781688739
10,26,120.39879674526755
10,27,43.650006333681816
10,28,67.11724170254706
10,29,81.5548781429066
10,30,95.75811065294948
10,31,93.22569680617585
10,32,26.084086506902256
10,33,81.03058368467694
10,34,74.38309721695707
10,35,91.9219685029575
10,36,20.516126419449826
10,37,111.63302258714369
10,38,113.06997717981405
10,39,79.68140053742707
10,40,82.8063297652692
10,41,90.01315397113267
10,42,144.41941523452783
10,43,120.37765109881003
10,44,122.21619297147569
10,45,110.03644261445694
10,46,98.81057201288093
11,0,108.6231818666615
11,1,120.36276588926597
11,2,117.354720934399
11,3,105.33329174055494
11,4,43.244892542852995
11,5,43.21872540135745
11,6,46.90890212401871
11,7,49.72955384956029
11,8,44.9704749439994
11,9,46.69422371598765
11,10,16.416162891928714
11,11,0.0
11,12,37.52590361426981
11,13,40.45385826554868
11,14,57.52655239579475
11,15,64.98134329248958
11,16,75.94584741727921
11,17,50.43309074737433
11,18,60.14708071394805
11,19,71.83093301464052
11,20,75.61613334552379
11,21,8.663739644580541
11,22,66.0953498335555
11,23,72.5174786065297
11,24,49.531616093319684
11,25,149.42878841228568
11,26,130.37756331605866
11,27,27.693896591981755
11,28,51.97098456619448
11,29,68.23001319105882
11,30,86.9894455819474
11,31,83.88962452361929
11,32,37.5839453386566
11,33,67.6537493959825
11,34,60.3625018188009
11,35,77.85523552403134
11,36,33.785185766865915
11,37,125.69753637461193
11,38,127.56464010234201
11,39,63.56653647507343
11,40,66.65892779897821
11,41,73.66181136413347
11,42,128.02516634431072
11,43,130.39509547496564
11,44,133.1725157561352
11,45,119.23547972346715
11,46,112.75950962834752
12,0,137.98222050774692
12,1,152.31935973177488
12,2,145.86099180759487
12,3,134.97001443982475
12,4,77.58730361624647
12,5,76.00063348075295
12,6,80.50584979084033
12,7,85.80012707673605
12,8,77.45057017386607
12,9,78.835974252051
12,10,53.72396731895457
12,11,37.52590361426981
12,12,0.0
12,13,6.8737005348622615
12,14,21.93522267425593
12,15,28.866181258524332
12,16,39.16038460084486
12,17,84.45219951243068
12,18,71.51625781197579
12,19,83.81031151568656
12,20,53.60605820572129
12,21,29.50792912729184
12,22,46.242115650342654
12,23,46.67639056374716
12,24,82.2569336584539
12,25,113.55204465490715
12,26,139.60885598832158
12,27,10.333719603726868
12,28,17.576225531754993
12,29,37.29073527366146
12,30,64.14397213709624
12,31,60.32062818285013
12,32,68.01975637960132
12,33,36.653382767276916
12,34,28.57766544910829
12,35,44.000258585715116
12,36,66.95015569768306
12,37,149.32105456367648
12,38,152.55011598793254
12,39,26.048773575920094
12,40,29.133145103347065
12,41,36.42222423108481
12,42,91.4167887463895
12,43,139.7309122337355
12,44,144.4513440620349
12,45,129.26453011464926
12,46,138.07230029440018
13,0,144.15256585008103
13,1,158.1573757647394
13,2,152.23566984705374
13,3,141.06676933252942
13,4,82.14875509675852
13,5,80.93544858897658
13,6,85.29562465495808
13,7,89.79727563437135
13,8,82.4677928810228
13,9,83.94009233555306
13,10,56.86745243622942
13,11,40.45385826554868
13,12,6.8737005348622615
13,13,0.0
13,14,23.872130439325357
13,15,29.81291846400939
13,16,38.94529529707006
13,17,84.4825729657937
13,18,67.02460856578809
13,19,79.021728904325
13,20,58.47226387451806
13,21,33.161665622826334
13,22,51.729040819687455
13,23,51.009868645120676
13,24,87.2726106443381
13,25,109.46111776265302
13,26,146.12700281853324
13,27,15.44807031807383
13,28,20.882194892499793
13,29,40.59232534662563
13,30,68.51810923540647
13,31,64.66563502910566
13,32,73.29033212758047
13,33,39.96695147351729
13,34,32.09995924533682
13,35,45.747674344272994
13,36,71.68359758702344
13,37,156.1307722865508
13,38,159.31634259695184
13,39,24.59324426515922
13,40,27.38790096142035
13,41,33.390124805031135
13,42,87.65273390720722
13,43,146.25440095373787
13,44,151.03155041571037
13,45,135.95770101857818
13,46,144.6993520946846
14,0,141.8136294696865
14,1,156.47838360751018
14,2,147.34600084596116
14,3,139.57919476992902
14,4,92.55867250435665
14,5,89.84149781080865
14,6,94.62141842183036
14,7,102.01566976844923
14,8,90.93036443010273
14,9,91.92927673382309
14,10,72.82543266916306
14,11,57.52655239579475
14,12,21.93522267425593
14,13,23.872130439325357
14,14,0.0
14,15,7.481733882396361
14,16,18.637659423708005
14,17,106.19701321620985
14,18,90.16128911577974
14,19,101.65069610510746
14,20,37.28469504499001
14,21,48.95072819486435
14,22,33.01813652636814
14,23,28.933844662749404
14,24,95.50470728935994
14,25,97.62785637939889
14,26,128.1886089536729
14,27,30.110748312362727
14,28,5.790832848801909
14,29,17.280567829727186
14,30,45.98138993154449
14,31,42.16413734733821
14,32,81.06019317476476
14,33,16.693869146174034
14,34,9.881724430438346
14,35,22.116648489219944
14,36,81.89290085705476
14,37,145.49389505058997
14,38,149.12756160858163
14,39,11.887719644219972
14,40,14.35830658204568
14,41,23.314973718901417
14,42,75.48245488828229
14,43,128.34565937502123
14,44,133.26798254379258
14,45,120.01231822275587
14,46,138.01140597610438
15,0,145.07726809496538
15,1,159.15253082407818
15,2,149.5779202070244
15,3,143.18018902782129
15,4,99.58854889805569
15,5,96.7040923585131
15,6,101.49567569673262
15,7,109.18460881475596
15,8,97.72114176631014
15,9,98.6412619831141
15,10,80.30553371767851
15,11,64.98134329248958
15,12,28.866181258524332
15,13,29.81291846400939
15,14,7.481733882396361
15,15,0.0
15,16,11.194839641483293
15,17,113.31287487363382
15,18,94.40686988653604
15,19,105.31591822976627
15,20,36.128850305842526
15,21,56.41940726236494
15,22,33.873623891684375
15,23,27.439638467717398
15,24,102.21446361046972
15,25,90.50661268376014
15,26,126.62234889139987
15,27,37.48273558222958
15,28,13.215470976121896
15,29,15.127844766741061
15,30,43.24626982414736
15,31,39.58192735577204
15,32,87.85864512056982
15,33,14.713127448181586
15,34,11.479447892366794
15,35,16.134644229453123
15,36,88.98283244678483
15,37,145.97729581199727
15,38,149.56740575256202
15,39,10.105527448806374
15,40,10.98967417053903
15,41,18.899038656393692
15,42,68.48521595771766
15,43,126.7878905298185
15,44,131.63315666529286
15,45,119.49172452463955
15,46,140.11247754997132
16,0,150.14434995683786
16,1,162.5862311649225
16,2,152.84455544262622
16,3,148.83994030047663
16,4,110.51855232628657
16,5,107.47449796113698
16,6,112.26720620351074
16,7,120.23022992502418
16,8,108.41463859260779
16,9,109.24803016877397
16,10,91.43468619282692
16,11,75.94584741727921
16,12,39.16038460084486
16,13,38.94529529707006
16,14,18.637659423708005
16,15,11.194839641483293
16,16,0.0
16,17,123.35093951017784
16,18,99.60280494855108
16,19,109.35699731567053
16,20,38.350465632946154
16,21,67.4413131353442
16,22,38.97948147356896
16,23,30.059342642862706
16,24,112.80780049637917
16,25,79.5047179358149
16,26,125.0312274257548
16,27,48.31202965286721
16,28,24.402830893242825
16,29,19.34075748754748
16,30,42.500443654297875
16,31,39.33569055741173
16,32,98.58551686949335
16,33,19.286653774280264
16,34,20.444897900942312
16,35,12.63556794556686
16,36,99.98100998262248
16,37,146.74021721438226
16,38,150.09463552522698
16,39,14.871049382935484
16,40,12.995048838970293
16,41,15.349851838246593
16,42,57.651044084650486
16,43,125.20455312111658
16,44,129.7869593948523
16,45,119.66959423837552
16,46,143.56792797184517
17,0,87.46287111262058
17,1,90.7257901509458
17,2,94.22354337563539
17,3,84.94645110476479
17,4,44.35818306199832
17,5,48.8898830276951
17,6,47.24286154836325
17,7,38.491544150837505
17,8,49.968802312038186
17,9,51.172694780686975
17,10,39.26537423695737
17,11,50.43309074737433
17,12,84.45219951243068
17,13,84.4825729657937
17,14,106.19701321620985
17,15,113.31287487363382
17,16,123.35093951017784
17,17,0.0
17,18,45.08663197975954
17,19,47.68000225466709
17,20,124.2498739761254
17,21,58.97131405135149
17,22,114.78996557827789
17,23,122.50006811527282
17,24,50.29546237896431
17,25,160.77766048048494
17,26,125.82830337378587
17,27,76.31676790654677
17,28,101.10673872377959
17,29,118.59024660364163
17,30,134.96937529371246
17,31,132.49064836509325
17,32,53.48874942116152
17,33,118.00212455817841
17,34,110.48494530598941
17,35,127.70717079491666
17,36,47.222765866076
17,37,105.82432738620473
17,38,105.08432363339871
17,39,109.02266556683395
17,40,111.66089387073781
17,41,115.85226420356753
17,42,155.445212077975
17,43,125.70597024107109
17,44,124.37436705858181
17,45,120.25386762068909
17,46,96.33083070718986
18,0,130.68776030684415
18,1,129.6811328459019
18,2,135.90791943580322
18,3,128.62581801032766
18,4,83.63520261948732
18,5,87.14553844909922
18,6,87.43757521867397
18,7,81.16774944231476
18,8,88.74009983069948
18,9,90.39231281928849
18,10,62.77039490560046
18,11,60.14708071394805
18,12,71.51625781197579
18,13,67.02460856578809
18,14,90.16128911577974
18,15,94.40686988653604
18,16,99.60280494855108
18,17,45.08663197975954
18,18,0.0
18,19,12.636797352933641
18,20,125.11215191895849
18,21,64.36566141655615
18,22,117.27565823583069
18,23,118.00980632981003
18,24,90.85964037896666
18,25,117.86346591085928
18,26,169.7801641715172
18,27,69.89113578238111
18,28,87.89100435477023
18,29,107.36758352188737
18,30,135.52680790542234
18,31,131.67773893199748
18,32,87.6397768296804
18,33,106.75882638281065
18,34,99.06897355572532
18,35,110.24427436570004
18,36,81.17945501128453
18,37,147.12928349079738
18,38,145.25322708678527
18,39,85.56840835761263
18,40,86.75246208926303
18,41,86.0323284941421
18,42,110.60867337866445
18,43,169.63220644189465
18,44,167.04239880278416
18,45,165.3404285469476
18,46,140.08970525363614
19,0,127.34170155300781
19,1,123.38644049918757
19,2,130.97500981546244
19,3,125.8659472794286
19,4,90.0988553934455
19,5,94.10160432595954
19,6,93.57362879833367
19,7,85.8675341897805
19,8,95.52566894314268
19,9,97.02336718828144
19,10,72.53885187149969
19,11,71.83093301464052
19,12,83.81031151568656
19,13,79.021728904325
19,14,101.65069610510746
19,15,105.31591822976627
19,16,109.35699731567053
19,17,47.68000225466709
19,18,12.636797352933641
19,19,0.0
19,20,137.3948549039509
19,21,76.58423592289414
19,22,129.78818243550901
19,23,130.0037675360783
19,24,96.87586040071773
19,25,113.30790760682163
19,26,164.81149206363895
19,27,82.50411130102438
19,28,99.78625023889813
19,29,118.93021033108833
19,30,147.46747967523737
19,31,143.61520951318357
19,32,95.9975123208219
19,33,118.33886676841692
19,34,110.86106765498263
19,35,120.73689489853965
19,36,89.39351482914886
19,37,141.28409368241313
19,38,138.77108016043354
19,39,96.00740187968765
19,40,96.8408923636926
19,41,94.95144097364688
19,42,110.32747140197372
19,43,164.63974414370475
19,44,160.7908016708509
19,45,164.54401866155482
19,46,136.92019220961197
20,0,111.85199650492385
20,1,124.43955075150508
20,2,114.67711675748374
20,3,110.72277930674628
20,4,90.07105388051272
20,5,85.64470678105965
20,6,89.82250068893876
20,7,100.13356865178497
20,8,85.73377581739217
20,9,85.7174393632695
20,10,84.98749739810188
20,11,75.61613334552379
20,12,53.60605820572129
20,13,58.47226387451806
20,14,37.28469504499001
20,15,36.128850305842526
20,16,38.350465632946154
20,17,124.2498739761254
20,18,125.11215191895849
20,19,137.3948549039509
20,20,0.0
20,21,67.92161389011885
20,22,9.549041586337387
20,23,8.697587989912929
20,24,88.73048817228889
20,25,100.39793640531109
20,26,90.9605149141486
20,27,56.1173215054671
20,28,38.00565228818913
20,29,21.001014733788054
20,30,11.471376037537008
20,31,8.306928552617947
20,32,77.54261580657374
20,33,21.42780745029354
20,34,27.46621480988531
20,35,26.25906552593864
20,36,82.0018317634913
20,37,109.92912651222557
20,38,113.494199424479
20,39,46.2267168610311
20,40,46.85153969478855
20,41,53.06640116513753
20,42,83.44386438725877
20,43,91.12006547568213
20,44,96.03061113613448
20,45,83.372038248235
20,46,105.30757540195222
21,0,113.50197122752904
21,1,126.18499286578329
21,2,122.14603378464862
21,3,110.24218824966718
21,4,49.18462070907462
21,5,48.41282822385954
21,6,52.533937258136014
21,7,56.639892474095
21,8,50.057945041438366
21,9,51.66239634609795
21,10,24.258832261617755
21,11,8.663739644580541
21,12,29.50792912729184
21,13,33.161665622826334
21,14,48.95072819486435
21,15,56.41940726236494
21,16,67.4413131353442
21,17,58.97131405135149
21,18,64.36566141655615
21,19,76.58423592289414
21,20,67.92161389011885
21,21,0.0
21,22,58.48044097012046
21,23,64.33834865098827
21,24,54.79975147105322
21,25,142.6227475146735
21,26,130.68228361912182
21,27,19.392063046823317
21,28,43.35761387538304
21,29,59.63594389813277
21,30,79.37031509284598
21,31,76.12768235482784
21,32,41.59845539140346
21,33,59.054313258362825
21,34,51.71172179854433
21,35,69.19402557396037
21,36,38.985361858311194
21,37,129.40192850976695
21,38,131.66936872253075
21,39,55.42317834537691
21,40,58.5508325936833
21,41,65.89523028757581
21,42,120.72962152121805
21,43,130.7260884350765
21,44,134.0963273033096
21,45,119.31665333597776
21,46,116.57763233830592
22,0,111.66931508480504
22,1,125.34619442216385
22,2,115.71845387222649
22,3,110.08611148693308
22,4,82.19061711255199
22,5,77.935800775562
22,6,82.3148133561123
22,7,92.38306368178132
22,8,78.1955287401528
22,9,78.35729246806758
22,10,75.54755055705178
22,11,66.0953498335555
22,12,46.242115650342654
22,13,51.729040819687455
22,14,33.01813652636814
22,15,33.873623891684375
22,16,38.97948147356896
22,17,114.78996557827789
22,18,117.27565823583069
22,19,129.78818243550901
22,20,9.549041586337387
22,21,58.48044097012046
22,22,0.0
22,23,10.701946680020647
22,24,81.54824504608646
22,25,108.00527793107531
22,26,95.72744752945131
22,27,47.591037880681135
22,28,32.32624975560912
22,29,19.74425799404153
22,30,20.90553721159065
22,31,17.855280121380755
22,32,69.53048861058997
22,33,19.908580478476647
22,34,23.30705495391309
22,35,28.539672073133623
22,36,73.57389491985376
22,37,112.60335229732786
22,38,116.23282454780544
22,39,43.56310851645186
22,40,44.85897344627317
22,41,52.308169733880575
22,42,89.64978207027747
22,43,95.87624742126356
22,44,100.80299632972113
22,45,87.05691871324527
22,46,106.25068913754704
23,0,120.08723568960993
23,1,132.96736812815203
23,2,123.21171780654903
23,3,118.80980382667707
23,4,92.50937540710302
23,5,88.34887720078727
23,6,92.79756427437799
23,7,102.73813792965557
23,8,88.67643431959708
23,9,88.89747309230422
23,10,83.669036712676
23,11,72.5174786065297
23,12,46.67639056374716
23,13,51.009868645120676
23,14,28.933844662749404
23,15,27.439638467717398
23,16,30.059342642862706
23,17,122.50006811527282
23,18,118.00980632981003
23,19,130.0037675360783
23,20,8.697587989912929
23,21,64.33834865098827
23,22,10.701946680020647
23,23,0.0
23,24,92.13197855338821
23,25,97.58561179761774
23,26,99.49095201518557
23,27,50.45770392419845
23,28,30.221675894243997
23,29,12.314049317799977
23,30,17.517193941337055
23,31,13.671010599996377
23,32,79.81841273750874
23,33,12.756896524120398
23,34,19.277247641354506
23,35,18.518270407504854
23,36,83.5546883791762
23,37,118.62470289775345
23,38,122.19133481189044
23,39,37.54159274041486
23,40,38.15693483856665
23,41,44.51099447216769
23,42,78.95364916413824
23,43,99.6523677730717
23,44,104.54910662653407
23,45,92.05353513068151
23,46,113.80739053072332
24,0,59.09251171802509
24,1,71.39035385300437
24,2,67.82319059173479
24,3,55.80314062973163
24,4,7.482178331367542
24,5,6.386972129668482
24,6,3.4439424426047984
24,7,12.658716268534631
24,8,4.809165880146809
24,9,3.5757785635491297
24,10,35.16858190212313
24,11,49.531616093319684
24,12,82.2569336584539
24,13,87.2726106443381
24,14,95.50470728935994
24,15,102.21446361046972
24,16,112.80780049637917
24,17,50.29546237896431
24,18,90.85964037896666
24,19,96.87586040071773
24,20,88.73048817228889
24,21,54.79975147105322
24,22,81.54824504608646
24,23,92.13197855338821
24,24,0.0
24,25,188.47958728186762
24,26,86.52538101876073
24,27,72.07697276715385
24,28,89.92957284014255
24,29,96.42667618913359
24,30,95.79444079839152
24,31,95.16416688164267
24,32,14.509463317469514
24,33,96.14515414126198
24,34,92.51538232009227
24,35,107.53751233328562
24,36,15.843854823205508
24,37,76.55185001317787
24,38,78.16727573236729
24,39,105.64554523891611
24,40,108.74917976826406
24,41,117.39707335088553
24,42,170.24362487512852
24,43,86.47859288640045
24,44,87.71497478211332
24,45,77.13507429572849
24,46,63.67911624863786
25,0,141.07764762801992
25,1,130.93742517651313
25,2,132.50534891186294
25,3,144.296088768954
25,4,189.86545040430045
25,5,185.93402605079194
25,6,190.20285664103622
25,7,198.9063745933956
25,8,186.13150257904948
25,9,185.98579963621154
25,10,165.5277781688739
25,11,149.42878841228568
25,12,113.55204465490715
25,13,109.46111776265302
25,14,97.62785637939889
25,15,90.50661268376014
25,16,79.5047179358149
25,17,160.77766048048494
25,18,117.86346591085928
25,19,113.30790760682163
25,20,100.39793640531109
25,21,142.6227475146735
25,22,108.00527793107531
25,23,97.58561179761774
25,24,188.47958728186762
25,25,0.0
25,26,108.63485109575974
25,27,123.8851024789994
25,28,103.37462923962323
25,29,94.44642744882414
25,30,92.90320077100729
25,31,93.68982110327089
25,32,177.2672313904886
25,33,94.79100212306128
25,34,99.27505823674588
25,35,83.26092240787169
25,36,179.48444380038896
25,37,122.38724632569236
25,38,121.44929977903496
25,39,88.56960484371022
25,40,85.40189186912811
25,41,77.29153699190894
25,42,22.29954814220137
25,43,108.70977288815394
25,44,108.32154534366552
25,45,116.80996285924716
25,46,134.71289396407545
26,0,39.09861518569788
26,1,41.425062440981335
26,2,34.16972382015014
26,3,41.23782412538266
26,4,93.99495385968626
26,5,91.72811121798135
26,6,89.89673837662507
26,7,93.47165538140901
26,8,89.92865651511778
26,9,88.11147929155115
26,10,120.39879674526755
26,11,130.37756331605866
26,12,139.60885598832158
26,13,146.12700281853324
26,14,128.1886089536729
26,15,126.62234889139987
26,16,125.0312274257548
26,17,125.82830337378587
26,18,169.7801641715172
26,19,164.81149206363895
26,20,90.9605149141486
26,21,130.68228361912182
26,22,95.72744752945131
26,23,99.49095201518557
26,24,86.52538101876073
26,25,108.63485109575974
26,26,0.0
26,27,135.76088087999892
26,28,128.05326518159708
26,29,111.69788540379723
26,30,83.47274494625243
26,31,87.06874327954299
26,32,94.45329726767493
26,33,112.1903144748795
26,34,118.31405506887899
26,35,112.79510468684748
26,36,99.90783705386862
26,37,23.529304261096872
26,38,26.106914274939793
26,39,136.6376037838109
26,40,136.57457282647192
26,41,140.11536384187096
26,42,119.73712968421718
26,43,0.17513239260320795
26,44,5.08372818416503
26,45,11.386714478577323
26,46,29.75870071498467
27,0,128.76347185909012
27,1,142.71194417547025
27,2,136.95957941996346
27,3,125.65335428599506
27,4,67.2818551930378
27,5,65.78643641636543
27,6,70.25029749949181
27,7,75.47093061944793
27,8,67.26784559070391
27,9,68.69074235724156
27,10,43.650006333681816
27,11,27.693896591981755
27,12,10.333719603726868
27,13,15.44807031807383
27,14,30.110748312362727
27,15,37.48273558222958
27,16,48.31202965286721
27,17,76.31676790654677
27,18,69.89113578238111
27,19,82.50411130102438
27,20,56.1173215054671
27,21,19.392063046823317
27,22,47.591037880681135
27,23,50.45770392419845
27,24,72.07697276715385
27,25,123.8851024789994
27,26,135.76088087999892
27,27,0.0
27,28,24.810276811669794
27,29,43.08560677501738
27,30,67.32841847713883
27,31,63.65675993322296
27,32,57.95066713477521
27,33,42.46063187225173
27,34,34.54513183650431
27,35,51.41285140306406
27,36,56.67160638698037
27,37,141.77033919288732
27,38,144.72256926484678
27,39,36.03689180744637
27,40,39.17148136514864
27,41,46.709442042901216
27,42,101.73584534986536
27,43,135.8584000697791
27,44,140.2389342175344
27,45,124.76204704752622
27,46,129.79673015324929
28,0,138.06052957137618
28,1,152.916908287755
28,2,144.19510734627477
28,3,135.6349097383991
28,4,86.84683849317035
28,5,84.20040284887988
28,6,88.97189743804286
28,7,96.25512574002803
28,8,85.32115146451616
28,9,86.35648908478957
28,10,67.11724170254706
28,11,51.97098456619448
28,12,17.576225531754993
28,13,20.882194892499793
28,14,5.790832848801909
28,15,13.215470976121896
28,16,24.402830893242825
28,17,101.10673872377959
28,18,87.89100435477023
28,19,99.78625023889813
28,20,38.00565228818913
28,21,43.35761387538304
28,22,32.32624975560912
28,23,30.221675894243997
28,24,89.92957284014255
28,25,103.37462923962323
28,26,128.05326518159708
28,27,24.810276811669794
28,28,0.0
28,29,19.84138552800083
28,30,47.69254432688603
28,31,43.838625766118916
28,32,75.45589430428461
28,33,19.207716643304817
28,34,11.232457541192153
28,35,26.71819808125989
28,36,76.16304643969492
28,37,143.57390078422992
28,38,147.18243528934107
28,39,16.380243973540356
28,40,19.23276312272872
28,41,28.217129502711586
28,42,81.19657776091661
28,43,128.20177946008278
28,44,133.12762151508292
28,45,119.14794928087122
28,46,135.05633040887074
29,0,131.36681783852308
29,1,144.7792619775913
29,2,135.06585118808331
29,3,129.82611832344563
29,4,95.421312799624
29,5,91.76270231090149
29,6,96.46509089931212
29,7,105.58305519466943
29,8,92.41803241368108
29,9,92.968904141958
29,10,81.5548781429066
29,11,68.23001319105882
29,12,37.29073527366146
29,13,40.59232534662563
29,14,17.280567829727186
29,15,15.127844766741061
29,16,19.34075748754748
29,17,118.59024660364163
29,18,107.36758352188737
29,19,118.93021033108833
29,20,21.001014733788054
29,21,59.63594389813277
29,22,19.74425799404153
29,23,12.314049317799977
29,24,96.42667618913359
29,25,94.44642744882414
29,26,111.69788540379723
29,27,43.08560677501738
29,28,19.84138552800083
29,29,0.0
29,30,28.755662368159072
29,31,24.967588073544857
29,32,82.89607346386259
29,33,0.6376449530693721
29,34,8.723028486378714
29,35,11.185546637316078
29,36,85.4965590099884
29,37,130.88968003048797
29,38,134.46800818543596
29,39,25.227827297415796
29,40,25.91817754101103
29,41,32.73492357638555
29,42,73.86191318191321
29,43,111.86097621261727
29,44,116.74076102298133
29,45,104.36747878901657
29,46,125.61391341805366
30,0,109.36333673270023
30,1,120.33597067763837
30,2,110.70520679898755
30,3,108.80098622157205
30,4,98.11999476676837
30,5,93.50672991231797
30,6,97.33087489851118
30,7,107.844283340551
30,8,93.3504317140497
30,9,93.08270770930483
30,10,95.75811065294948
30,11,86.9894455819474
30,12,64.14397213709624
30,13,68.51810923540647
30,14,45.98138993154449
30,15,43.24626982414736
30,16,42.500443654297875
30,17,134.96937529371246
30,18,135.52680790542234
30,19,147.46747967523737
30,20,11.471376037537008
30,21,79.37031509284598
30,22,20.90553721159065
30,23,17.517193941337055
30,24,95.79444079839152
30,25,92.90320077100729
30,26,83.47274494625243
30,27,67.32841847713883
30,28,47.69254432688603
30,29,28.755662368159072
30,30,0.0
30,31,3.8539469352258604
30,32,85.95563977141666
30,33,29.3185047459214
30,34,36.61202941267937
30,35,29.8766365699528
30,36,90.97329823899456
30,37,104.28279383033126
30,38,107.69380148345705
30,39,53.18232651748241
30,40,53.148993791651485
30,41,57.83634210757447
30,42,78.34256988066097
30,43,83.64077057838921
30,44,88.44401373909226
30,45,77.2324104014538
30,46,101.70436181919271
31,0,111.94342135355258
31,1,123.33857500110469
31,2,113.65173303126704
31,3,111.23111407028988
31,4,97.06639367809012
31,5,92.52710292218669
31,6,96.51483551522821
31,7,106.96297983329964
31,8,92.47824594294559
31,9,92.31827155930533
31,10,93.22569680617585
31,11,83.88962452361929
31,12,60.32062818285013
31,13,64.66563502910566
31,14,42.16413734733821
31,15,39.58192735577204
31,16,39.33569055741173
31,17,132.49064836509325
31,18,131.67773893199748
31,19,143.61520951318357
31,20,8.306928552617947
31,21,76.12768235482784
31,22,17.855280121380755
31,23,13.671010599996377
31,24,95.16416688164267
31,25,93.68982110327089
31,26,87.06874327954299
31,27,63.65675993322296
31,28,43.838625766118916
31,29,24.967588073544857
31,30,3.8539469352258604
31,31,0.0
31,32,84.71101876555635
31,33,25.52239722786098
31,34,32.763637505005896
31,35,26.70393695029639
31,36,89.47223639370411
31,37,107.5771813747499
31,38,111.02544027852569
31,39,49.56886051126467
31,40,49.63643934400812
31,41,54.62021559274466
31,42,78.11379681372036
31,43,87.23562317576462
31,44,92.06190339092562
31,45,80.5728198610541
31,46,104.54006309172668
32,0,71.91557858095932
32,1,85.01546232596412
32,2,80.54781086519233
32,3,68.66484377522212
32,4,12.695655734287026
32,5,8.914015388308774
32,6,13.693688679371023
32,7,22.93920950842216
32,8,9.87060202004767
32,9,10.9606446398071
32,10,26.084086506902256
32,11,37.5839453386566
32,12,68.01975637960132
32,13,73.29033212758047
32,14,81.06019317476476
32,15,87.85864512056982
32,16,98.58551686949335
32,17,53.48874942116152
32,18,87.6397768296804
32,19,95.9975123208219
32,20,77.54261580657374
32,21,41.59845539140346
32,22,69.53048861058997
32,23,79.81841273750874
32,24,14.509463317469514
32,25,177.2672313904886
32,26,94.45329726767493
32,27,57.95066713477521
32,28,75.45589430428461
32,29,82.89607346386259
32,30,85.95563977141666
32,31,84.71101876555635
32,32,0.0
32,33,82.56837737656748
32,34,78.44561672299581
32,35,94.0760149659581
32,36,6.6188955873797335
32,37,88.20532184157277
32,38,90.24631803886288
32,39,91.13621395971346
32,40,94.23997051531813
32,41,102.89556637472776
32,42,156.2240404104321
32,43,94.43968199650374
32,44,96.54327747274618
32,45,83.96473169512228
32,46,75.28128276086417
33,0,131.5651488161754
33,1,145.0500955043085
33,2,135.34820187186347
33,3,129.9932145185133
33,4,95.07525774079699
33,5,91.44273899442673
33,6,96.1530649026122
33,7,105.22566833794284
33,8,92.11299603735957
33,9,92.6793496239982
33,10,81.03058368467694
33,11,67.6537493959825
33,12,36.653382767276916
33,13,39.96695147351729
33,14,16.693869146174034
33,15,14.713127448181586
33,16,19.286653774280264
33,17,118.00212455817841
33,18,106.75882638281065
33,19,118.33886676841692
33,20,21.42780745029354
33,21,59.054313258362825
33,22,19.908580478476647
33,23,12.756896524120398
33,24,96.14515414126198
33,25,94.79100212306128
33,26,112.1903144748795
33,27,42.46063187225173
33,28,19.207716643304817
33,29,0.6376449530693721
33,30,29.3185047459214
33,31,25.52239722786098
33,32,82.56837737656748
33,33,0.0
33,34,8.08543590397998
33,35,11.543672634249328
33,36,85.11654367728762
33,37,131.27774322426063
33,38,134.8616445583256
33,39,24.801472333159722
33,40,25.554275287167318
33,41,32.48686040191371
33,42,74.12947064433811
33,43,112.35298958960848
33,44,117.23724572503761
33,45,104.79983761455661
33,46,125.89118222486405
34,0,133.697874783524
34,1,147.9749291827879
34,2,138.5391860494142
34,3,131.73875445844487
34,4,90.63692572362173
34,5,87.35816541334681
34,6,92.13791707310533
34,7,100.58456320163279
34,8,88.21333801693147
34,9,88.97209508428787
34,10,74.38309721695707
34,11,60.3625018188009
34,12,28.57766544910829
34,13,32.09995924533682
34,14,9.881724430438346
34,15,11.479447892366794
34,16,20.444897900942312
34,17,110.48494530598941
34,18,99.06897355572532
34,19,110.86106765498263
34,20,27.46621480988531
34,21,51.71172179854433
34,22,23.30705495391309
34,23,19.277247641354506
34,24,92.51538232009227
34,25,99.27505823674588
34,26,118.31405506887899
34,27,34.54513183650431
34,28,11.232457541192153
34,29,8.723028486378714
34,30,36.61202941267937
34,31,32.763637505005896
