source_id,target_id,rtt
0,0,0.0
0,1,71.39035385300437
0,2,14.997056487642718
0,3,17.60023003792631
0,4,73.68893702024037
0,5,79.68589615682207
0,6,74.58188032054458
0,7,77.77628771590396
0,8,144.7792619775913
0,9,170.05259990460019
0,10,37.64856934840638
0,11,20.070303044784747
0,12,19.171902717983585
0,13,44.02947012918029
0,14,41.76480803571543
0,15,18.11787151748016
0,16,15.584188920493375
0,17,35.1046835912908
0,18,31.897003956648437
0,19,17.901269641683932
0,20,9.762933447312628
1,0,71.39035385300437
1,1,0.0
1,2,59.28095632711846
1,3,55.80314062973163
1,4,3.4439424426047984
1,5,9.610820789309734
1,6,3.5757785635491297
1,7,6.386972129668482
1,8,96.42667618913359
1,9,108.74917976826406
1,10,87.71497478211332
1,11,70.04459732841138
1,12,63.67911624863786
1,13,77.13507429572849
1,14,86.3205876167496
1,15,87.43431488957897
1,16,78.16727573236729
1,17,84.15764622294598
1,18,84.96471330765131
1,19,76.55185001317787
1,20,67.82319059173479
2,0,14.997056487642718
2,1,59.28095632711846
2,2,0.0
2,3,3.5096728633783174
2,4,61.970991150740126
2,5,68.25978873589811
2,6,62.18137401973272
2,7,65.60583465777785
2,8,131.1239307367939
2,9,155.56293341321688
2,10,36.58617907559393
2,11,14.799872768934502
2,12,9.157767614908998
2,13,37.01620628545981
2,14,38.842484227012726
2,15,33.08620690906016
2,16,19.356845055500838
2,17,33.141227464721
2,18,31.49420750295099
2,19,18.72602052256988
2,20,8.543087330725324
3,0,17.60023003792631
3,1,55.80314062973163
3,2,3.5096728633783174
3,3,0.0
3,4,58.476271123404025
3,5,64.758487688698
3,6,58.72567804188871
3,7,62.13629481422089
3,8,129.82611832344563
3,9,153.67228583592524
3,10,39.42871868556034
3,11,17.66831199678352
3,12,11.479149278444435
3,13,38.72460764740807
3,14,41.36543276696387
3,15,35.69941304605376
3,16,22.848593685931807
3,17,35.90934765786606
3,18,34.49952335991073
3,19,22.102038705180583
3,20,12.025922493876049
4,0,73.68893702024037
4,1,3.4439424426047984
4,2,61.970991150740126
4,3,58.476271123404025
4,4,0.0
4,5,6.407022006907455
4,6,4.312873519229884
4,7,4.793582555835806
4,8,96.46509089931212
4,9,107.5626270016998
4,10,91.02046444273603
4,11,73.07968374061123
4,12,66.65959636434269
4,13,80.56166775692797
4,14,89.69728013203056
4,15,89.33855844378688
4,16,80.99925005198865
4,17,87.44815644565676
4,18,88.18202471752294
4,19,79.48626347013807
4,20,70.50164615407488
5,0,79.68589615682207
5,1,9.610820789309734
5,2,68.25978873589811
5,3,64.758487688698
5,4,6.407022006907455
5,5,0.0
5,6,8.312173098303893
5,7,5.19640517738985
5,8,93.69057547917814
5,9,102.86994084830124
5,10,97.32432046444909
5,11,79.48518740695548
5,12,73.05818999512641
5,13,86.55924380056523
5,14,95.88022211577093
5,15,94.91989811827735
5,16,87.34842419403498
5,17,93.76844697199797
5,18,94.55678334268285
5,19,85.87243404370858
5,20,76.7780632068196
6,0,74.58188032054458
6,1,3.5757785635491297
6,2,62.18137401973272
6,3,58.72567804188871
6,4,4.312873519229884
6,5,8.312173098303893
6,6,0.0
6,7,3.6489506301500474
6,8,92.968904141958
6,9,105.19150158640383
6,10,89.54717154427789
6,11,72.49809442454497
6,12,66.22701953291076
6,13,78.39027035203551
6,14,87.88214163015371
6,15,90.81447774178115
6,16,80.88747492238706
6,17,86.0417200291331
6,18,87.04185735268887
6,19,79.14401031630211
6,20,70.72190790396486
7,0,77.77628771590396
7,1,6.386972129668482
7,2,65.60583465777785
7,3,62.13629481422089
7,4,4.793582555835806
7,5,5.19640517738985
7,6,3.6489506301500474
7,7,0.0
7,8,91.76270231090149
7,9,102.83997412480893
7,10,93.19041059769596
7,11,76.09725347887998
7,12,69.80081860667035
7,13,81.9447160979306
7,14,91.49504636810948
7,15,93.7428796983917
7,16,84.40452223265528
7,17,89.68808215170897
7,18,90.68955061486578
7,19,82.70709788625072
7,20,74.14890586940672
8,0,144.7792619775913
8,1,96.42667618913359
8,2,131.1239307367939
8,3,129.82611832344563
8,4,96.46509089931212
8,5,93.69057547917814
8,6,92.968904141958
8,7,91.76270231090149
8,8,0.0
8,9,25.91817754101103
8,10,116.74076102298133
8,11,125.82620020962095
8,12,125.61391341805366
8,13,104.36747878901657
8,14,111.1964144292556
8,15,159.465048764912
8,16,134.46800818543596
8,17,117.26138754563549
8,18,121.38692494407964
8,19,130.88968003048797
8,20,135.06585118808331
9,0,170.05259990460019
9,1,108.74917976826406
9,2,155.56293341321688
9,3,153.67228583592524
9,4,107.5626270016998
9,5,102.86994084830124
9,6,105.19150158640383
9,7,102.83997412480893
9,8,25.91817754101103
9,9,0.0
9,10,141.49235959684827
9,11,151.69869887237144
9,12,151.0779539650229
9,13,130.05342357377717
9,14,136.09582102143756
9,15,185.22635929803553
9,16,160.3387512245921
9,17,142.45274569770734
9,18,146.5275615242233
9,19,156.78039883635762
9,20,160.53827486949754
10,0,37.64856934840638
10,1,87.71497478211332
10,2,36.58617907559393
10,3,39.42871868556034
10,4,91.02046444273603
10,5,97.32432046444909
10,6,89.54717154427789
10,7,93.19041059769596
10,8,116.74076102298133
10,9,141.49235959684827
10,10,0.0
10,11,21.794947023401566
10,12,28.069565050612916
10,13,15.48105368711362
10,14,5.601367548298173
10,15,43.97440411290538
10,16,22.107610556589055
10,17,3.688047928815864
10,18,5.753022391878221
10,19,19.945830299780674
10,20,31.159726504725874
11,0,20.070303044784747
11,1,70.04459732841138
11,2,14.799872768934502
11,3,17.66831199678352
11,4,73.07968374061123
11,5,79.48518740695548
11,6,72.49809442454497
11,7,76.09725347887998
11,8,125.82620020962095
11,9,151.69869887237144
11,10,21.794947023401566
11,11,0.0
11,12,6.64826494978273
11,13,24.184950199300577
11,14,24.19892902269385
11,15,34.157738613979596
11,16,10.438364332897606
11,17,18.34345550086889
11,18,16.855113441623825
11,19,7.320621744988065
11,20,10.94075141892899
12,0,19.171902717983585
12,1,63.67911624863786
12,2,9.157767614908998
12,3,11.479149278444435
12,4,66.65959636434269
12,5,73.05818999512641
12,6,66.22701953291076
12,7,69.80081860667035
12,8,125.61391341805366
12,9,151.0779539650229
12,10,28.069565050612916
12,11,6.64826494978273
12,12,0.0
12,13,27.937193035810175
12,14,29.88801726825495
12,15,35.725310969987426
12,16,15.144463074446293
12,17,24.500843048802725
12,18,23.381220386512595
12,19,12.938096758300642
12,20,9.467968989912421
13,0,44.02947012918029
13,1,77.13507429572849
13,2,37.01620628545981
13,3,38.72460764740807
13,4,80.56166775692797
13,5,86.55924380056523
13,6,78.39027035203551
13,7,81.9447160979306
13,8,104.36747878901657
13,9,130.05342357377717
13,10,15.48105368711362
13,11,24.184950199300577
13,12,27.937193035810175
13,13,0.0
13,14,10.951938797455377
13,15,55.18328412562877
13,16,30.461931092194973
13,17,14.047344784243851
13,18,17.968328299037623
13,19,27.07085978667867
13,20,35.120385918339565
14,0,41.76480803571543
14,1,86.3205876167496
14,2,38.842484227012726
14,3,41.36543276696387
14,4,89.69728013203056
14,5,95.88022211577093
14,6,87.88214163015371
14,7,91.49504636810948
14,8,111.1964144292556
14,9,136.09582102143756
14,10,5.601367548298173
14,11,24.19892902269385
14,12,29.88801726825495
14,13,10.951938797455377
14,14,0.0
14,15,49.286702396220164
14,16,26.482589287730224
14,17,6.719301597856874
14,18,10.527224275355099
14,19,23.864718454475085
14,20,34.43126685000454
15,0,18.11787151748016
15,1,87.43431488957897
15,2,33.08620690906016
15,3,35.69941304605376
15,4,89.33855844378688
15,5,94.91989811827735
15,6,90.81447774178115
15,7,93.7428796983917
15,8,159.465048764912
15,9,185.22635929803553
15,10,43.97440411290538
15,11,34.157738613979596
15,12,35.725310969987426
15,13,55.18328412562877
15,14,49.286702396220164
15,15,0.0
15,16,25.013003163505818
15,17,42.84922379689654
15,18,38.80331147804572
15,19,28.612015817127507
15,20,26.53166602937412
16,0,15.584188920493375
16,1,78.16727573236729
16,2,19.356845055500838
16,3,22.848593685931807
16,4,80.99925005198865
16,5,87.34842419403498
16,6,80.88747492238706
16,7,84.40452223265528
16,8,134.46800818543596
16,9,160.3387512245921
16,10,22.107610556589055
16,11,10.438364332897606
16,12,15.144463074446293
16,13,30.461931092194973
16,14,26.482589287730224
16,15,25.013003163505818
16,16,0.0
16,17,19.766521550672056
16,18,16.356239094187018
16,19,3.6336910833204548
16,20,11.296030758061224
17,0,35.1046835912908
17,1,84.15764622294598
17,2,33.141227464721
17,3,35.90934765786606
17,4,87.44815644565676
17,5,93.76844697199797
17,6,86.0417200291331
17,7,89.68808215170897
17,8,117.26138754563549
17,9,142.45274569770734
17,10,3.688047928815864
17,11,18.34345550086889
17,12,24.500843048802725
17,13,14.047344784243851
17,14,6.719301597856874
17,15,42.84922379689654
17,16,19.766521550672056
17,17,0.0
17,18,4.131589746724919
17,19,17.223033444795043
17,20,28.08438623410146
18,0,31.897003956648437
18,1,84.96471330765131
18,2,31.49420750295099
18,3,34.49952335991073
18,4,88.18202471752294
18,5,94.55678334268285
18,6,87.04185735268887
18,7,90.68955061486578
18,8,121.38692494407964
18,9,146.5275615242233
18,10,5.753022391878221
18,11,16.855113441623825
18,12,23.381220386512595
18,13,17.968328299037623
18,14,10.527224275355099
18,15,38.80331147804572
18,16,16.356239094187018
18,17,4.131589746724919
18,18,0.0
18,19,14.251268995048516
18,20,25.6131805757419
19,0,17.901269641683932
19,1,76.55185001317787
19,2,18.72602052256988
19,3,22.102038705180583
19,4,79.48626347013807
19,5,85.87243404370858
19,6,79.14401031630211
19,7,82.70709788625072
19,8,130.88968003048797
19,9,156.78039883635762
19,10,19.945830299780674
19,11,7.320621744988065
19,12,12.938096758300642
19,13,27.07085978667867
19,14,23.864718454475085
19,15,28.612015817127507
19,16,3.6336910833204548
19,17,17.223033444795043
19,18,14.251268995048516
19,19,0.0
19,20,11.609877544360785
20,0,9.762933447312628
20,1,67.82319059173479
20,2,8.543087330725324
20,3,12.025922493876049
20,4,70.50164615407488
20,5,76.7780632068196
20,6,70.72190790396486
20,7,74.14890586940672
20,8,135.06585118808331
20,9,160.53827486949754
20,10,31.159726504725874
20,11,10.94075141892899
20,12,9.467968989912421
20,13,35.120385918339565
20,14,34.43126685000454
20,15,26.53166602937412
20,16,11.296030758061224
20,17,28.08438623410146
20,18,25.6131805757419
20,19,11.609877544360785
20,20,0.0
