source_id,target_id,rtt
0,0,0.0
0,1,0.3753086150070538
0,2,0.8406964769164987
0,3,0.3254143949800439
0,4,1.3167772826491972
0,5,1.2225237625586522
0,6,0.6746727050171774
0,7,0.9502261577884465
0,8,1.474815266951182
0,9,1.4047615557698343
0,10,1.6039800541099285
0,11,1.6489952278086322
0,12,0.30000167487749435
0,13,1.029521193947236
0,14,1.2831633269417855
0,15,2.349166251791319
0,16,2.1403425531403926
0,17,2.5983534338187586
0,18,1.9809454745701884
0,19,2.27412270157671
0,20,2.494595760383536
0,21,1.8063244035195807
0,22,3.0278068299949297
0,23,2.7968873111818082
0,24,3.165904878831605
0,25,1.3220110891951622
0,26,1.4122574580647074
0,27,0.8287051512717041
0,28,1.5814793681726587
0,29,1.5548216553497254
0,30,0.9451610774061048
0,31,1.5603064421884156
0,32,1.679326148791894
0,33,2.146963531256615
0,34,1.253431188141227
0,35,2.4013381884055622
0,36,1.4148065526648053
0,37,1.6502297902957024
0,38,1.7627993465266132
0,39,1.7941028154267078
0,40,1.698604160326578
0,41,2.3647531387486933
0,42,3.134854629199692
0,43,1.964292639568012
0,44,2.930600784352373
1,0,0.3753086150070538
1,1,0.0
1,2,1.0114684795193032
1,3,0.5682396279878947
1,4,0.9495981644161264
1,5,0.8532600493905985
1,6,0.31363488534963935
1,7,0.5785676044415698
1,8,1.1111800606569378
1,9,1.076687267105452
1,10,1.9330652921715945
1,11,2.0238381568329853
1,12,0.6732100101374296
1,13,1.3774000092673095
1,14,1.52655501211534
1,15,2.5057229375586454
1,16,2.3882331185602252
1,17,2.8567814118015105
1,18,2.287014973459701
1,19,2.591652142325233
1,20,2.8260389216267097
1,21,2.1812792982702525
1,22,3.3549420062466755
1,23,3.118226396671749
1,24,3.5098819115895745
1,25,1.6669723277921475
1,26,1.7287329143539532
1,27,1.0395960248053617
1,28,1.6080976820530057
1,29,1.3344892074250034
1,30,0.7224775343320433
1,31,1.8377940815481661
1,32,1.9187832369793827
1,33,2.3865047311725034
1,34,1.474707505117472
1,35,2.482763080341341
1,36,1.5164972538727748
1,37,1.3951928271200529
1,38,1.4459146009058341
1,39,1.433100436993201
1,40,1.3388457540205942
1,41,2.0893738652711886
1,42,2.867361718135969
1,43,1.8002827037510256
1,44,2.8784000893911403
2,0,0.8406964769164987
2,1,1.0114684795193032
2,2,0.0
2,3,0.5156123673250148
2,4,1.8493860059367178
2,5,1.572144183426582
2,6,1.1270367012715636
2,7,1.372854203947257
2,8,1.7446401839006256
2,9,1.520759311064659
2,10,1.129933464430591
2,11,1.584041806730894
2,12,0.8572582932251412
2,13,0.7825650970819481
2,14,0.5508292170120648
2,15,1.5123535135884876
2,16,1.3928565685667722
2,17,1.8657274677303795
2,18,1.3849578823054673
2,19,1.7074269761970724
2,20,1.9769569344678004
2,21,1.8069568313100604
2,22,2.4778089883907097
2,23,2.229408733607323
2,24,2.6896288306508738
2,25,1.6861983306380852
2,26,1.8770846603304752
2,27,1.567936052310766
2,28,2.407089604666105
2,29,2.341215842777795
2,30,1.7249123599591607
2,31,2.116131332979134
2,32,2.3028417622673922
2,33,2.745186537045217
2,34,1.9370325839421902
2,35,1.5730192370332785
2,36,0.5921549931061426
2,37,2.4066495733582243
2,38,2.431878773207882
2,39,2.333795896535085
2,40,1.9148697805197061
2,41,2.171388794832943
2,42,2.8684193948302292
2,43,1.5219969207315507
2,44,2.221667006973109
3,0,0.3254143949800439
3,1,0.5682396279878947
3,2,0.5156123673250148
3,3,0.0
3,4,1.4986171606048857
3,5,1.3163828115049958
3,6,0.7863713592742896
3,7,1.0661688667848428
3,8,1.5418902725120585
3,9,1.4032115517733217
3,10,1.3708595824864493
3,11,1.5603676078512887
3,12,0.40635481903893694
3,13,0.8376677116028578
3,14,0.9748097492750711
3,15,2.0240820605594414
3,16,1.8368166772371555
3,17,2.300894197806354
3,18,1.718795910089843
3,19,2.024432096512365
3,20,2.2628357893172177
3,21,1.7481095602770684
3,22,2.7895440488336103
3,23,2.5514244621230793
3,24,2.9532828737151156
3,25,1.4050423245280819
3,26,1.545326114162763
3,27,1.0919357540755115
3,28,1.8970982159403054
3,29,1.8575799025272977
3,30,1.2418079394998296
3,31,1.7397505061156282
3,32,1.8929271348497256
3,33,2.3527065550605477
3,34,1.4922197117220444
3,35,2.0816005657897327
3,36,1.09535412410143
3,37,1.9397744894620186
3,38,2.0135089249453184
3,39,1.9871309210883705
3,40,1.7490192794927502
3,41,2.2660763379507554
3,42,3.0175963595484845
3,43,1.768474340565532
3,44,2.653174347672316
4,0,1.3167772826491972
4,1,0.9495981644161264
4,2,1.8493860059367178
4,3,1.4986171606048857
4,4,0.0
4,5,0.4229367142813875
4,6,0.7265775594378734
4,7,0.48530219935931873
4,8,0.5665389515532087
4,9,0.8272945858042241
4,10,2.869087654772828
4,11,2.9603772465865252
4,12,1.6031080151810873
4,13,2.3250277298883524
4,14,2.3971238752071016
4,15,3.226222853678032
4,16,3.2387560596786655
4,17,3.712252087946219
4,18,3.2019582073112423
4,19,3.5147832279659834
4,20,3.7599686355793867
4,21,3.103957770118179
4,22,4.28361058054854
4,23,4.042344651478637
4,24,4.45178936972625
4,25,2.5072096256305327
4,26,2.507454116245428
4,27,1.716016581695138
4,28,1.8194921674357991
4,29,0.964070353801832
4,30,0.745297533076877
4,31,2.5322957899810774
4,32,2.5309504146350488
4,33,2.9669258037215545
4,34,2.097249739686018
4,35,3.080037056216664
4,36,2.219429417146712
4,37,0.8803272969258511
4,38,0.6692232622346607
4,39,0.48935554295596995
4,40,0.7462829789161457
4,41,1.8166449084926533
4,42,2.549640216429898
4,43,1.9371048876133552
4,44,3.18050672593619
5,0,1.2225237625586522
5,1,0.8532600493905985
5,2,1.572144183426582
5,3,1.3163828115049958
5,4,0.4229367142813875
5,5,0.0
5,6,0.5488430756321104
5,7,0.27587834065347333
5,8,0.2676325982101465
5,9,0.4179922486474116
5,10,2.655948471770295
5,11,2.8567761260682465
5,12,1.5225157926936814
5,13,2.1528739226637184
5,14,2.122061080960109
5,15,2.86432668041199
5,16,2.935825507643923
5,17,3.4077027639996587
5,18,2.953522125241292
5,19,3.273642543670595
5,20,3.534023693521978
5,21,3.0250478742047577
5,22,4.045191152854295
5,23,3.798520407352324
5,24,4.239487490928452
5,25,2.5145073176604473
5,26,2.5579129315274587
5,27,1.8091176478897248
5,28,2.095644043109838
5,29,1.3531236459700147
5,30,0.9882957904328529
5,31,2.6319931615177956
5,32,2.6718536277205387
5,33,3.1277038785516047
5,34,2.2258756247176157
5,35,2.6870612730261274
5,36,1.8686490760651837
5,37,1.2910941669477525
5,38,1.088499140494419
5,39,0.8167952878297893
5,40,0.49983041753998064
5,41,1.4601053935522843
5,42,2.220339434495602
5,43,1.5151484633340522
5,44,2.757623911342907
6,0,0.6746727050171774
6,1,0.31363488534963935
6,2,1.1270367012715636
6,3,0.7863713592742896
6,4,0.7265775594378734
6,5,0.5488430756321104
6,6,0.0
6,7,0.28243835917887006
6,8,0.8007096408913335
6,9,0.7699172388231275
6,10,2.150403881597975
6,11,2.30974930716155
6,12,0.9745965802588565
6,13,1.6229756712814432
6,14,1.6722080849671839
6,15,2.5530928473437857
6,16,2.5194082922906205
6,17,2.9925573052867462
6,18,2.47606948855679
6,19,2.790061185092328
6,20,3.038712161085059
6,21,2.4762934427694354
6,22,3.559861929266597
6,23,3.3175150325523424
6,24,3.73537152507698
6,25,1.9802576256238178
6,26,2.0411261492586013
6,27,1.333483174566892
6,28,1.8032917303613507
6,29,1.3374338655599816
6,30,0.7790638716136482
6,31,2.1425689349508246
6,32,2.2119227964133805
6,33,2.677401149993152
6,34,1.7653294949044236
6,35,2.466106119691173
6,36,1.5444007973426592
6,37,1.3543664857832363
6,38,1.3155687923675232
6,39,1.2150933650677487
6,40,1.0266206822668011
6,41,1.80416551561647
6,42,2.5831404849376964
6,43,1.5979156616989898
6,44,2.7463060018447316
7,0,0.9502261577884465
7,1,0.5785676044415698
7,2,1.372854203947257
7,3,1.0661688667848428
7,4,0.48530219935931873
7,5,0.27587834065347333
7,6,0.28243835917887006
7,7,0.0
7,8,0.5398272313664362
7,9,0.5915448400072465
7,10,2.4241357988615566
7,11,2.591128083587498
7,12,1.2499421607774464
7,13,1.9036208452498067
7,14,1.9229016266635557
7,15,2.7433986954721723
7,16,2.757795706580299
7,17,3.2312532852328912
7,18,2.7398199470132556
7,19,3.0564672607261953
7,20,3.3095533317029537
7,21,2.7553922403612816
7,22,3.8274327848302554
7,23,3.5833553144166586
7,24,4.009486956699689
7,25,2.2386788962774067
7,26,2.2842065284197286
7,27,1.543664147542673
7,28,1.8944089556226995
7,29,1.2659438716431675
7,30,0.8011781069993924
7,31,2.3644508106292315
7,32,2.4126960953079073
7,33,2.8722049808242516
7,34,1.9656690028418753
7,35,2.6125529180878324
7,36,1.735437890295481
7,37,1.2431037921856707
7,38,1.1281314697550084
7,39,0.9619207736638942
7,40,0.771228944724067
7,41,1.6560006923547534
7,42,2.429271455432993
7,43,1.5828419354500534
7,44,2.789525655193829
8,0,1.474815266951182
8,1,1.1111800606569378
8,2,1.7446401839006256
8,3,1.5418902725120585
8,4,0.5665389515532087
8,5,0.2676325982101465
8,6,0.8007096408913335
8,7,0.5398272313664362
8,8,0.0
8,9,0.3258130225883374
8,10,2.8529090957604777
8,11,3.0951460870889136
8,12,1.7744037229108456
8,13,2.3718099787741487
8,14,2.287880119249088
8,15,2.945627972073666
8,16,3.074207970731002
8,17,3.542090495585004
8,18,3.1293560314726623
8,19,3.4520625073422866
8,20,3.7198177592791675
8,21,3.269599780573525
8,22,4.222150637792323
8,23,3.9731627654796866
8,24,4.430135049941771
8,25,2.7765617376219285
8,26,2.8239616120285636
8,27,2.0766979044919784
8,28,2.336950051014735
8,29,1.5305621898138548
8,30,1.2314776898206239
8,31,2.8996257473387703
8,32,2.9382997374560382
8,33,3.393032630936878
8,34,2.492656677996846
8,35,2.7242394928117193
8,36,1.9733165607424057
8,37,1.4416913331318715
8,38,1.1746792963688582
8,39,0.8119801755165185
8,40,0.2322179562308785
8,41,1.250648136056513
8,42,1.992259280426424
8,43,1.4339830814918626
8,44,2.6908641856198363
9,0,1.4047615557698343
9,1,1.076687267105452
9,2,1.520759311064659
9,3,1.4032115517733217
9,4,0.8272945858042241
9,5,0.4179922486474116
9,6,0.7699172388231275
9,7,0.5915448400072465
9,8,0.3258130225883374
9,9,0.0
9,10,2.647046896208742
9,11,2.962001306780545
9,12,1.6951687269851348
9,13,2.205129879229806
9,14,2.0488506096104246
9,15,2.6400585933796115
9,16,2.804173311609993
9,17,3.2671963848575256
9,18,2.8951856766535027
9,19,3.219289831762975
9,20,3.494719043330451
9,21,3.151124708693911
9,22,3.9850184695363366
9,23,3.7341976213384585
9,24,4.2088049463134345
9,25,2.7266403244812025
9,26,2.803295667018692
9,27,2.1023798945973984
9,28,2.4832333102883357
9,29,1.771022725510562
9,30,1.381798082681583
9,31,2.912262109881615
9,32,2.9795801975507965
9,33,3.4435585655486296
9,34,2.5324526543873906
9,35,2.403792528615541
9,36,1.685495908132891
9,37,1.7049001776774921
9,38,1.4742515689039029
9,39,1.1346366901920242
9,40,0.4067666097283465
9,41,1.0648345062721019
9,42,1.8378575719916244
9,43,1.1199807137312805
9,44,2.374115809412988
10,0,1.6039800541099285
10,1,1.9330652921715945
10,2,1.129933464430591
10,3,1.3708595824864493
10,4,2.869087654772828
10,5,2.655948471770295
10,6,2.150403881597975
10,7,2.4241357988615566
10,8,2.8529090957604777
10,9,2.647046896208742
10,10,0.0
10,11,0.8058807734994382
10,12,1.391182572264095
10,13,0.5906765111989017
10,14,0.6745494783846798
10,15,1.4569107962934698
10,16,0.8504663807402305
10,17,1.1742684958045195
10,18,0.4289054711300834
10,19,0.6768088034877223
10,20,0.8930114920041041
10,21,1.0307019945264166
10,22,1.4241308184687531
10,23,1.19377146724461
10,24,1.5853521786803035
10,25,1.4403482351570118
10,26,1.6986435602619627
10,27,1.9026050138872648
10,28,2.819179593865183
10,29,3.126431770508396
10,30,2.536169761957655
10,31,2.00406444495274
10,32,2.2592523642170637
10,33,2.586333894459023
10,34,2.075536290292167
10,35,1.8402277090415136
10,36,1.27949824207813
10,37,3.240825875557377
10,38,3.365746437415747
10,39,3.357882209204379
10,40,3.0351260243755376
10,41,3.2527540594189377
10,42,3.897172287649794
10,43,2.5170737570077026
10,44,2.8140157847604437
11,0,1.6489952278086322
11,1,2.0238381568329853
11,2,1.584041806730894
11,3,1.5603676078512887
11,4,2.9603772465865252
11,5,2.8567761260682465
11,6,2.30974930716155
11,7,2.591128083587498
11,8,3.0951460870889136
11,9,2.962001306780545
11,10,0.8058807734994382
11,11,0.0
11,12,1.3573299273531956
11,13,0.8015660142883317
11,14,1.3380613532689078
11,15,2.2627017395363183
11,16,1.6384092807145245
11,17,1.8825340877826835
11,18,1.142956588458821
11,19,1.2227164364731762
11,20,1.2636531572517395
11,21,0.23719852564082378
11,22,1.7492540794404867
11,23,1.594697956900082
11,24,1.7444712045874566
11,25,0.8170786580600391
11,26,1.0597082526595023
11,27,1.5597838927223107
11,28,2.3984343535004844
11,29,2.959401369755394
11,30,2.4450929066235094
11,31,1.3570247709984868
11,32,1.6209760260721322
11,33,1.87029698003244
11,34,1.5678357815947719
11,35,2.6315235723902948
11,36,1.9431897346016587
11,37,3.1095279063006718
11,38,3.3257241081043256
11,39,3.4273359643585963
11,40,3.3072793838638317
11,41,3.7463519803375402
11,42,4.452460343863295
11,43,3.0978871890029467
11,44,3.5680964530805137
12,0,0.30000167487749435
12,1,0.6732100101374296
12,2,0.8572582932251412
12,3,0.40635481903893694
12,4,1.6031080151810873
12,5,1.5225157926936814
12,6,0.9745965802588565
12,7,1.2499421607774464
12,8,1.7744037229108456
12,9,1.6951687269851348
12,10,1.391182572264095
12,11,1.3573299273531956
12,12,0.0
12,13,0.8015715701755124
12,14,1.1867740559714977
12,15,2.3083360498775587
12,16,2.014163619679482
12,17,2.4549981353784167
12,18,1.7919111315237137
12,19,2.0678405909547877
12,20,2.269436302109363
12,21,1.508537118917957
12,22,2.805138890919944
12,23,2.582268019936907
12,24,2.921998200715103
12,25,1.039064719336486
12,26,1.1539231252451079
12,27,0.710722344309549
12,28,1.5764981245528984
12,29,1.7352496649075253
12,30,1.1513341426922101
12,31,1.3355191340636032
12,32,1.4867897394991663
12,33,1.94640405432689
12,34,1.0919039057383213
12,35,2.424683095701442
12,36,1.4492335044557871
12,37,1.8526431364670328
12,38,2.007531100023931
12,39,2.073149642344973
12,40,1.9974128330155962
12,41,2.62761549750791
12,42,3.3904262627468706
12,43,2.1694978371696596
12,44,3.04976895146185
13,0,1.029521193947236
13,1,1.3774000092673095
13,2,0.7825650970819481
13,3,0.8376677116028578
13,4,2.3250277298883524
13,5,2.1528739226637184
13,6,1.6229756712814432
13,7,1.9036208452498067
13,8,2.3718099787741487
13,9,2.205129879229806
13,10,0.5906765111989017
13,11,0.8015660142883317
13,12,0.8015715701755124
13,13,0.0
13,14,0.6468190728337698
13,15,1.7563846999438646
13,16,1.3046735422846825
13,17,1.706938578018121
13,18,1.0025890888928384
13,19,1.2674231872768318
13,20,1.4699075456177062
13,21,1.025345187304269
13,22,2.0051112317246265
13,23,1.780739941269753
13,24,2.1365240530354423
13,25,1.0619600988466213
13,26,1.3010450782226306
13,27,1.3401878723819316
13,28,2.260200352078348
13,29,2.5365318921972118
13,30,1.9501304842444664
13,31,1.5892515187986194
13,32,1.8240386501423311
13,33,2.209951966046736
13,34,1.5685266654472183
13,35,2.0174981790425623
13,36,1.193457685219615
13,37,2.653419655023141
13,38,2.791248447165479
13,39,2.810373208373895
13,40,2.5713384441359617
13,41,2.947351527215674
13,42,3.6509398960455126
13,43,2.2999101175988264
13,44,2.8608473506706407
14,0,1.2831633269417855
14,1,1.52655501211534
14,2,0.5508292170120648
14,3,0.9748097492750711
14,4,2.3971238752071016
14,5,2.122061080960109
14,6,1.6722080849671839
14,7,1.9229016266635557
14,8,2.287880119249088
14,9,2.0488506096104246
14,10,0.6745494783846798
14,11,1.3380613532689078
14,12,1.1867740559714977
14,13,0.6468190728337698
14,14,0.0
14,15,1.1442405470389925
14,16,0.8626373194348277
14,17,1.330265181266558
14,18,0.84653174951757
14,19,1.170724514299859
14,20,1.4501348722398102
14,21,1.575147840866693
14,22,1.9367357834862895
14,23,1.6865558891678074
14,24,2.1654003926211334
14,25,1.7076222554039955
14,26,1.9423233777157731
14,27,1.8573309579201969
14,28,2.757471527526411
14,29,2.832039001110563
14,30,2.216596278212202
14,31,2.2236427492658866
14,32,2.4489184246516165
14,33,2.849475695231512
14,34,2.1536848940770796
14,35,1.3710303834384099
14,36,0.6158568735938726
14,37,2.9134479169918803
14,38,2.9656262868289662
14,39,2.8829267683466617
14,40,2.449338182316546
14,41,2.5841201431433576
14,42,3.222633059183236
14,43,1.8426534222238145
14,44,2.2374871836019157
15,0,2.349166251791319
15,1,2.5057229375586454
15,2,1.5123535135884876
15,3,2.0240820605594414
15,4,3.226222853678032
15,5,2.86432668041199
15,6,2.5530928473437857
15,7,2.7433986954721723
15,8,2.945627972073666
15,9,2.6400585933796115
15,10,1.4569107962934698
15,11,2.2627017395363183
15,12,2.3083360498775587
15,13,1.7563846999438646
15,14,1.1442405470389925
15,15,0.0
15,16,0.6988601956176252
15,17,0.8944354241547776
15,18,1.2118639189816665
15,19,1.3836149794802945
15,20,1.6422654023152292
15,21,2.486361238095255
15,22,1.880243839472622
15,23,1.6622895163129814
15,24,2.2220039393115214
15,25,2.806759650631093
15,26,3.0534775107687278
15,27,2.9964394523050517
15,28,3.8848163581839987
15,29,3.8400667158868402
15,30,3.2271752121388237
15,31,3.3452522971975127
15,32,3.5796869374345257
15,33,3.962176746198855
15,34,3.2973441448099834
15,35,0.5141699424732754
15,36,1.0096186755331744
15,37,3.8904294813249782
15,38,3.863414983644606
15,39,3.679001122998554
15,40,3.037369028614851
15,41,2.7352043168613105
15,42,3.152496236071453
15,43,1.9057620401235411
15,44,1.5669462929078921
16,0,2.1403425531403926
16,1,2.3882331185602252
16,2,1.3928565685667722
16,3,1.8368166772371555
16,4,3.2387560596786655
16,5,2.935825507643923
16,6,2.5194082922906205
16,7,2.757795706580299
16,8,3.074207970731002
16,9,2.804173311609993
16,10,0.8504663807402305
16,11,1.6384092807145245
16,12,2.014163619679482
16,13,1.3046735422846825
16,14,0.8626373194348277
16,15,0.6988601956176252
16,16,0.0
16,17,0.47350457295525694
16,18,0.5245021125846927
16,19,0.6909608940533241
16,20,0.9646264580218549
16,21,1.8480283738172782
16,22,1.2928333096039875
16,23,1.0502793664426866
16,24,1.6046011616249867
16,25,2.281387246430218
16,26,2.5379823714040044
16,27,2.6363414370324496
16,28,3.553800534476646
16,29,3.6928555325257357
16,30,3.0782088537557684
16,31,2.8411259537232323
16,32,3.0913901826023547
16,33,3.4332952895256064
16,34,2.869915449686683
16,35,1.1823788783347036
16,36,1.1372940508635814
16,37,3.776028226902012
16,38,3.823040169540154
16,39,3.7196085321417196
16,40,3.2108796214088344
16,41,3.134867028830464
16,42,3.656706764797227
16,43,2.317867252412292
16,44,2.233659568664229
17,0,2.5983534338187586
17,1,2.8567814118015105
17,2,1.8657274677303795
17,3,2.300894197806354
17,4,3.712252087946219
17,5,3.4077027639996587
17,6,2.9925573052867462
17,7,3.2312532852328912
17,8,3.542090495585004
17,9,3.2671963848575256
17,10,1.1742684958045195
17,11,1.8825340877826835
17,12,2.4549981353784167
17,13,1.706938578018121
17,14,1.330265181266558
17,15,0.8944354241547776
17,16,0.47350457295525694
17,17,0.0
17,18,0.7556325592489703
17,19,0.7034449607997113
17,20,0.8672079674356045
17,21,2.062221648846109
17,22,0.9927207813547185
17,23,0.792780865756093
17,24,1.3430854737926858
17,25,2.6063791894094983
17,26,2.8651860718828237
17,27,3.0471080036818496
17,28,3.9671314321524203
17,29,4.152967871267129
17,30,3.5401698245078563
17,31,3.1715437310244665
17,32,3.42936879685013
17,33,3.73683281061833
17,34,3.247095391392033
17,35,1.4070862433293678
17,36,1.588281269375344
17,37,4.240602623624887
17,38,4.294470830536082
17,39,4.193031167090754
17,40,3.6739258927763894
17,41,3.54251132153495
17,42,4.018458072703015
17,43,2.715729176757675
17,44,2.451434978350647
18,0,1.9809454745701884
18,1,2.287014973459701
18,2,1.3849578823054673
18,3,1.718795910089843
18,4,3.2019582073112423
18,5,2.953522125241292
18,6,2.47606948855679
18,7,2.7398199470132556
18,8,3.1293560314726623
18,9,2.8951856766535027
18,10,0.4289054711300834
18,11,1.142956588458821
18,12,1.7919111315237137
18,13,1.0025890888928384
18,14,0.84653174951757
18,15,1.2118639189816665
18,16,0.5245021125846927
18,17,0.7556325592489703
18,18,0.0
18,19,0.32419917399370624
18,20,0.6092357058631152
18,21,1.340017432215105
18,22,1.0928523547055784
18,23,0.845011069385656
18,24,1.3228829877867128
18,25,1.8508123988177967
18,26,2.109613580404758
18,27,2.3293390349004364
18,28,3.2469810689124636
18,29,3.5229287130899074
18,30,2.923273492505127
18,31,2.4160034230236374
18,32,2.6741968656132555
18,33,2.9833972762786756
18,34,2.5029971840444327
18,35,1.6670254846456296
18,36,1.353643386419953
18,37,3.629178429631597
18,38,3.7311362481601416
18,39,3.6910153568615915
18,40,3.294833027256502
18,41,3.385512150786664
18,42,3.9753826062151276
18,43,2.6025749919330297
18,44,2.6990990406976594
19,0,2.27412270157671
19,1,2.591652142325233
19,2,1.7074269761970724
19,3,2.024432096512365
19,4,3.5147832279659834
19,5,3.273642543670595
19,6,2.790061185092328
19,7,3.0564672607261953
19,8,3.4520625073422866
19,9,3.219289831762975
19,10,0.6768088034877223
19,11,1.2227164364731762
19,12,2.0678405909547877
19,13,1.2674231872768318
19,14,1.170724514299859
19,15,1.3836149794802945
19,16,0.6909608940533241
19,17,0.7034449607997113
19,18,0.32419917399370624
19,19,0.0
19,20,0.2949681508318434
19,21,1.3806554782033176
19,22,0.7715756670917652
19,23,0.5275707517085604
19,24,1.0016321823703789
19,25,1.9979800860692263
19,26,2.2539240278780324
19,27,2.5600589249506585
19,28,3.469327988579919
19,29,3.8030474610196974
19,30,3.2108140187487777
19,31,2.558827901683687
19,32,2.8215241318493267
19,33,3.092804332913258
19,34,2.693945734807387
19,35,1.8733369406585645
19,36,1.6644668047645417
19,37,3.9160440770628187
19,38,4.032033422792784
19,39,4.004107276078146
19,40,3.6186622050559976
19,41,3.698360821146984
19,42,4.273871425172073
19,43,2.9070911884790296
19,44,2.9235277070012993
20,0,2.494595760383536
20,1,2.8260389216267097
20,2,1.9769569344678004
20,3,2.2628357893172177
20,4,3.7599686355793867
20,5,3.534023693521978
20,6,3.038712161085059
20,7,3.3095533317029537
20,8,3.7198177592791675
20,9,3.494719043330451
20,10,0.8930114920041041
20,11,1.2636531572517395
20,12,2.269436302109363
20,13,1.4699075456177062
20,14,1.4501348722398102
20,15,1.6422654023152292
20,16,0.9646264580218549
20,17,0.8672079674356045
20,18,0.6092357058631152
20,19,0.2949681508318434
20,20,0.0
20,21,1.3780711345369283
20,22,0.5358495132292369
20,23,0.33437862846221905
20,24,0.7152702347207207
20,25,2.0728346630667343
20,26,2.3214411461887723
20,27,2.708501372738876
20,28,3.602579584647471
20,29,4.000708512208748
20,30,3.419779394644974
20,31,2.6205521649372874
20,32,2.884528842979816
20,33,3.1170523509482573
20,34,2.800812357424748
20,35,2.142426530771939
20,36,1.9581835762193873
20,37,4.122070695850341
20,38,4.257247426803905
20,39,4.249087991508023
20,40,3.8915348696194623
20,41,3.9918111546341
20,42,4.56874061293381
20,43,3.201950523810764
20,44,3.196608837256172
21,0,1.8063244035195807
21,1,2.1812792982702525
21,2,1.8069568313100604
21,3,1.7481095602770684
21,4,3.103957770118179
21,5,3.0250478742047577
21,6,2.4762934427694354
21,7,2.7553922403612816
21,8,3.269599780573525
21,9,3.151124708693911
21,10,1.0307019945264166
21,11,0.23719852564082378
21,12,1.508537118917957
21,13,1.025345187304269
21,14,1.575147840866693
21,15,2.486361238095255
21,16,1.8480283738172782
21,17,2.062221648846109
21,18,1.340017432215105
21,19,1.3806554782033176
21,20,1.3780711345369283
21,21,0.0
21,22,1.8269469839958314
21,23,1.699030751446713
21,24,1.7755435508668043
21,25,0.7937808674220962
21,26,1.005489026047501
21,27,1.6130534867078923
21,28,2.399973857329284
21,29,3.03605125298874
21,30,2.5506317867653276
21,31,1.2826342185901054
21,32,1.5427514372181
21,33,1.740177258924673
21,34,1.5558073671241663
21,35,2.8639578491959576
21,36,2.179238016212869
21,37,3.19463121902553
21,38,3.4333944750322845
21,39,3.5614536457904493
21,40,3.4860383992185646
21,41,3.9607872512464892
21,42,4.6740326785733854
21,43,3.325065753867919
21,44,3.805014796994249
22,0,3.0278068299949297
22,1,3.3549420062466755
22,2,2.4778089883907097
22,3,2.7895440488336103
22,4,4.28361058054854
22,5,4.045191152854295
22,6,3.559861929266597
22,7,3.8274327848302554
22,8,4.222150637792323
22,9,3.9850184695363366
22,10,1.4241308184687531
22,11,1.7492540794404867
22,12,2.805138890919944
22,13,2.0051112317246265
22,14,1.9367357834862895
22,15,1.880243839472622
22,16,1.2928333096039875
22,17,0.9927207813547185
22,18,1.0928523547055784
22,19,0.7715756670917652
22,20,0.5358495132292369
22,21,1.8269469839958314
22,22,0.0
22,23,0.2521359000870787
22,24,0.3593341236658456
22,25,2.566145562860404
22,26,2.8073030898255604
22,27,3.235427231796379
22,28,4.1215640427308475
22,29,4.536518386184089
22,30,3.9551969190688085
22,31,3.0995276332920803
22,32,3.362481181456497
22,33,3.55971467299172
22,34,3.308539659500143
22,35,2.394405867115129
22,36,2.3899516646820107
22,37,4.6577816386236
22,38,4.789874339032007
22,39,4.7729613328894045
22,40,4.386071840004641
22,41,4.415732659653579
22,42,4.949498167313066
22,43,3.6059964695585456
22,44,3.4431880043219967
23,0,2.7968873111818082
23,1,3.118226396671749
23,2,2.229408733607323
23,3,2.5514244621230793
23,4,4.042344651478637
23,5,3.798520407352324
23,6,3.3175150325523424
23,7,3.5833553144166586
23,8,3.9731627654796866
23,9,3.7341976213384585
23,10,1.19377146724461
23,11,1.594697956900082
23,12,2.582268019936907
23,13,1.780739941269753
23,14,1.6865558891678074
23,15,1.6622895163129814
23,16,1.0502793664426866
23,17,0.792780865756093
23,18,0.845011069385656
23,19,0.5275707517085604
23,20,0.33437862846221905
23,21,1.699030751446713
23,22,0.2521359000870787
23,23,0.0
23,24,0.5607126585924442
23,25,2.4060775496496523
23,26,2.6536590034263456
23,27,3.0390680631223623
23,28,3.935701262697468
23,29,4.316639243581812
23,30,3.729641962338024
23,31,2.9516551261539234
23,32,3.215566201366756
23,33,3.439194847822946
23,34,3.1351866641557695
23,35,2.1756180567267265
23,36,2.1386700471284064
23,37,4.43383510030727
23,38,4.556957415983189
23,39,4.53166363458246
23,40,4.1357074402329586
23,41,4.165990811633996
23,42,4.705976982472776
23,43,3.3582458804185302
23,44,3.2289827581911785
24,0,3.165904878831605
24,1,3.5098819115895745
24,2,2.6896288306508738
24,3,2.9532828737151156
24,4,4.45178936972625
24,5,4.239487490928452
24,6,3.73537152507698
24,7,4.009486956699689
24,8,4.430135049941771
24,9,4.2088049463134345
24,10,1.5853521786803035
24,11,1.7444712045874566
24,12,2.921998200715103
24,13,2.1365240530354423
24,14,2.1654003926211334
24,15,2.2220039393115214
24,16,1.6046011616249867
24,17,1.3430854737926858
24,18,1.3228829877867128
24,19,1.0016321823703789
24,20,0.7152702347207207
24,21,1.7755435508668043
24,22,0.3593341236658456
24,23,0.5607126585924442
24,24,0.0
24,25,2.5525278742919584
24,26,2.7789344659542103
24,27,3.284840955238173
24,28,4.142676538146504
24,29,4.634661552475747
24,30,4.07169899579748
24,31,3.0577363806943176
24,32,3.3164731604002653
24,33,3.4688952864619416
24,34,3.3107072100336885
24,35,2.73569166073516
24,36,2.662723656176703
24,37,4.766751989734846
24,38,4.925849069980306
24,39,4.939822463478726
24,40,4.604496528458274
24,41,4.696175667064996
24,42,5.25396208398718
24,43,3.8972782141267266
24,44,3.788122055348358
25,0,1.3220110891951622
25,1,1.6669723277921475
25,2,1.6861983306380852
25,3,1.4050423245280819
25,4,2.5072096256305327
25,5,2.5145073176604473
25,6,1.9802576256238178
25,7,2.2386788962774067
25,8,2.7765617376219285
25,9,2.7266403244812025
25,10,1.4403482351570118
25,11,0.8170786580600391
25,12,1.039064719336486
25,13,1.0619600988466213
25,14,1.7076222554039955
25,15,2.806759650631093
25,16,2.281387246430218
25,17,2.6063791894094983
25,18,1.8508123988177967
25,19,1.9979800860692263
25,20,2.0728346630667343
25,21,0.7937808674220962
25,22,2.566145562860404
25,23,2.4060775496496523
25,24,2.5525278742919584
25,25,0.0
25,26,0.25880816794807254
25,27,0.8661441462906951
25,28,1.6062154139761566
25,29,2.295015841190768
25,30,1.8696575270837288
25,31,0.5652109717364042
25,32,0.8250965706885041
25,33,1.1571675477925893
25,34,0.7625106872832728
25,35,3.0786330434733062
25,36,2.2105740101334654
25,37,2.4647741908407546
25,38,2.741494773797284
25,39,2.9293393519985136
25,40,3.0054483205288034
25,41,3.663615952939627
25,42,4.421287289652027
25,43,3.157524690880786
25,44,3.884743992761218
26,0,1.4122574580647074
26,1,1.7287329143539532
26,2,1.8770846603304752
26,3,1.545326114162763
26,4,2.507454116245428
26,5,2.5579129315274587
26,6,2.0411261492586013
26,7,2.2842065284197286
26,8,2.8239616120285636
26,9,2.803295667018692
26,10,1.6986435602619627
26,11,1.0597082526595023
26,12,1.1539231252451079
26,13,1.3010450782226306
26,14,1.9423233777157731
26,15,3.0534775107687278
26,16,2.5379823714040044
26,17,2.8651860718828237
26,18,2.109613580404758
26,19,2.2539240278780324
26,20,2.3214411461887723
26,21,1.005489026047501
26,22,2.8073030898255604
26,23,2.6536590034263456
26,24,2.7789344659542103
26,25,0.25880816794807254
26,26,0.0
26,27,0.8034886381717403
26,28,1.420070743012176
26,29,2.195977613466667
26,30,1.82830287534186
26,31,0.3064754215301857
26,32,0.5676580013146327
26,33,0.9090860241014417
26,34,0.5783646383232123
26,35,3.311544963185382
26,36,2.4217954616033315
26,37,2.3744061995757773
26,38,2.6788807937721395
26,39,2.9040114135911255
26,40,3.055394145020631
26,41,3.775622533617093
26,42,4.542326519514587
26,43,3.3125784458955536
26,44,4.091250366350087
27,0,0.8287051512717041
27,1,1.0395960248053617
27,2,1.567936052310766
27,3,1.0919357540755115
27,4,1.716016581695138
27,5,1.8091176478897248
27,6,1.333483174566892
27,7,1.543664147542673
27,8,2.0766979044919784
27,9,2.1023798945973984
27,10,1.9026050138872648
27,11,1.5597838927223107
27,12,0.710722344309549
27,13,1.3401878723819316
27,14,1.8573309579201969
27,15,2.9964394523050517
27,16,2.6363414370324496
27,17,3.0471080036818496
27,18,2.3293390349004364
27,19,2.5600589249506585
27,20,2.708501372738876
27,21,1.6130534867078923
27,22,3.235427231796379
27,23,3.0390680631223623
27,24,3.284840955238173
27,25,0.8661441462906951
27,26,0.8034886381717403
27,27,0.0
27,28,0.9200281258470892
27,29,1.4307945395149626
27,30,1.0248143255275206
27,31,0.8241342307465361
27,32,0.8794300587401741
27,33,1.3469093016820621
27,34,0.4356491143678466
27,35,3.133783480681628
27,36,2.1599548394783903
27,37,1.5987532924771652
27,38,1.8819626655990547
27,39,2.101275584407434
27,40,2.308777061829626
27,41,3.1289386163280914
27,42,3.906940809021033
27,43,2.788732079586882
27,44,3.744273355345786
28,0,1.5814793681726587
28,1,1.6080976820530057
28,2,2.407089604666105
28,3,1.8970982159403054
28,4,1.8194921674357991
28,5,2.095644043109838
28,6,1.8032917303613507
28,7,1.8944089556226995
28,8,2.336950051014735
28,9,2.4832333102883357
28,10,2.819179593865183
28,11,2.3984343535004844
28,12,1.5764981245528984
28,13,2.260200352078348
28,14,2.757471527526411
28,15,3.8848163581839987
28,16,3.553800534476646
28,17,3.9671314321524203
28,18,3.2469810689124636
28,19,3.469327988579919
28,20,3.602579584647471
28,21,2.399973857329284
28,22,4.1215640427308475
28,23,3.935701262697468
28,24,4.142676538146504
28,25,1.6062154139761566
28,26,1.420070743012176
28,27,0.9200281258470892
28,28,0.0
28,29,1.0489425235344383
28,30,1.1074437153733918
28,31,1.225725631311885
28,32,1.0541598205607199
28,33,1.3429830435183485
28,34,0.8462339771002994
28,35,3.978434321276201
28,36,2.992440076156629
28,37,1.240668800350228
28,38,1.637321547744324
28,39,2.0187358985955557
28,40,2.548983630291891
28,41,3.5474968435524468
28,42,4.314935369552564
28,43,3.395772188783781
28,44,4.479928672527707
29,0,1.5548216553497254
29,1,1.3344892074250034
29,2,2.341215842777795
29,3,1.8575799025272977
29,4,0.964070353801832
29,5,1.3531236459700147
29,6,1.3374338655599816
29,7,1.2659438716431675
29,8,1.5305621898138548
29,9,1.771022725510562
29,10,3.126431770508396
29,11,2.959401369755394
29,12,1.7352496649075253
29,13,2.5365318921972118
29,14,2.832039001110563
29,15,3.8400667158868402
29,16,3.6928555325257357
29,17,4.152967871267129
29,18,3.5229287130899074
29,19,3.8030474610196974
29,20,4.000708512208748
29,21,3.03605125298874
29,22,4.536518386184089
29,23,4.316639243581812
29,24,4.634661552475747
29,25,2.295015841190768
29,26,2.195977613466667
29,27,1.4307945395149626
29,28,1.0489425235344383
29,29,0.0
29,30,0.6168734524415276
29,31,2.10432870675543
29,32,2.00771824298556
29,33,2.366704307164437
29,34,1.6536743085057837
29,35,3.795377439131237
29,36,2.8457125112962847
29,37,0.1934536557727877
29,38,0.5916238126200809
29,39,1.0078313552560307
29,40,1.7010548854393845
29,41,2.780588656385511
29,42,3.506592967345941
29,43,2.84424010067738
29,44,4.054173182593498
30,0,0.9451610774061048
30,1,0.7224775343320433
30,2,1.7249123599591607
30,3,1.2418079394998296
30,4,0.745297533076877
30,5,0.9882957904328529
30,6,0.7790638716136482
30,7,0.8011781069993924
30,8,1.2314776898206239
30,9,1.381798082681583
30,10,2.536169761957655
30,11,2.4450929066235094
30,12,1.1513341426922101
30,13,1.9501304842444664
30,14,2.216596278212202
30,15,3.2271752121388237
30,16,3.0782088537557684
30,17,3.5401698245078563
30,18,2.923273492505127
30,19,3.2108140187487777
30,20,3.419779394644974
30,21,2.5506317867653276
30,22,3.9551969190688085
30,23,3.729641962338024
30,24,4.07169899579748
30,25,1.8696575270837288
30,26,1.82830287534186
30,27,1.0248143255275206
30,28,1.1074437153733918
30,29,0.6168734524415276
30,30,0.0
30,31,1.8163010226663683
30,32,1.794922150243148
30,33,2.2240466137156853
30,34,1.3705757461996273
30,35,3.1992894139530095
30,36,2.2385188823348416
30,37,0.7059050414992342
30,38,0.8827677769742182
30,39,1.0791119433739718
30,40,1.448121618695766
30,41,2.443544079587596
30,42,3.2082402770717238
30,43,2.361416511210026
30,44,3.5253695745065747
31,0,1.5603064421884156
31,1,1.8377940815481661
31,2,2.116131332979134
31,3,1.7397505061156282
31,4,2.5322957899810774
31,5,2.6319931615177956
31,6,2.1425689349508246
31,7,2.3644508106292315
31,8,2.8996257473387703
31,9,2.912262109881615
31,10,2.00406444495274
31,11,1.3570247709984868
31,12,1.3355191340636032
31,13,1.5892515187986194
31,14,2.2236427492658866
31,15,3.3452522971975127
31,16,2.8411259537232323
31,17,3.1715437310244665
31,18,2.4160034230236374
31,19,2.558827901683687
31,20,2.6205521649372874
31,21,1.2826342185901054
31,22,3.0995276332920803
31,23,2.9516551261539234
31,24,3.0577363806943176
31,25,0.5652109717364042
31,26,0.3064754215301857
31,27,0.8241342307465361
31,28,1.225725631311885
31,29,2.10432870675543
31,30,1.8163010226663683
31,31,0.0
31,32,0.26398380061339355
31,33,0.6314291282993107
31,34,0.4542583554754493
31,35,3.5879826502866923
31,36,2.677683681486267
31,37,2.2910075657012725
31,38,2.626028930821167
31,39,2.893842535376325
31,40,3.131807750897859
31,41,3.9177150667857847
31,42,4.691667210268199
31,43,3.5046573000902086
31,44,4.337455583774201
32,0,1.679326148791894
32,1,1.9187832369793827
32,2,2.3028417622673922
32,3,1.8929271348497256
32,4,2.5309504146350488
32,5,2.6718536277205387
32,6,2.2119227964133805
32,7,2.4126960953079073
32,8,2.9382997374560382
32,9,2.9795801975507965
32,10,2.2592523642170637
32,11,1.6209760260721322
32,12,1.4867897394991663
32,13,1.8240386501423311
32,14,2.4489184246516165
32,15,3.5796869374345257
32,16,3.0913901826023547
32,17,3.42936879685013
32,18,2.6741968656132555
32,19,2.8215241318493267
32,20,2.884528842979816
32,21,1.5427514372181
32,22,3.362481181456497
32,23,3.215566201366756
32,24,3.3164731604002653
32,25,0.8250965706885041
32,26,0.5676580013146327
32,27,0.8794300587401741
32,28,1.0541598205607199
32,29,2.00771824298556
32,30,1.794922150243148
32,31,0.26398380061339355
32,32,0.0
32,33,0.46888618781884267
32,34,0.4473474278484595
32,35,3.8049800796141184
32,36,2.876579185103931
32,37,2.1989835346500115
32,38,2.556595893294069
32,39,2.8586190486491474
32,40,3.169267846079623
32,41,4.008143874449045
32,42,4.7858841928835405
32,43,3.641492391919774
32,44,4.522510845885496
33,0,2.146963531256615
33,1,2.3865047311725034
33,2,2.745186537045217
33,3,2.3527065550605477
33,4,2.9669258037215545
33,5,3.1277038785516047
33,6,2.677401149993152
33,7,2.8722049808242516
33,8,3.393032630936878
33,9,3.4435585655486296
33,10,2.586333894459023
33,11,1.87029698003244
33,12,1.94640405432689
33,13,2.209951966046736
33,14,2.849475695231512
33,15,3.962176746198855
33,16,3.4332952895256064
33,17,3.73683281061833
33,18,2.9833972762786756
33,19,3.092804332913258
33,20,3.1170523509482573
33,21,1.740177258924673
33,22,3.55971467299172
33,23,3.439194847822946
33,24,3.4688952864619416
33,25,1.1571675477925893
33,26,0.9090860241014417
33,27,1.3469093016820621
33,28,1.3429830435183485
33,29,2.366704307164437
33,30,2.2240466137156853
33,31,0.6314291282993107
33,32,0.46888618781884267
33,33,0.0
33,34,0.9123333260083292
33,35,4.216564251142636
33,36,3.3090121806259667
33,37,2.5601253340958934
33,38,2.937722540324131
33,39,3.26864491777026
33,40,3.6229989930204347
33,41,4.475819531160544
33,42,5.25384409154716
33,43,4.107413789717478
33,44,4.966849877019421
34,0,1.253431188141227
34,1,1.474707505117472
34,2,1.9370325839421902
34,3,1.4922197117220444
34,4,2.097249739686018
34,5,2.2258756247176157
34,6,1.7653294949044236
34,7,1.9656690028418753
34,8,2.492656677996846
34,9,2.5324526543873906
34,10,2.075536290292167
34,11,1.5678357815947719
34,12,1.0919039057383213
34,13,1.5685266654472183
34,14,2.1536848940770796
34,15,3.2973441448099834
34,16,2.869915449686683
34,17,3.247095391392033
34,18,2.5029971840444327
34,19,2.693945734807387
34,20,2.800812357424748
34,21,1.5558073671241663
34,22,3.308539659500143
34,23,3.1351866641557695
34,24,3.3107072100336885
34,25,0.7625106872832728
34,26,0.5783646383232123
34,27,0.4356491143678466
34,28,0.8462339771002994
34,29,1.6536743085057837
34,30,1.3705757461996273
34,31,0.4542583554754493
34,32,0.4473474278484595
34,33,0.9123333260083292
34,34,0.0
34,35,3.4789006624351995
34,36,2.5235258124480486
34,37,1.8389676381538904
34,38,2.1717844942863986
34,39,2.4450716751099533
34,40,2.7239486921945417
34,41,3.5637669428992664
34,42,4.342012259388286
34,43,3.217468146881744
34,44,4.141670304204202
35,0,2.4013381884055622
35,1,2.482763080341341
35,2,1.5730192370332785
35,3,2.0816005657897327
35,4,3.080037056216664
35,5,2.6870612730261274
35,6,2.466106119691173
35,7,2.6125529180878324
35,8,2.7242394928117193
35,9,2.403792528615541
35,10,1.8402277090415136
35,11,2.6315235723902948
35,12,2.424683095701442
35,13,2.0174981790425623
35,14,1.3710303834384099
35,15,0.5141699424732754
35,16,1.1823788783347036
35,17,1.4070862433293678
35,18,1.6670254846456296
35,19,1.8733369406585645
35,20,2.142426530771939
35,21,2.8639578491959576
35,22,2.394405867115129
35,23,2.1756180567267265
35,24,2.73569166073516
35,25,3.0786330434733062
35,26,3.311544963185382
35,27,3.133783480681628
35,28,3.978434321276201
35,29,3.795377439131237
35,30,3.1992894139530095
35,31,3.5879826502866923
35,32,3.8049800796141184
35,33,4.216564251142636
35,34,3.4789006624351995
35,35,0.0
