source_id,target_id,rtt
0,0,0.0
0,1,0.9262188348717004
0,2,64.72141498788658
0,3,1.760078040993659
0,4,1.9529820277912635
0,5,63.34844052284356
0,6,1.1870020044591736
0,7,1.497757677152345
0,8,3.8815332080363087
0,9,1.6214774198272432
0,10,5.320474683201001
0,11,2.859576317252026
0,12,1.9389807470665748
0,13,3.9909535551507505
0,14,63.2636092679699
0,15,64.42623598126207
0,16,63.2636092679699
0,17,63.2636092679699
0,18,3.3205038491820416
0,19,2.711519525837341
0,20,2.2757092887166515
0,21,61.71710226335354
0,22,61.71710226335354
0,23,2.632670948563721
0,24,63.2636092679699
0,25,4.401379052178003
0,26,3.5963698588073516
0,27,2.9326759176046275
0,28,4.5052634848585535
0,29,66.71700361720184
0,30,5.721119346388049
0,31,6.2490039740222
0,32,4.8847773529042815
0,33,5.81074692669606
0,34,2.761658448628237
0,35,3.8162293222240837
0,36,4.2299598045748255
0,37,68.22765504129596
1,0,0.9262188348717004
1,1,0.0
1,2,65.64763382275828
1,3,2.6862968758653594
1,4,1.0267631929195633
1,5,62.42222168797186
1,6,2.1132208393308742
1,7,0.5715388422806447
1,8,2.9553143731646085
1,9,0.6952585849555428
1,10,6.2466935180727
1,11,3.7857951521237263
1,12,2.8651995819382754
1,13,4.917172390022451
1,14,64.1898281028416
1,15,65.35245481613377
1,16,64.1898281028416
1,17,64.1898281028416
1,18,2.3942850143103414
1,19,1.7853006909656406
1,20,3.2019281235883525
1,21,60.79088342848184
1,22,60.79088342848184
1,23,1.7064521136920208
1,24,64.1898281028416
1,25,4.443960914706004
1,26,3.6389517213353537
1,27,2.9752577801326296
1,28,5.431482319730254
1,29,67.64322245207354
1,30,6.64733818125975
1,31,7.1752228088939
1,32,5.810996187775983
1,33,5.853328789224062
1,34,3.6878772834999376
1,35,4.742448157095784
1,36,5.1561786394465265
1,37,69.15387387616767
2,0,64.72141498788658
2,1,65.64763382275828
2,2,0.0
2,3,62.96133694689292
2,4,66.67439701567784
2,5,128.06985551073015
2,6,65.90841699234575
2,7,66.21917266503893
2,8,68.60294819592289
2,9,66.34289240771382
2,10,66.52173358910026
2,11,64.06083522315129
2,12,66.66039573495316
2,13,68.71236854303733
2,14,127.98502425585647
2,15,129.14765096914866
2,16,127.98502425585647
2,17,127.98502425585647
2,18,68.04191883706862
2,19,67.43293451372392
2,20,66.99712427660323
2,21,126.43851725124011
2,22,126.43851725124011
2,23,67.3540859364503
2,24,127.98502425585647
2,25,69.12279404006458
2,26,68.31778484669393
2,27,67.6540909054912
2,28,65.70652239075781
2,29,127.9182625231011
2,30,67.06559792103441
2,31,68.68442300463343
2,32,69.60619234079086
2,33,70.53216191458263
2,34,67.48307343651481
2,35,68.53764431011066
2,36,68.55675746284763
2,37,129.4289139471952
3,0,1.760078040993659
3,1,2.6862968758653594
3,2,62.96133694689292
3,3,0.0
3,4,3.7130600687849227
3,5,65.10851856383722
3,6,2.9470800454528323
3,7,3.257835718146004
3,8,5.6416112490299675
3,9,3.381555460820902
3,10,3.560396642207341
3,11,1.099498276258367
3,12,3.6990587880602335
3,13,5.75103159614441
3,14,65.02368730896356
3,15,66.18631402225573
3,16,65.02368730896356
3,17,65.02368730896356
3,18,5.080581890175701
3,19,4.471597566831
3,20,4.035787329710311
3,21,63.4771803043472
3,22,63.4771803043472
3,23,4.39274898955738
3,24,65.02368730896356
3,25,6.161457093171661
3,26,5.356447899801011
3,27,4.692753958598287
3,28,2.7451854438648944
3,29,64.95692557620819
3,30,4.1042609741414875
3,31,5.72308605774051
3,32,6.644855393897941
3,33,7.5708249676897195
3,34,4.521736489621896
3,35,5.576307363217742
3,36,5.595420515954711
3,37,66.4675770003023
4,0,1.9529820277912635
4,1,1.0267631929195633
4,2,66.67439701567784
4,3,3.7130600687849227
4,4,0.0
4,5,61.395458495052296
4,6,3.1399840322504375
4,7,0.45522435063891853
4,8,1.9285511802450452
4,9,1.722021777875106
4,10,7.273456710992264
4,11,4.812558345043289
4,12,3.8919627748578387
4,13,5.943935582942014
4,14,65.21659129576116
4,15,66.37921800905333
4,16,65.21659129576116
4,17,65.21659129576116
4,18,3.421048207229904
4,19,0.7585374980460774
4,20,4.228691316507915
4,21,61.8176466214014
4,22,61.8176466214014
4,23,2.7332153066115836
4,24,65.21659129576116
4,25,5.470724107625568
4,26,4.665714914254917
4,27,4.0020209730521925
4,28,6.458245512649817
4,29,68.6699856449931
4,30,7.674101374179312
4,31,8.201986001813463
4,32,6.8377593806955455
4,33,6.880091982143625
4,34,4.7146404764195005
4,35,5.769211350015347
4,36,6.1829418323660885
4,37,70.18063706908723
5,0,63.34844052284356
5,1,62.42222168797186
5,2,128.06985551073015
5,3,65.10851856383722
5,4,61.395458495052296
5,5,0.0
5,6,64.53544252730273
5,7,61.85068284569122
5,8,61.80693467920519
5,9,63.1174802729274
5,10,68.66891520604457
5,11,66.20801684009558
5,12,65.28742126991014
5,13,67.33939407799431
5,14,126.61204979081346
5,15,127.09763123468468
5,16,126.61204979081346
5,17,126.61204979081346
5,18,63.9845661099822
5,19,60.63692099700622
5,20,65.22250550469246
5,21,122.38116452415369
5,22,122.38116452415369
5,23,63.29673320936388
5,24,126.61204979081346
5,25,66.03424201037787
5,26,65.22923281700722
5,27,64.56553887580449
5,28,67.85370400770212
5,29,130.0654441400454
5,30,69.06955986923161
5,31,69.59744449686576
5,32,68.23321787574784
5,33,67.44360988489592
5,34,66.1100989714718
5,35,67.16466984506765
5,36,67.5784003274184
5,37,131.57609556413954
6,0,1.1870020044591736
6,1,2.1132208393308742
6,2,65.90841699234575
6,3,2.9470800454528323
6,4,3.1399840322504375
6,5,64.53544252730273
6,6,0.0
6,7,2.684759681611519
6,8,4.504278109744751
6,9,2.808479424286417
6,10,5.368755076436566
6,11,4.046578321711199
6,12,0.7519787426074013
6,13,3.094724953265122
6,14,62.367380666084266
6,15,63.53000737937644
6,16,62.367380666084266
6,17,62.367380666084266
6,18,2.3266466789677427
6,19,3.898521530296515
6,20,1.088707284257478
6,21,60.72324509313924
6,22,60.72324509313924
6,23,3.0144795795860633
6,24,62.367380666084266
6,25,3.214377047718829
6,26,2.4093678543481785
6,27,1.7456739131454544
6,28,5.692265489317727
6,29,67.90400562166101
6,30,4.8248907445024205
6,31,5.352775372136571
6,32,3.9885487510186532
6,33,4.623744922236887
6,34,1.8654298467426085
6,35,2.920000720338455
6,36,3.333731202689197
6,37,68.27593543453152
7,0,1.497757677152345
7,1,0.5715388422806447
7,2,66.21917266503893
7,3,3.257835718146004
7,4,0.45522435063891853
7,5,61.85068284569122
7,6,2.684759681611519
7,7,0.0
7,8,2.383775530883964
7,9,1.2667974272361875
7,10,6.8182323603533455
7,11,4.357333994404371
7,12,3.43673842421892
7,13,5.488711232303096
7,14,64.76136694512223
7,15,65.92399365841442
7,16,64.76136694512223
7,17,64.76136694512223
7,18,2.965823856590986
7,19,1.213761848684996
7,20,3.773466965868997
7,21,61.36242227076248
7,22,61.36242227076248
7,23,2.2779909559726654
7,24,64.76136694512223
7,25,5.0154997569866495
7,26,4.210490563615998
7,27,3.5467966224132743
7,28,6.003021162010898
7,29,68.21476129435419
7,30,7.218877023540394
7,31,7.746761651174545
7,32,6.382535030056627
7,33,6.424867631504707
7,34,4.259416125780582
7,35,5.313986999376429
7,36,5.72771748172717
7,37,69.72541271844831
8,0,3.8815332080363087
8,1,2.9553143731646085
8,2,68.60294819592289
8,3,5.6416112490299675
8,4,1.9285511802450452
8,5,61.80693467920519
8,6,4.504278109744751
8,7,2.383775530883964
8,8,0.0
8,9,2.500992058895166
8,10,9.202007891237308
8,11,6.741109525288335
8,12,5.256256852352153
8,13,7.599003063009873
8,14,66.87165877582902
8,15,65.2906965554795
8,16,66.87165877582902
8,17,66.87165877582902
8,18,2.177631430777009
8,19,1.170013682198968
8,20,3.415570825487273
8,21,60.574229844948505
8,22,60.574229844948505
8,23,1.4897985301586885
8,24,66.87165877582902
8,25,4.227307331172671
8,26,3.422298137802021
8,27,2.758604196599297
8,28,8.386796692894862
8,29,70.59853682523816
8,30,9.329168854247172
8,31,9.857053481881323
8,32,8.492826860763405
8,33,5.63667520569073
8,34,6.3697079564873595
8,35,7.424278830083206
8,36,7.8380093124339485
8,37,72.10918824933228
9,0,1.6214774198272432
9,1,0.6952585849555428
9,2,66.34289240771382
9,3,3.381555460820902
9,4,1.722021777875106
9,5,63.1174802729274
9,6,2.808479424286417
9,7,1.2667974272361875
9,8,2.500992058895166
9,9,0.0
9,10,6.9419521030282425
9,11,4.481053737079269
9,12,3.560458166893818
9,13,5.612430974977993
9,14,64.88508668779714
9,15,64.81209155405728
9,16,64.88508668779714
9,17,64.88508668779714
9,18,1.6990264293547985
9,19,2.480559275921183
9,20,2.936965824065063
9,21,60.095624843526295
9,22,60.095624843526295
9,23,1.011193528736478
9,24,64.88508668779714
9,25,3.7487023297504614
9,26,2.9436931363798107
9,27,2.2799991951770866
9,28,6.126740904685796
9,29,68.33848103702908
9,30,7.3425967662152924
9,31,7.870481393849443
9,32,6.506254772731525
9,33,5.158070204268519
9,34,4.38313586845548
9,35,5.4377067420513265
9,36,5.851437224402069
9,37,69.8491324611232
10,0,5.320474683201001
10,1,6.2466935180727
10,2,66.52173358910026
10,3,3.560396642207341
10,4,7.273456710992264
10,5,68.66891520604457
10,6,5.368755076436566
10,7,6.8182323603533455
10,8,9.202007891237308
10,9,6.9419521030282425
10,10,0.0
10,11,2.4608983659489736
10,12,5.740467165326989
10,13,4.420739834404616
10,14,64.00527604903561
10,15,64.55110293821735
10,16,64.00527604903561
10,17,64.00527604903561
10,18,7.695401755404308
10,19,8.031994209038341
10,20,6.457462360694043
10,21,66.0920001695758
10,22,66.0920001695758
10,23,7.953145631764722
10,24,64.00527604903561
10,25,8.583132124155394
10,26,7.778122930784743
10,27,7.11442898958202
10,28,0.8152111983424466
10,29,66.3183256658988
10,30,0.543864331934146
10,31,2.1626894155331677
10,32,3.5269160366510848
10,33,9.992499998673452
10,34,3.5033252296939574
10,35,2.448754356098111
10,36,2.035023873747369
10,37,62.90718035809496
11,0,2.859576317252026
11,1,3.7857951521237263
11,2,64.06083522315129
11,3,1.099498276258367
11,4,4.812558345043289
11,5,66.20801684009558
11,6,4.046578321711199
11,7,4.357333994404371
11,8,6.741109525288335
11,9,4.481053737079269
11,10,2.4608983659489736
11,11,0.0
11,12,4.798557064318601
11,13,6.850529872402776
11,14,66.12318558522192
11,15,67.01200130416633
11,16,66.12318558522192
11,17,66.12318558522192
11,18,6.180080166434068
11,19,5.571095843089367
11,20,5.135285605968678
11,21,64.57667858060556
11,22,64.57667858060556
11,23,5.492247265815747
11,24,66.12318558522192
11,25,7.260955369430029
11,26,6.455946176059378
11,27,5.792252234856654
11,28,1.6456871676065272
11,29,63.85742729994982
11,30,3.0047626978831197
11,31,4.623587781482142
11,32,5.987814402600059
11,33,8.670323243948086
11,34,5.621234765880263
11,35,4.909652722047085
11,36,4.495922239696343
11,37,65.36807872404394
12,0,1.9389807470665748
12,1,2.8651995819382754
12,2,66.66039573495316
12,3,3.6990587880602335
12,4,3.8919627748578387
12,5,65.28742126991014
12,6,0.7519787426074013
12,7,3.43673842421892
12,8,5.256256852352153
12,9,3.560458166893818
12,10,5.740467165326989
12,11,4.798557064318601
12,12,0.0
12,13,3.466437042155545
12,14,62.73909275497469
12,15,63.90171946826687
12,16,62.73909275497469
12,17,62.73909275497469
12,18,3.0786254215751443
12,19,4.6505002729039155
12,20,1.8406860268648795
12,21,61.47522383574665
12,22,61.47522383574665
12,23,3.766458322193465
12,24,62.73909275497469
12,25,3.9663557903262308
12,26,3.16134659695558
12,27,2.497652655752856
12,28,6.444244231925128
12,29,68.65598436426842
12,30,5.196602833392843
12,31,5.724487461026994
12,32,4.360260839909076
12,33,5.375723664844289
12,34,2.2371419356330313
12,35,3.291712809228878
12,36,3.7054432915796203
12,37,68.64764752342195
13,0,3.9909535551507505
13,1,4.917172390022451
13,2,68.71236854303733
13,3,5.75103159614441
13,4,5.943935582942014
13,5,67.33939407799431
13,6,3.094724953265122
13,7,5.488711232303096
13,8,7.599003063009873
13,9,5.612430974977993
13,10,4.420739834404616
13,11,6.850529872402776
13,12,3.466437042155545
13,13,0.0
13,14,61.73124592586417
13,15,60.43528242611132
13,16,61.73124592586417
13,17,61.73124592586417
13,18,5.421371632232864
13,19,6.702473080988092
13,20,4.1834322375226005
13,21,63.81797004640436
13,22,63.81797004640436
13,23,6.1092045328511855
13,24,61.73124592586417
13,25,6.309102000983952
13,26,5.504092807613301
13,27,4.840398866410576
13,28,5.235951032747063
13,29,70.7079571723526
13,30,3.87687550247047
13,31,2.2580504188714485
13,32,0.8938237977535314
13,33,7.718469875502009
13,34,1.2292951065225135
13,35,2.2838659801183603
13,36,2.6975964624691025
13,37,67.32792019249958
14,0,63.2636092679699
14,1,64.1898281028416
14,2,127.98502425585647
14,3,65.02368730896356
14,4,65.21659129576116
14,5,126.61204979081346
14,6,62.367380666084266
14,7,64.76136694512223
14,8,66.87165877582902
14,9,64.88508668779714
14,10,64.00527604903561
14,11,66.12318558522192
14,12,62.73909275497469
14,13,61.73124592586417
14,14,0.0
14,15,122.1665283519755
14,16,121.00390163868332
14,17,121.00390163868332
14,18,64.694027345052
14,19,65.97512879380724
14,20,63.45608795034175
14,21,123.09062575922351
14,22,123.09062575922351
14,23,65.38186024567032
14,24,121.00390163868332
14,25,65.5817577138031
14,26,64.77674852043245
14,27,64.11305457922973
14,28,64.82048724737807
14,29,129.98061288517175
14,30,63.46141171710148
14,31,63.98929634473562
14,32,62.625069723617706
14,33,66.99112558832115
14,34,60.50195081934166
14,35,61.55652169293751
14,36,61.97025217528825
14,37,126.91245640713058
15,0,64.42623598126207
15,1,65.35245481613377
15,2,129.14765096914866
15,3,66.18631402225573
15,4,66.37921800905333
15,5,127.09763123468468
15,6,63.53000737937644
15,7,65.92399365841442
15,8,65.2906965554795
15,9,64.81209155405728
15,10,64.55110293821735
15,11,67.01200130416633
15,12,63.90171946826687
15,13,60.43528242611132
15,14,122.1665283519755
15,15,0.0
15,16,122.1665283519755
15,17,122.1665283519755
15,18,63.11306512470249
15,19,66.46071023767846
15,20,63.18905898776817
15,21,121.50966353887398
15,22,121.50966353887398
15,23,63.800898025320805
15,24,122.1665283519755
15,25,61.063389224306825
15,26,61.86839841767747
15,27,62.5320923588802
15,28,65.3663141365598
15,29,130.86942860411614
15,30,64.00723860628321
15,31,62.38841352268418
15,32,61.02418690156627
15,33,59.65402134978876
15,34,61.664577532633835
15,35,62.719148406229685
15,36,63.13287888858043
15,37,127.45828329631232
16,0,63.2636092679699
16,1,64.1898281028416
16,2,127.98502425585647
16,3,65.02368730896356
16,4,65.21659129576116
16,5,126.61204979081346
16,6,62.367380666084266
16,7,64.76136694512223
16,8,66.87165877582902
16,9,64.88508668779714
16,10,64.00527604903561
16,11,66.12318558522192
16,12,62.73909275497469
16,13,61.73124592586417
16,14,121.00390163868332
16,15,122.1665283519755
16,16,0.0
16,17,121.00390163868332
16,18,64.694027345052
16,19,65.97512879380724
16,20,63.45608795034175
16,21,123.09062575922351
16,22,123.09062575922351
16,23,65.38186024567032
16,24,121.00390163868332
16,25,65.5817577138031
16,26,64.77674852043245
16,27,64.11305457922973
16,28,64.82048724737807
16,29,129.98061288517175
16,30,63.46141171710148
16,31,63.98929634473562
16,32,62.625069723617706
16,33,66.99112558832115
16,34,60.50195081934166
16,35,61.55652169293751
16,36,61.97025217528825
16,37,126.91245640713058
17,0,63.2636092679699
17,1,64.1898281028416
17,2,127.98502425585647
17,3,65.02368730896356
17,4,65.21659129576116
17,5,126.61204979081346
17,6,62.367380666084266
17,7,64.76136694512223
17,8,66.87165877582902
17,9,64.88508668779714
17,10,64.00527604903561
17,11,66.12318558522192
17,12,62.73909275497469
17,13,61.73124592586417
17,14,121.00390163868332
17,15,122.1665283519755
17,16,121.00390163868332
17,17,0.0
17,18,64.694027345052
17,19,65.97512879380724
17,20,63.45608795034175
17,21,123.09062575922351
17,22,123.09062575922351
17,23,65.38186024567032
17,24,121.00390163868332
17,25,65.5817577138031
17,26,64.77674852043245
17,27,64.11305457922973
17,28,64.82048724737807
17,29,129.98061288517175
17,30,63.46141171710148
17,31,63.98929634473562
17,32,62.625069723617706
17,33,66.99112558832115
17,34,60.50195081934166
17,35,61.55652169293751
17,36,61.97025217528825
17,37,126.91245640713058
18,0,3.3205038491820416
18,1,2.3942850143103414
18,2,68.04191883706862
18,3,5.080581890175701
18,4,3.421048207229904
18,5,63.9845661099822
18,6,2.3266466789677427
18,7,2.965823856590986
18,8,2.177631430777009
18,9,1.6990264293547985
18,10,7.695401755404308
18,11,6.180080166434068
18,12,3.0786254215751443
18,13,5.421371632232864
18,14,64.694027345052
18,15,63.11306512470249
18,16,64.694027345052
18,17,64.694027345052
18,18,0.0
18,19,3.347645112975977
18,20,1.2379393947102644
18,21,58.3965984141715
18,22,58.3965984141715
18,23,0.6878329006183206
18,24,64.694027345052
18,25,2.0496759003956626
18,26,1.2446667070250121
18,27,0.5809727658222881
18,28,7.825767334040595
18,29,70.03750746638389
18,30,7.151537423470163
18,31,7.679422051104313
18,32,6.315195429986396
18,33,3.459043774913721
18,34,4.192076525710351
18,35,5.246647399306197
18,36,5.66037788165694
18,37,70.60258211349927
19,0,2.711519525837341
19,1,1.7853006909656406
19,2,67.43293451372392
19,3,4.471597566831
19,4,0.7585374980460774
19,5,60.63692099700622
19,6,3.898521530296515
19,7,1.213761848684996
19,8,1.170013682198968
19,9,2.480559275921183
19,10,8.031994209038341
19,11,5.571095843089367
19,12,4.6505002729039155
19,13,6.702473080988092
19,14,65.97512879380724
19,15,66.46071023767846
19,16,65.97512879380724
19,17,65.97512879380724
19,18,3.347645112975977
19,19,0.0
19,20,4.585584507686241
19,21,61.744243527147475
19,22,61.744243527147475
19,23,2.6598122123576564
19,24,65.97512879380724
19,25,5.39732101337164
19,26,4.592311820000989
19,27,3.9286178787982653
19,28,7.216783010695894
19,29,69.42852314303919
19,30,8.43263887222539
19,31,8.96052349985954
19,32,7.596296878741623
19,33,6.806688887889698
19,34,5.473177974465578
19,35,6.5277488480614245
19,36,6.941479330412166
19,37,70.9391745671333
20,0,2.2757092887166515
20,1,3.2019281235883525
20,2,66.99712427660323
20,3,4.035787329710311
20,4,4.228691316507915
20,5,65.22250550469246
20,6,1.088707284257478
20,7,3.773466965868997
20,8,3.415570825487273
20,9,2.936965824065063
20,10,6.457462360694043
20,11,5.135285605968678
20,12,1.8406860268648795
20,13,4.1834322375226005
20,14,63.45608795034175
20,15,63.18905898776817
20,16,63.45608795034175
20,17,63.45608795034175
20,18,1.2379393947102644
20,19,4.585584507686241
20,20,0.0
20,21,59.63453780888177
20,22,59.63453780888177
20,23,1.925772295328585
20,24,63.45608795034175
20,25,2.1256697634613513
20,26,1.3206605700907004
20,27,0.6569666288879763
20,28,6.780972773575205
20,29,68.9927129059185
20,30,5.913598028759898
20,31,6.441482656394049
20,32,5.077256035276132
20,33,3.535037637979409
20,34,2.9541371310000866
20,35,4.008708004595933
20,36,4.422438486946675
20,37,69.364642718789
21,0,61.71710226335354
21,1,60.79088342848184
21,2,126.43851725124011
21,3,63.4771803043472
21,4,61.8176466214014
21,5,122.38116452415369
21,6,60.72324509313924
21,7,61.36242227076248
21,8,60.574229844948505
21,9,60.095624843526295
21,10,66.0920001695758
21,11,64.57667858060556
21,12,61.47522383574665
21,13,63.81797004640436
21,14,123.09062575922351
21,15,121.50966353887398
21,16,123.09062575922351
21,17,123.09062575922351
21,18,58.3965984141715
21,19,61.744243527147475
21,20,59.63453780888177
21,21,0.0
21,22,116.793196828343
21,23,59.08443131478982
21,24,123.09062575922351
21,25,60.44627431456716
21,26,59.64126512119651
21,27,58.97757117999379
21,28,66.2223657482121
21,29,128.4341058805554
21,30,65.54813583764165
21,31,66.0760204652758
21,32,64.7117938441579
21,33,61.85564218908522
21,34,62.58867493988185
21,35,63.6432458134777
21,36,64.05697629582843
21,37,128.99918052767077
22,0,61.71710226335354
22,1,60.79088342848184
22,2,126.43851725124011
22,3,63.4771803043472
22,4,61.8176466214014
22,5,122.38116452415369
22,6,60.72324509313924
22,7,61.36242227076248
22,8,60.574229844948505
22,9,60.095624843526295
22,10,66.0920001695758
22,11,64.57667858060556
22,12,61.47522383574665
22,13,63.81797004640436
22,14,123.09062575922351
22,15,121.50966353887398
22,16,123.09062575922351
22,17,123.09062575922351
22,18,58.3965984141715
22,19,61.744243527147475
22,20,59.63453780888177
22,21,116.793196828343
22,22,0.0
22,23,59.08443131478982
22,24,123.09062575922351
22,25,60.44627431456716
22,26,59.64126512119651
22,27,58.97757117999379
22,28,66.2223657482121
22,29,128.4341058805554
22,30,65.54813583764165
22,31,66.0760204652758
22,32,64.7117938441579
22,33,61.85564218908522
22,34,62.58867493988185
22,35,63.6432458134777
22,36,64.05697629582843
22,37,128.99918052767077
23,0,2.632670948563721
23,1,1.7064521136920208
23,2,67.3540859364503
23,3,4.39274898955738
23,4,2.7332153066115836
23,5,63.29673320936388
23,6,3.0144795795860633
23,7,2.2779909559726654
23,8,1.4897985301586885
23,9,1.011193528736478
23,10,7.953145631764722
23,11,5.492247265815747
23,12,3.766458322193465
23,13,6.1092045328511855
23,14,65.38186024567032
23,15,63.800898025320805
23,16,65.38186024567032
23,17,65.38186024567032
23,18,0.6878329006183206
23,19,2.6598122123576564
23,20,1.925772295328585
23,21,59.08443131478982
23,22,59.08443131478982
23,23,0.0
23,24,65.38186024567032
23,25,2.737508801013983
23,26,1.9324996076433327
23,27,1.2688056664406087
23,28,7.1379344334222745
23,29,69.34967456576557
23,30,7.839370324088483
23,31,8.367254951722634
23,32,7.0030283306047165
23,33,4.146876675532042
23,34,4.8799094263286715
23,35,5.934480299924518
23,36,6.34821078227526
23,37,70.86032598985969
24,0,63.2636092679699
24,1,64.1898281028416
24,2,127.98502425585647
24,3,65.02368730896356
24,4,65.21659129576116
24,5,126.61204979081346
24,6,62.367380666084266
24,7,64.76136694512223
24,8,66.87165877582902
24,9,64.88508668779714
24,10,64.00527604903561
24,11,66.12318558522192
24,12,62.73909275497469
24,13,61.73124592586417
24,14,121.00390163868332
24,15,122.1665283519755
24,16,121.00390163868332
24,17,121.00390163868332
24,18,64.694027345052
24,19,65.97512879380724
24,20,63.45608795034175
24,21,123.09062575922351
24,22,123.09062575922351
24,23,65.38186024567032
24,24,0.0
24,25,65.5817577138031
24,26,64.77674852043245
24,27,64.11305457922973
24,28,64.82048724737807
24,29,129.98061288517175
24,30,63.46141171710148
24,31,63.98929634473562
24,32,62.625069723617706
24,33,66.99112558832115
24,34,60.50195081934166
24,35,61.55652169293751
24,36,61.97025217528825
24,37,126.91245640713058
25,0,4.401379052178003
25,1,4.443960914706004
25,2,69.12279404006458
25,3,6.161457093171661
25,4,5.470724107625568
25,5,66.03424201037787
25,6,3.214377047718829
25,7,5.0154997569866495
25,8,4.227307331172671
25,9,3.7487023297504614
25,10,8.583132124155394
25,11,7.260955369430029
25,12,3.9663557903262308
25,13,6.309102000983952
25,14,65.5817577138031
25,15,61.063389224306825
25,16,65.5817577138031
25,17,65.5817577138031
25,18,2.0496759003956626
25,19,5.39732101337164
25,20,2.1256697634613513
25,21,60.44627431456716
25,22,60.44627431456716
25,23,2.737508801013983
25,24,65.5817577138031
25,25,0.0
25,26,0.8050091933706506
25,27,1.4687031345733748
25,28,8.906642537036555
25,29,71.11838266937984
25,30,8.03926779222125
25,31,8.5671524198554
25,32,7.202925798737483
25,33,1.409367874518058
25,34,5.079806894461438
25,35,6.134377768057284
25,36,6.548108250408026
25,37,71.49031248225035
26,0,3.5963698588073516
26,1,3.6389517213353537
26,2,68.31778484669393
26,3,5.356447899801011
26,4,4.665714914254917
26,5,65.22923281700722
26,6,2.4093678543481785
26,7,4.210490563615998
26,8,3.422298137802021
26,9,2.9436931363798107
26,10,7.778122930784743
26,11,6.455946176059378
26,12,3.16134659695558
26,13,5.504092807613301
26,14,64.77674852043245
26,15,61.86839841767747
26,16,64.77674852043245
26,17,64.77674852043245
26,18,1.2446667070250121
26,19,4.592311820000989
26,20,1.3206605700907004
26,21,59.64126512119651
26,22,59.64126512119651
26,23,1.9324996076433327
26,24,64.77674852043245
26,25,0.8050091933706506
26,26,0.0
26,27,0.6636939412027241
26,28,8.101633343665906
26,29,70.31337347600919
26,30,7.234258598850598
26,31,7.762143226484749
26,32,6.397916605366832
26,33,2.2143770678887087
26,34,4.274797701090787
26,35,5.329368574686633
26,36,5.743099057037375
26,37,70.6853032888797
27,0,2.9326759176046275
27,1,2.9752577801326296
27,2,67.6540909054912
27,3,4.692753958598287
27,4,4.0020209730521925
27,5,64.56553887580449
27,6,1.7456739131454544
27,7,3.5467966224132743
27,8,2.758604196599297
27,9,2.2799991951770866
27,10,7.11442898958202
27,11,5.792252234856654
27,12,2.497652655752856
27,13,4.840398866410576
27,14,64.11305457922973
27,15,62.5320923588802
27,16,64.11305457922973
27,17,64.11305457922973
27,18,0.5809727658222881
27,19,3.9286178787982653
27,20,0.6569666288879763
27,21,58.97757117999379
27,22,58.97757117999379
27,23,1.2688056664406087
27,24,64.11305457922973
27,25,1.4687031345733748
27,26,0.6636939412027241
27,27,0.0
27,28,7.437939402463181
27,29,69.64967953480647
27,30,6.570564657647875
27,31,7.098449285282025
27,32,5.734222664164108
27,33,2.8780710090914328
27,34,3.6111037598880626
27,35,4.665674633483909
27,36,5.079405115834652
27,37,70.02160934767697
28,0,4.5052634848585535
28,1,5.431482319730254
28,2,65.70652239075781
28,3,2.7451854438648944
28,4,6.458245512649817
28,5,67.85370400770212
28,6,5.692265489317727
28,7,6.003021162010898
28,8,8.386796692894862
28,9,6.126740904685796
28,10,0.8152111983424466
28,11,1.6456871676065272
28,12,6.444244231925128
28,13,5.235951032747063
28,14,64.82048724737807
28,15,65.3663141365598
28,16,64.82048724737807
28,17,64.82048724737807
28,18,7.825767334040595
28,19,7.216783010695894
28,20,6.780972773575205
28,21,66.2223657482121
28,22,66.2223657482121
28,23,7.1379344334222745
28,24,64.82048724737807
28,25,8.906642537036555
28,26,8.101633343665906
28,27,7.437939402463181
28,28,0.0
28,29,65.50311446755634
28,30,1.3590755302765927
28,31,2.9779006138756143
28,32,4.342127234993532
28,33,10.316010411554615
28,34,4.3185364280364045
28,35,3.2639655544405577
28,36,2.8502350720898155
28,37,63.72239155643741
29,0,66.71700361720184
29,1,67.64322245207354
29,2,127.9182625231011
29,3,64.95692557620819
29,4,68.6699856449931
29,5,130.0654441400454
29,6,67.90400562166101
29,7,68.21476129435419
29,8,70.59853682523816
29,9,68.33848103702908
29,10,66.3183256658988
29,11,63.85742729994982
29,12,68.65598436426842
29,13,70.7079571723526
29,14,129.98061288517175
29,15,130.86942860411614
29,16,129.98061288517175
29,17,129.98061288517175
29,18,70.03750746638389
29,19,69.42852314303919
29,20,68.9927129059185
29,21,128.4341058805554
29,22,128.4341058805554
29,23,69.34967456576557
29,24,129.98061288517175
29,25,71.11838266937984
29,26,70.31337347600919
29,27,69.64967953480647
29,28,65.50311446755634
29,29,0.0
29,30,66.86218999783294
29,31,68.48101508143196
29,32,69.84524170254988
29,33,72.5277505438979
29,34,69.47866206583008
29,35,68.7670800219969
29,36,68.35334953964616
29,37,129.22550602399374
30,0,5.721119346388049
30,1,6.64733818125975
30,2,67.06559792103441
30,3,4.1042609741414875
30,4,7.674101374179312
30,5,69.06955986923161
30,6,4.8248907445024205
30,7,7.218877023540394
30,8,9.329168854247172
30,9,7.3425967662152924
30,10,0.543864331934146
30,11,3.0047626978831197
30,12,5.196602833392843
30,13,3.87687550247047
30,14,63.46141171710148
30,15,64.00723860628321
30,16,63.46141171710148
30,17,63.46141171710148
30,18,7.151537423470163
30,19,8.43263887222539
30,20,5.913598028759898
30,21,65.54813583764165
30,22,65.54813583764165
30,23,7.839370324088483
30,24,63.46141171710148
30,25,8.03926779222125
30,26,7.234258598850598
30,27,6.570564657647875
30,28,1.3590755302765927
30,29,66.86218999783294
30,30,0.0
30,31,1.6188250835990217
30,32,2.9830517047169387
30,33,9.448635666739307
30,34,2.959460897759812
30,35,1.9048900241639652
30,36,1.491159541813223
30,37,63.45104469002911
31,0,6.2490039740222
31,1,7.1752228088939
31,2,68.68442300463343
31,3,5.72308605774051
31,4,8.201986001813463
31,5,69.59744449686576
31,6,5.352775372136571
31,7,7.746761651174545
31,8,9.857053481881323
31,9,7.870481393849443
31,10,2.1626894155331677
31,11,4.623587781482142
31,12,5.724487461026994
31,13,2.2580504188714485
31,14,63.98929634473562
31,15,62.38841352268418
31,16,63.98929634473562
31,17,63.98929634473562
31,18,7.679422051104313
31,19,8.96052349985954
31,20,6.441482656394049
31,21,66.0760204652758
31,22,66.0760204652758
31,23,8.367254951722634
31,24,63.98929634473562
31,25,8.5671524198554
31,26,7.762143226484749
31,27,7.098449285282025
31,28,2.9779006138756143
31,29,68.48101508143196
31,30,1.6188250835990217
31,31,0.0
31,32,1.3642266211179173
31,33,9.976520294373458
31,34,3.4873455253939625
31,35,3.5237151077629867
31,36,3.1099846254122445
31,37,65.06986977362813
32,0,4.8847773529042815
32,1,5.810996187775983
32,2,69.60619234079086
32,3,6.644855393897941
32,4,6.8377593806955455
32,5,68.23321787574784
32,6,3.9885487510186532
32,7,6.382535030056627
32,8,8.492826860763405
32,9,6.506254772731525
32,10,3.5269160366510848
32,11,5.987814402600059
32,12,4.360260839909076
32,13,0.8938237977535314
32,14,62.625069723617706
32,15,61.02418690156627
32,16,62.625069723617706
32,17,62.625069723617706
32,18,6.315195429986396
32,19,7.596296878741623
32,20,5.077256035276132
32,21,64.7117938441579
32,22,64.7117938441579
32,23,7.0030283306047165
32,24,62.625069723617706
32,25,7.202925798737483
32,26,6.397916605366832
32,27,5.734222664164108
32,28,4.342127234993532
32,29,69.84524170254988
32,30,2.9830517047169387
32,31,1.3642266211179173
32,32,0.0
32,33,8.61229367325554
32,34,2.123118904276045
32,35,3.1776897778718913
32,36,3.5914202602226335
32,37,66.43409639474605
33,0,5.81074692669606
33,1,5.853328789224062
33,2,70.53216191458263
33,3,7.5708249676897195
33,4,6.880091982143625
33,5,67.44360988489592
33,6,4.623744922236887
33,7,6.424867631504707
33,8,5.63667520569073
33,9,5.158070204268519
33,10,9.992499998673452
33,11,8.670323243948086
33,12,5.375723664844289
33,13,7.718469875502009
33,14,66.99112558832115
33,15,59.65402134978876
33,16,66.99112558832115
33,17,66.99112558832115
33,18,3.459043774913721
33,19,6.806688887889698
33,20,3.535037637979409
33,21,61.85564218908522
33,22,61.85564218908522
33,23,4.146876675532042
33,24,66.99112558832115
33,25,1.409367874518058
33,26,2.2143770678887087
33,27,2.8780710090914328
33,28,10.316010411554615
33,29,72.5277505438979
33,30,9.448635666739307
33,31,9.976520294373458
33,32,8.61229367325554
33,33,0.0
33,34,6.489174768979495
33,35,7.543745642575342
33,36,7.9574761249260835
33,37,72.89968035676841
34,0,2.761658448628237
34,1,3.6878772834999376
34,2,67.48307343651481
34,3,4.521736489621896
34,4,4.7146404764195005
34,5,66.1100989714718
34,6,1.8654298467426085
34,7,4.259416125780582
34,8,6.3697079564873595
34,9,4.38313586845548
34,10,3.5033252296939574
34,11,5.621234765880263
34,12,2.2371419356330313
34,13,1.2292951065225135
34,14,60.50195081934166
34,15,61.664577532633835
34,16,60.50195081934166
34,17,60.50195081934166
34,18,4.192076525710351
34,19,5.473177974465578
34,20,2.9541371310000866
34,21,62.58867493988185
34,22,62.58867493988185
34,23,4.8799094263286715
34,24,60.50195081934166
34,25,5.079806894461438
34,26,4.274797701090787
34,27,3.6111037598880626
34,28,4.3185364280364045
34,29,69.47866206583008
34,30,2.959460897759812
34,31,3.4873455253939625
34,32,2.123118904276045
34,33,6.489174768979495
34,34,0.0
34,35,1.0545708735958466
34,36,1.4683013559465887
34,37,66.41050558778892
35,0,3.8162293222240837
35,1,4.742448157095784
35,2,68.53764431011066
35,3,5.576307363217742
35,4,5.769211350015347
35,5,67.16466984506765
35,6,2.920000720338455
35,7,5.313986999376429
35,8,7.424278830083206
35,9,5.4377067420513265
35,10,2.448754356098111
35,11,4.909652722047085
35,12,3.291712809228878
35,13,2.2838659801183603
35,14,61.55652169293751
35,15,62.719148406229685
35,16,61.55652169293751
35,17,61.55652169293751
35,18,5.246647399306197
35,19,6.5277488480614245
35,20,4.008708004595933
35,21,63.6432458134777
35,22,63.6432458134777
35,23,5.934480299924518
35,24,61.55652169293751
35,25,6.134377768057284
35,26,5.329368574686633
35,27,4.665674633483909
35,28,3.2639655544405577
35,29,68.7670800219969
35,30,1.9048900241639652
35,31,3.5237151077629867
35,32,3.1776897778718913
35,33,7.543745642575342
35,34,1.0545708735958466
35,35,0.0
35,36,0.41373048235074217
35,37,65.35593471419307
36,0,4.2299598045748255
36,1,5.1561786394465265
36,2,68.55675746284763
36,3,5.595420515954711
36,4,6.1829418323660885
36,5,67.5784003274184
36,6,3.333731202689197
36,7,5.72771748172717
36,8,7.8380093124339485
36,9,5.851437224402069
36,10,2.035023873747369
36,11,4.495922239696343
36,12,3.7054432915796203
36,13,2.6975964624691025
36,14,61.97025217528825
36,15,63.13287888858043
36,16,61.97025217528825
36,17,61.97025217528825
36,18,5.66037788165694
36,19,6.941479330412166
36,20,4.422438486946675
36,21,64.05697629582843
36,22,64.05697629582843
36,23,6.34821078227526
36,24,61.97025217528825
36,25,6.548108250408026
36,26,5.743099057037375
36,27,5.079405115834652
36,28,2.8502350720898155
36,29,68.35334953964616
36,30,1.491159541813223
36,31,3.1099846254122445
36,32,3.5914202602226335
36,33,7.9574761249260835
36,34,1.4683013559465887
36,35,0.41373048235074217
36,36,0.0
36,37,64.94220423184233
37,0,68.22765504129596
37,1,69.15387387616767
37,2,129.4289139471952
37,3,66.4675770003023
37,4,70.18063706908723
37,5,131.57609556413954
37,6,68.27593543453152
37,7,69.72541271844831
37,8,72.10918824933228
37,9,69.8491324611232
37,10,62.90718035809496
37,11,65.36807872404394
37,12,68.64764752342195
37,13,67.32792019249958
37,14,126.91245640713058
37,15,127.45828329631232
37,16,126.91245640713058
37,17,126.91245640713058
37,18,70.60258211349927
37,19,70.9391745671333
37,20,69.364642718789
37,21,128.99918052767077
37,22,128.99918052767077
37,23,70.86032598985969
37,24,126.91245640713058
37,25,71.49031248225035
37,26,70.6853032888797
37,27,70.02160934767697
37,28,63.72239155643741
37,29,129.22550602399374
37,30,63.45104469002911
37,31,65.06986977362813
37,32,66.43409639474605
37,33,72.89968035676841
37,34,66.41050558778892
37,35,65.35593471419307
37,36,64.94220423184233
37,37,0.0
