source_id,target_id,rtt
0,0,0.0
0,1,0.9262188348717004
0,2,61.40878539524942
0,3,1.760078040993659
0,4,1.5301689248029555
0,5,61.40878539524942
0,6,1.1870020044591736
0,7,1.12041948521945
0,8,2.533576255893237
0,9,1.5375776169139064
0,10,2.393734996548151
0,11,2.4568817680027593
0,12,0.5276903394438859
0,13,3.962503866917486
0,14,61.40878539524942
0,15,61.40878539524942
0,16,61.40878539524942
0,17,61.40878539524942
0,18,3.014139399297089
0,19,2.287268313585614
0,20,2.064291871370289
0,21,61.40878539524942
0,22,61.40878539524942
0,23,2.510415852150685
0,24,61.40878539524942
0,25,3.0227575190893803
0,26,2.747356740067726
0,27,2.7152600671528115
0,28,1.7664772270230211
0,29,61.40878539524942
0,30,2.840420837284779
0,31,3.899003449233016
0,32,4.545804892763615
0,33,3.782045131873037
0,34,2.761658448628237
0,35,2.259888971734165
0,36,1.8510609742793875
0,37,61.40878539524942
1,0,0.9262188348717004
1,1,0.0
1,2,60.62244521046773
1,3,2.362343002810176
1,4,1.0026204265302858
1,5,60.62244521046773
1,6,1.2260545042513935
1,7,0.5715388422806447
1,8,1.6309860447617148
1,9,0.6952585849555428
1,10,3.279112980371392
1,11,3.2484653042725222
1,12,1.113601795849997
1,13,4.31504049901511
1,14,60.62244521046773
1,15,60.62244521046773
1,16,60.62244521046773
1,17,60.62244521046773
1,18,2.3024792972758146
1,19,1.656466084672731
1,20,1.567919087571935
1,21,60.62244521046773
1,22,60.62244521046773
1,23,1.7063726121530343
1,24,60.62244521046773
1,25,2.8876440382255497
1,26,2.3847072011784447
1,27,2.144263221187713
1,28,2.6898687088238344
1,29,60.62244521046773
1,30,3.690272391050351
1,31,4.5696228767470135
1,32,5.014189600290378
1,33,3.9410077753843504
1,34,3.086429934188519
1,35,2.8730101205282392
1,36,2.499531966849083
1,37,60.62244521046773
2,0,61.40878539524942
2,1,60.62244521046773
2,2,0.0
2,3,62.96133694689292
2,4,60.92287683382178
2,5,0.0
2,6,60.47555322909295
2,7,60.89411167813385
2,8,59.54543010019384
2,9,59.93025454302339
2,10,62.90718035809496
2,11,63.85742729994982
2,12,61.18160434056012
2,13,60.43528242611132
2,14,0.0
2,15,0.0
2,16,0.0
2,17,0.0
2,18,58.3965984141715
2,19,60.63692099700622
2,20,59.40870816647647
2,21,0.0
2,22,0.0
2,23,58.92191456439993
2,24,0.0
2,25,59.15181616891849
2,26,58.94704250062765
2,27,58.754904313518864
2,28,62.82057488584868
2,29,0.0
2,30,62.91801164995464
2,31,62.17446003251483
2,32,61.02418690156627
2,33,59.65402134978876
2,34,60.50195081934166
2,35,61.49219323994085
2,36,61.53035504911107
2,37,0.0
3,0,1.760078040993659
3,1,2.362343002810176
3,2,62.96133694689292
3,3,0.0
3,4,2.135427477866453
3,5,62.96133694689292
3,6,2.937183252217393
3,7,2.0747664775117625
3,8,3.5351896691346565
3,9,3.056950623179848
3,10,2.7183661325978616
3,11,1.099498276258367
3,12,2.2089085534219968
3,13,5.333937169780072
3,14,62.96133694689292
3,15,62.96133694689292
3,16,62.96133694689292
3,17,62.96133694689292
3,18,4.657441321045017
3,19,2.6857812306428177
3,20,3.7952464466948914
3,21,62.96133694689292
3,22,62.96133694689292
3,23,4.0668796154858375
3,24,62.96133694689292
3,25,4.755552825737857
3,26,4.506498635743583
3,27,4.431988531675439
3,28,1.9110261510670372
3,29,62.96133694689292
3,30,3.2621114552961257
3,31,4.752715539694087
3,32,5.73180150655873
3,33,5.345571270713791
3,34,4.2412447733142
3,35,3.4364744261864044
3,36,3.048768171888393
3,37,62.96133694689292
4,0,1.5301689248029555
4,1,1.0026204265302858
4,2,60.92287683382178
4,3,2.135427477866453
4,4,0.0
4,5,60.92287683382178
4,6,2.220515927302285
4,7,0.45522435063891853
4,8,1.4048570740721658
4,9,1.4219619037102262
4,10,3.8715807858687077
4,11,3.197353243112236
4,12,1.9414660508161288
4,13,5.295929197114158
4,14,60.92287683382178
4,15,60.92287683382178
4,16,60.92287683382178
4,17,60.92287683382178
4,18,2.95577421912323
4,19,0.7585374980460774
4,20,2.4642747004238545
4,21,60.92287683382178
4,22,60.92287683382178
4,23,2.2779210077366043
4,24,60.92287683382178
4,25,3.8671440539335387
4,26,3.3033189512149232
4,27,2.9507935366033946
4,28,3.155356985031161
4,29,60.92287683382178
4,30,4.347383146863011
4,31,5.416117531701436
4,32,5.965550044458707
4,33,4.943290230832362
4,34,4.066820024669298
4,35,3.7472795534800096
4,36,3.3494932499250147
4,37,60.92287683382178
5,0,61.40878539524942
5,1,60.62244521046773
5,2,0.0
5,3,62.96133694689292
5,4,60.92287683382178
5,5,0.0
5,6,60.47555322909295
5,7,60.89411167813385
5,8,59.54543010019384
5,9,59.93025454302339
5,10,62.90718035809496
5,11,63.85742729994982
5,12,61.18160434056012
5,13,60.43528242611132
5,14,0.0
5,15,0.0
5,16,0.0
5,17,0.0
5,18,58.3965984141715
5,19,60.63692099700622
5,20,59.40870816647647
5,21,0.0
5,22,0.0
5,23,58.92191456439993
5,24,0.0
5,25,59.15181616891849
5,26,58.94704250062765
5,27,58.754904313518864
5,28,62.82057488584868
5,29,0.0
5,30,62.91801164995464
5,31,62.17446003251483
5,32,61.02418690156627
5,33,59.65402134978876
5,34,60.50195081934166
5,35,61.49219323994085
5,36,61.53035504911107
5,37,0.0
6,0,1.1870020044591736
6,1,1.2260545042513935
6,2,60.47555322909295
6,3,2.937183252217393
6,4,2.220515927302285
6,5,60.47555322909295
6,6,0.0
6,7,1.7716420975451872
6,8,2.6052145065834673
6,9,1.2702728162605355
6,10,2.6762492675030036
6,11,3.510935877292481
6,12,0.7519787426074013
6,13,3.091996094773728
6,14,60.47555322909295
6,15,60.47555322909295
6,16,60.47555322909295
6,17,60.47555322909295
6,18,2.1674732526272504
6,19,2.8767974112009536
6,20,1.088707284257478
6,21,60.47555322909295
6,22,60.47555322909295
6,23,1.8833083592189332
6,24,60.47555322909295
6,25,1.838647239851036
6,26,1.605139198149922
6,27,1.727303155038603
6,28,2.3663783419010778
6,29,60.47555322909295
6,30,2.950123040056889
6,31,3.506165019194136
6,32,3.8140275065666898
6,33,2.733044526850938
6,34,1.8654298467426085
6,35,1.8227686522049882
6,36,1.5265993083216294
6,37,60.47555322909295
7,0,1.12041948521945
7,1,0.5715388422806447
7,2,60.89411167813385
7,3,2.0747664775117625
7,4,0.45522435063891853
7,5,60.89411167813385
7,6,1.7716420975451872
7,7,0.0
7,8,1.532101182310632
7,9,1.1178701713732773
7,10,3.5013015426736085
7,11,3.0714335134284676
7,12,1.4967666863430036
7,13,4.841481850764734
7,14,60.89411167813385
7,15,60.89411167813385
7,16,60.89411167813385
7,17,60.89411167813385
7,18,2.7235817992928624
7,19,1.1843097458289844
7,20,2.106394504303914
7,21,60.89411167813385
7,22,60.89411167813385
7,23,2.073217979002417
7,24,60.89411167813385
7,25,3.4584356598856862
7,26,2.936105946470504
7,27,2.643333309323689
7,28,2.8215654145182483
7,29,60.89411167813385
7,30,3.9591683894714027
7,31,4.978870060046376
7,32,5.5109326890848225
7,33,4.500209453590181
7,34,3.6125328026642562
7,35,3.30214523016816
7,36,2.9081020679427807
7,37,60.89411167813385
8,0,2.533576255893237
8,1,1.6309860447617148
8,2,59.54543010019384
8,3,3.5351896691346565
8,4,1.4048570740721658
8,5,59.54543010019384
8,6,2.6052145065834673
8,7,1.532101182310632
8,8,0.0
8,9,1.341219106320872
8,10,4.909616489006497
8,11,4.578871949822997
8,12,2.7303478533560357
8,13,5.579087837399041
8,14,59.54543010019384
8,15,59.54543010019384
8,16,59.54543010019384
8,17,59.54543010019384
8,18,2.130712175350721
8,19,1.170013682198968
8,20,2.2069717552542896
8,21,59.54543010019384
8,22,59.54543010019384
8,23,1.4897985301586885
8,24,59.54543010019384
8,25,3.7050389223522657
8,26,2.960555743925097
8,27,2.393060551280357
8,28,4.296348928049093
8,29,59.54543010019384
8,30,5.318270458371114
8,31,6.102341178498603
8,32,6.368669073147143
8,33,5.0155188057419
8,34,4.394315427275018
8,35,4.4056112436691395
8,36,4.063367117974379
8,37,59.54543010019384
9,0,1.5375776169139064
9,1,0.6952585849555428
9,2,59.93025454302339
9,3,3.056950623179848
9,4,1.4219619037102262
9,5,59.93025454302339
9,6,1.2702728162605355
9,7,1.1178701713732773
9,8,1.341219106320872
9,9,0.0
9,10,3.7479357375791116
9,11,3.9337940118160963
9,12,1.5378045013651482
9,13,4.259004152514327
9,14,59.93025454302339
9,15,59.93025454302339
9,16,59.93025454302339
9,17,59.93025454302339
9,18,1.6201659259633079
9,19,1.8550500398176517
9,20,1.060924048308403
9,21,59.93025454302339
9,22,59.93025454302339
9,23,1.011193528736478
9,24,59.93025454302339
9,25,2.53317499617591
9,26,1.8998879274702516
9,27,1.5334688378546781
9,28,3.2464642268255286
9,29,59.93025454302339
9,30,4.103076657151586
9,31,4.775740269419036
9,32,5.033536894973046
9,33,3.7504564414078096
9,34,3.0606945043972957
9,35,3.086417638374739
9,36,2.764373116111475
9,37,59.93025454302339
10,0,2.393734996548151
10,1,3.279112980371392
10,2,62.90718035809496
10,3,2.7183661325978616
10,4,3.8715807858687077
10,5,62.90718035809496
10,6,2.6762492675030036
10,7,3.5013015426736085
10,8,4.909616489006497
10,9,3.7479357375791116
10,10,0.0
10,11,2.2990147137196844
10,12,2.212248428324404
10,13,3.189508852076423
10,14,62.90718035809496
10,15,62.90718035809496
10,16,62.90718035809496
10,17,62.90718035809496
10,18,4.829562767944744
10,19,4.624794856394638
10,20,3.7431599994730784
10,21,62.90718035809496
10,22,62.90718035809496
10,23,4.545838890662423
10,24,62.90718035809496
10,25,3.759858474947977
10,26,4.00708108900081
10,27,4.339383285327023
10,28,0.8152111983424466
10,29,62.90718035809496
10,30,0.543864331934146
10,31,2.110756319762208
10,32,3.2946994017493783
10,33,3.594598385441406
10,34,2.5261522455984444
10,35,1.4729013388089176
10,36,1.3768385926122038
10,37,62.90718035809496
11,0,2.4568817680027593
11,1,3.2484653042725222
11,2,63.85742729994982
11,3,1.099498276258367
11,4,3.197353243112236
11,5,63.85742729994982
11,6,3.510935877292481
11,7,3.0714335134284676
11,8,4.578871949822997
11,9,3.9337940118160963
11,10,2.2990147137196844
11,11,0.0
11,12,2.7616910638528656
11,13,5.3339736945096226
11,14,63.85742729994982
11,15,63.85742729994982
11,16,63.85742729994982
11,17,63.85742729994982
11,18,5.469486310327148
11,19,3.7810821470143026
11,20,4.506046368328346
11,21,63.85742729994982
11,22,63.85742729994982
11,23,4.93776973720933
11,24,63.85742729994982
11,25,5.209837286289963
11,26,5.115568542284488
11,27,5.161768119457444
11,28,1.6456871676065272
11,29,63.85742729994982
11,30,2.802095358104021
11,31,4.40836877429291
11,32,5.564620917539378
11,33,5.530218114809686
11,34,4.397825398250792
11,35,3.4335061888997225
11,36,3.116035096160138
11,37,63.85742729994982
12,0,0.5276903394438859
12,1,1.113601795849997
12,2,61.18160434056012
12,3,2.2089085534219968
12,4,1.9414660508161288
12,5,61.18160434056012
12,6,0.7519787426074013
12,7,1.4967666863430036
12,8,2.7303478533560357
12,9,1.5378045013651482
12,10,2.212248428324404
12,11,2.7616910638528656
12,12,0.0
12,13,3.444445645639998
12,14,61.18160434056012
12,15,61.18160434056012
12,16,61.18160434056012
12,17,61.18160434056012
12,18,2.8081589990149434
12,19,2.6805420045515076
12,20,1.7733308872581734
12,21,61.18160434056012
12,22,61.18160434056012
12,23,2.4012288266305317
12,24,61.18160434056012
12,25,2.546645158142751
12,26,2.3565921417420888
12,27,2.428934334731824
12,28,1.738746575282391
12,29,61.18160434056012
12,30,2.5911077187520104
12,31,3.484621972484747
12,32,4.0517704859487695
12,33,3.255229593558345
12,34,2.2371419356330313
12,35,1.8059789811790972
12,36,1.411937312856183
12,37,61.18160434056012
13,0,3.962503866917486
13,1,4.31504049901511
13,2,60.43528242611132
13,3,5.333937169780072
13,4,5.295929197114158
13,5,60.43528242611132
13,6,3.091996094773728
13,7,4.841481850764734
13,8,5.579087837399041
13,9,4.259004152514327
13,10,3.189508852076423
13,11,5.3339736945096226
13,12,3.444445645639998
13,13,0.0
13,14,60.43528242611132
13,15,60.43528242611132
13,16,60.43528242611132
13,17,60.43528242611132
13,18,4.196122643219056
13,19,5.9687258898966284
13,20,3.446389506931539
13,21,60.43528242611132
13,22,60.43528242611132
13,23,4.396876181775718
13,24,60.43528242611132
13,25,2.2047871914118256
13,26,2.974000185927117
13,27,3.625571853023436
13,28,3.689340845846078
13,29,60.43528242611132
13,30,2.8899546123020494
13,31,1.7400298655786932
13,32,0.8938237977535314
13,33,0.9124164158167191
13,34,1.2292951065225135
13,35,1.9148959598117357
13,36,2.2860367974709335
13,37,60.43528242611132
14,0,61.40878539524942
14,1,60.62244521046773
14,2,0.0
14,3,62.96133694689292
14,4,60.92287683382178
14,5,0.0
14,6,60.47555322909295
14,7,60.89411167813385
14,8,59.54543010019384
14,9,59.93025454302339
14,10,62.90718035809496
14,11,63.85742729994982
14,12,61.18160434056012
14,13,60.43528242611132
14,14,0.0
14,15,0.0
14,16,0.0
14,17,0.0
14,18,58.3965984141715
14,19,60.63692099700622
14,20,59.40870816647647
14,21,0.0
14,22,0.0
14,23,58.92191456439993
14,24,0.0
14,25,59.15181616891849
14,26,58.94704250062765
14,27,58.754904313518864
14,28,62.82057488584868
14,29,0.0
14,30,62.91801164995464
14,31,62.17446003251483
14,32,61.02418690156627
14,33,59.65402134978876
14,34,60.50195081934166
14,35,61.49219323994085
14,36,61.53035504911107
14,37,0.0
15,0,61.40878539524942
15,1,60.62244521046773
15,2,0.0
15,3,62.96133694689292
15,4,60.92287683382178
15,5,0.0
15,6,60.47555322909295
15,7,60.89411167813385
15,8,59.54543010019384
15,9,59.93025454302339
15,10,62.90718035809496
15,11,63.85742729994982
15,12,61.18160434056012
15,13,60.43528242611132
15,14,0.0
15,15,0.0
15,16,0.0
15,17,0.0
15,18,58.3965984141715
15,19,60.63692099700622
15,20,59.40870816647647
15,21,0.0
15,22,0.0
15,23,58.92191456439993
15,24,0.0
15,25,59.15181616891849
15,26,58.94704250062765
15,27,58.754904313518864
15,28,62.82057488584868
15,29,0.0
15,30,62.91801164995464
15,31,62.17446003251483
15,32,61.02418690156627
15,33,59.65402134978876
15,34,60.50195081934166
15,35,61.49219323994085
15,36,61.53035504911107
15,37,0.0
16,0,61.40878539524942
16,1,60.62244521046773
16,2,0.0
16,3,62.96133694689292
16,4,60.92287683382178
16,5,0.0
16,6,60.47555322909295
16,7,60.89411167813385
16,8,59.54543010019384
16,9,59.93025454302339
16,10,62.90718035809496
16,11,63.85742729994982
16,12,61.18160434056012
16,13,60.43528242611132
16,14,0.0
16,15,0.0
16,16,0.0
16,17,0.0
16,18,58.3965984141715
16,19,60.63692099700622
16,20,59.40870816647647
16,21,0.0
16,22,0.0
16,23,58.92191456439993
16,24,0.0
16,25,59.15181616891849
16,26,58.94704250062765
16,27,58.754904313518864
16,28,62.82057488584868
16,29,0.0
16,30,62.91801164995464
16,31,62.17446003251483
16,32,61.02418690156627
16,33,59.65402134978876
16,34,60.50195081934166
16,35,61.49219323994085
16,36,61.53035504911107
16,37,0.0
17,0,61.40878539524942
17,1,60.62244521046773
17,2,0.0
17,3,62.96133694689292
17,4,60.92287683382178
17,5,0.0
17,6,60.47555322909295
17,7,60.89411167813385
17,8,59.54543010019384
17,9,59.93025454302339
17,10,62.90718035809496
17,11,63.85742729994982
17,12,61.18160434056012
17,13,60.43528242611132
17,14,0.0
17,15,0.0
17,16,0.0
17,17,0.0
17,18,58.3965984141715
17,19,60.63692099700622
17,20,59.40870816647647
17,21,0.0
17,22,0.0
17,23,58.92191456439993
17,24,0.0
17,25,59.15181616891849
17,26,58.94704250062765
17,27,58.754904313518864
17,28,62.82057488584868
17,29,0.0
17,30,62.91801164995464
17,31,62.17446003251483
17,32,61.02418690156627
17,33,59.65402134978876
17,34,60.50195081934166
17,35,61.49219323994085
17,36,61.53035504911107
17,37,0.0
18,0,3.014139399297089
18,1,2.3024792972758146
18,2,58.3965984141715
18,3,4.657441321045017
18,4,2.95577421912323
18,5,58.3965984141715
18,6,2.1674732526272504
18,7,2.7235817992928624
18,8,2.130712175350721
18,9,1.6201659259633079
18,10,4.829562767944744
18,11,5.469486310327148
18,12,2.8081589990149434
18,13,4.196122643219056
18,14,58.3965984141715
18,15,58.3965984141715
18,16,58.3965984141715
18,17,58.3965984141715
18,18,0.0
18,19,3.1570307731817957
18,20,1.0864036394012464
18,21,58.3965984141715
18,22,58.3965984141715
18,23,0.6878329006183206
18,24,58.3965984141715
18,25,2.015850529704638
18,26,1.2226706157714788
18,27,0.5809727658222881
18,28,4.521620051175415
18,29,58.3965984141715
18,30,5.0532363684572355
18,31,5.252841150771483
18,32,5.077069264706572
18,33,3.424605100233439
18,34,3.2349449726192048
18,35,3.7471804478359503
18,36,3.5686192506530383
18,37,58.3965984141715
19,0,2.287268313585614
19,1,1.656466084672731
19,2,60.63692099700622
19,3,2.6857812306428177
19,4,0.7585374980460774
19,5,60.63692099700622
19,6,2.8767974112009536
19,7,1.1843097458289844
19,8,1.170013682198968
19,9,1.8550500398176517
19,10,4.624794856394638
19,11,3.7810821470143026
19,12,2.6805420045515076
19,13,5.9687258898966284
19,14,60.63692099700622
19,15,60.63692099700622
19,16,60.63692099700622
19,17,60.63692099700622
19,18,3.1570307731817957
19,19,0.0
19,20,2.9095310880629097
19,21,60.63692099700622
19,22,60.63692099700622
19,23,2.4727975819521104
19,24,60.63692099700622
19,25,4.386618649237144
19,26,3.741009672680805
19,27,3.284954226673101
19,28,3.896161770428734
19,29,60.63692099700622
19,30,5.104542309708188
19,31,6.163146533247221
19,32,6.668987524615419
19,33,5.554898694143594
19,34,4.741150311244326
19,35,4.484824633078835
19,36,4.092235927689753
19,37,60.63692099700622
20,0,2.064291871370289
20,1,1.567919087571935
20,2,59.40870816647647
20,3,3.7952464466948914
20,4,2.4642747004238545
20,5,59.40870816647647
20,6,1.088707284257478
20,7,2.106394504303914
20,8,2.2069717552542896
20,9,1.060924048308403
20,10,3.7431599994730784
20,11,4.506046368328346
20,12,1.7733308872581734
20,13,3.446389506931539
20,14,59.40870816647647
20,15,59.40870816647647
20,16,59.40870816647647
20,17,59.40870816647647
20,18,1.0864036394012464
20,19,2.9095310880629097
20,20,0.0
20,21,59.40870816647647
20,22,59.40870816647647
20,23,0.9732650693640709
20,24,59.40870816647647
20,25,1.5057422795878845
20,26,0.8403596964806096
20,27,0.6569666288879763
20,28,3.4535912067773133
20,29,59.40870816647647
20,30,3.973960844374776
20,31,4.281088306889674
20,32,4.285385640125418
20,33,2.8174596595929318
20,34,2.341857950205014
20,35,2.7030692798011193
20,36,2.496275518506366
20,37,59.40870816647647
21,0,61.40878539524942
21,1,60.62244521046773
21,2,0.0
21,3,62.96133694689292
21,4,60.92287683382178
21,5,0.0
21,6,60.47555322909295
21,7,60.89411167813385
21,8,59.54543010019384
21,9,59.93025454302339
21,10,62.90718035809496
21,11,63.85742729994982
21,12,61.18160434056012
21,13,60.43528242611132
21,14,0.0
21,15,0.0
21,16,0.0
21,17,0.0
21,18,58.3965984141715
21,19,60.63692099700622
21,20,59.40870816647647
21,21,0.0
21,22,0.0
21,23,58.92191456439993
21,24,0.0
21,25,59.15181616891849
21,26,58.94704250062765
21,27,58.754904313518864
21,28,62.82057488584868
21,29,0.0
21,30,62.91801164995464
21,31,62.17446003251483
21,32,61.02418690156627
21,33,59.65402134978876
21,34,60.50195081934166
21,35,61.49219323994085
21,36,61.53035504911107
21,37,0.0
22,0,61.40878539524942
22,1,60.62244521046773
22,2,0.0
22,3,62.96133694689292
22,4,60.92287683382178
22,5,0.0
22,6,60.47555322909295
22,7,60.89411167813385
22,8,59.54543010019384
22,9,59.93025454302339
22,10,62.90718035809496
22,11,63.85742729994982
22,12,61.18160434056012
22,13,60.43528242611132
22,14,0.0
22,15,0.0
22,16,0.0
22,17,0.0
22,18,58.3965984141715
22,19,60.63692099700622
22,20,59.40870816647647
22,21,0.0
22,22,0.0
22,23,58.92191456439993
22,24,0.0
22,25,59.15181616891849
22,26,58.94704250062765
22,27,58.754904313518864
22,28,62.82057488584868
22,29,0.0
22,30,62.91801164995464
22,31,62.17446003251483
22,32,61.02418690156627
22,33,59.65402134978876
22,34,60.50195081934166
22,35,61.49219323994085
22,36,61.53035504911107
22,37,0.0
23,0,2.510415852150685
23,1,1.7063726121530343
23,2,58.92191456439993
23,3,4.0668796154858375
23,4,2.2779210077366043
23,5,58.92191456439993
23,6,1.8833083592189332
23,7,2.073217979002417
23,8,1.4897985301586885
23,9,1.011193528736478
23,10,4.545838890662423
23,11,4.93776973720933
23,12,2.4012288266305317
23,13,4.396876181775718
23,14,58.92191456439993
23,15,58.92191456439993
23,16,58.92191456439993
23,17,58.92191456439993
23,18,0.6878329006183206
23,19,2.4727975819521104
23,20,0.9732650693640709
23,21,58.92191456439993
23,22,58.92191456439993
23,23,0.0
23,24,58.92191456439993
23,25,2.3322433149763726
23,26,1.5408597433674
23,27,0.9190371973918532
23,28,4.1399706490049715
23,29,58.92191456439993
23,30,4.8333748805810295
23,31,5.244821888193265
23,32,5.2478646248345875
23,33,3.715445792276921
23,34,3.3140837752344523
23,35,3.6347662026212997
23,36,3.3896022412425553
23,37,58.92191456439993
24,0,61.40878539524942
24,1,60.62244521046773
24,2,0.0
24,3,62.96133694689292
24,4,60.92287683382178
24,5,0.0
24,6,60.47555322909295
24,7,60.89411167813385
24,8,59.54543010019384
24,9,59.93025454302339
24,10,62.90718035809496
24,11,63.85742729994982
24,12,61.18160434056012
24,13,60.43528242611132
24,14,0.0
24,15,0.0
24,16,0.0
24,17,0.0
24,18,58.3965984141715
24,19,60.63692099700622
24,20,59.40870816647647
24,21,0.0
24,22,0.0
24,23,58.92191456439993
24,24,0.0
24,25,59.15181616891849
24,26,58.94704250062765
24,27,58.754904313518864
24,28,62.82057488584868
24,29,0.0
24,30,62.91801164995464
24,31,62.17446003251483
24,32,61.02418690156627
24,33,59.65402134978876
24,34,60.50195081934166
24,35,61.49219323994085
24,36,61.53035504911107
24,37,0.0
25,0,3.0227575190893803
25,1,2.8876440382255497
25,2,59.15181616891849
25,3,4.755552825737857
25,4,3.8671440539335387
25,5,59.15181616891849
25,6,1.838647239851036
25,7,3.4584356598856862
25,8,3.7050389223522657
25,9,2.53317499617591
25,10,3.759858474947977
25,11,5.209837286289963
25,12,2.546645158142751
25,13,2.2047871914118256
25,14,59.15181616891849
25,15,59.15181616891849
25,16,59.15181616891849
25,17,59.15181616891849
25,18,2.015850529704638
25,19,4.386618649237144
25,20,1.5057422795878845
25,21,59.15181616891849
25,22,59.15181616891849
25,23,2.3322433149763726
25,24,59.15181616891849
25,25,0.0
25,26,0.8050091933706506
25,27,1.4683369167306888
25,28,3.7968371347727943
25,29,59.15181616891849
25,30,3.782325750059263
25,31,3.495746427518648
25,32,3.0963700974397037
25,33,1.409367874518058
25,34,1.4674448600507315
25,35,2.3505278180475027
25,36,2.385983447887836
25,37,59.15181616891849
26,0,2.747356740067726
26,1,2.3847072011784447
26,2,58.94704250062765
26,3,4.506498635743583
26,4,3.3033189512149232
26,5,58.94704250062765
26,6,1.605139198149922
26,7,2.936105946470504
26,8,2.960555743925097
26,9,1.8998879274702516
26,10,4.00708108900081
26,11,5.115568542284488
26,12,2.3565921417420888
26,13,2.974000185927117
26,14,58.94704250062765
26,15,58.94704250062765
26,16,58.94704250062765
26,17,58.94704250062765
26,18,1.2226706157714788
26,19,3.741009672680805
26,20,0.8403596964806096
26,21,58.94704250062765
26,22,58.94704250062765
26,23,1.5408597433674
26,24,58.94704250062765
26,25,0.8050091933706506
26,26,0.0
26,27,0.6636939412027241
26,28,3.8778029630676087
26,29,58.94704250062765
26,30,4.132388960197144
26,31,4.110726095937
26,32,3.8571041828903576
26,33,2.2120729340679244
26,34,2.065003117119748
26,35,2.7371103604322804
26,36,2.6523186345999887
26,37,58.94704250062765
27,0,2.7152600671528115
27,1,2.144263221187713
27,2,58.754904313518864
27,3,4.431988531675439
27,4,2.9507935366033946
27,5,58.754904313518864
27,6,1.727303155038603
27,7,2.643333309323689
27,8,2.393060551280357
27,9,1.5334688378546781
27,10,4.339383285327023
27,11,5.161768119457444
27,12,2.428934334731824
27,13,3.625571853023436
27,14,58.754904313518864
27,15,58.754904313518864
27,16,58.754904313518864
27,17,58.754904313518864
27,18,0.5809727658222881
27,19,3.284954226673101
27,20,0.6569666288879763
27,21,58.754904313518864
27,22,58.754904313518864
27,23,0.9190371973918532
27,24,58.754904313518864
27,25,1.4683369167306888
27,26,0.6636939412027241
27,27,0.0
27,28,4.092469752960078
27,29,58.754904313518864
27,30,4.53243496601175
27,31,4.676531546012629
27,32,4.5028237852115875
27,33,2.8757054635687003
27,34,2.654341767442352
27,35,3.196360042545493
27,36,3.0419622456512125
27,37,58.754904313518864
28,0,1.7664772270230211
28,1,2.6898687088238344
28,2,62.82057488584868
28,3,1.9110261510670372
28,4,3.155356985031161
28,5,62.82057488584868
28,6,2.3663783419010778
28,7,2.8215654145182483
28,8,4.296348928049093
28,9,3.2464642268255286
28,10,0.8152111983424466
28,11,1.6456871676065272
28,12,1.738746575282391
28,13,3.689340845846078
28,14,62.82057488584868
28,15,62.82057488584868
28,16,62.82057488584868
28,17,62.82057488584868
28,18,4.521620051175415
28,19,3.896161770428734
28,20,3.4535912067773133
28,21,62.82057488584868
28,22,62.82057488584868
28,23,4.1399706490049715
28,24,62.82057488584868
28,25,3.7968371347727943
28,26,3.8778029630676087
28,27,4.092469752960078
28,28,0.0
28,29,62.82057488584868
28,30,1.3576481324198573
28,31,2.8599694065915364
28,32,3.938312950139375
28,33,3.928303752359099
28,34,2.8013188071584056
28,35,1.799095917993099
28,36,1.5174132607591893
28,37,62.82057488584868
29,0,61.40878539524942
29,1,60.62244521046773
29,2,0.0
29,3,62.96133694689292
29,4,60.92287683382178
29,5,0.0
29,6,60.47555322909295
29,7,60.89411167813385
29,8,59.54543010019384
29,9,59.93025454302339
29,10,62.90718035809496
29,11,63.85742729994982
29,12,61.18160434056012
29,13,60.43528242611132
29,14,0.0
29,15,0.0
29,16,0.0
29,17,0.0
29,18,58.3965984141715
29,19,60.63692099700622
29,20,59.40870816647647
29,21,0.0
29,22,0.0
29,23,58.92191456439993
29,24,0.0
29,25,59.15181616891849
29,26,58.94704250062765
29,27,58.754904313518864
29,28,62.82057488584868
29,29,0.0
29,30,62.91801164995464
29,31,62.17446003251483
29,32,61.02418690156627
29,33,59.65402134978876
29,34,60.50195081934166
29,35,61.49219323994085
29,36,61.53035504911107
29,37,0.0
30,0,2.840420837284779
30,1,3.690272391050351
30,2,62.91801164995464
30,3,3.2621114552961257
30,4,4.347383146863011
30,5,62.91801164995464
30,6,2.950123040056889
30,7,3.9591683894714027
30,8,5.318270458371114
30,9,4.103076657151586
30,10,0.543864331934146
30,11,2.802095358104021
30,12,2.5911077187520104
30,13,2.8899546123020494
30,14,62.91801164995464
30,15,62.91801164995464
30,16,62.91801164995464
30,17,62.91801164995464
30,18,5.0532363684572355
30,19,5.104542309708188
30,20,3.973960844374776
30,21,62.91801164995464
30,22,62.91801164995464
30,23,4.8333748805810295
30,24,62.91801164995464
30,25,3.782325750059263
30,26,4.132388960197144
30,27,4.53243496601175
30,28,1.3576481324198573
30,29,62.91801164995464
30,30,0.0
30,31,1.6188250835990217
30,32,2.876759443247879
30,33,3.4122589831861214
30,34,2.4275077847878412
30,35,1.4317979940893852
30,36,1.491159541813223
30,37,62.91801164995464
31,0,3.899003449233016
31,1,4.5696228767470135
31,2,62.17446003251483
31,3,4.752715539694087
31,4,5.416117531701436
31,5,62.17446003251483
31,6,3.506165019194136
31,7,4.978870060046376
31,8,6.102341178498603
31,9,4.775740269419036
31,10,2.110756319762208
31,11,4.40836877429291
31,12,3.484621972484747
31,13,1.7400298655786932
31,14,62.17446003251483
31,15,62.17446003251483
31,16,62.17446003251483
31,17,62.17446003251483
31,18,5.252841150771483
31,19,6.163146533247221
31,20,4.281088306889674
31,21,62.17446003251483
31,22,62.17446003251483
31,23,5.244821888193265
31,24,62.17446003251483
31,25,3.495746427518648
31,26,4.110726095937
31,27,4.676531546012629
31,28,2.8599694065915364
31,29,62.17446003251483
31,30,1.6188250835990217
31,31,0.0
31,32,1.3642266211179173
31,33,2.555467322830849
31,34,2.049665031327061
31,35,1.700195900966579
31,36,2.0736580933367867
31,37,62.17446003251483
32,0,4.545804892763615
32,1,5.014189600290378
32,2,61.02418690156627
32,3,5.73180150655873
32,4,5.965550044458707
32,5,61.02418690156627
32,6,3.8140275065666898
32,7,5.5109326890848225
32,8,6.368669073147143
32,9,5.033536894973046
32,10,3.2946994017493783
32,11,5.564620917539378
32,12,4.0517704859487695
32,13,0.8938237977535314
32,14,61.02418690156627
32,15,61.02418690156627
32,16,61.02418690156627
32,17,61.02418690156627
32,18,5.077069264706572
32,19,6.668987524615419
32,20,4.285385640125418
32,21,61.02418690156627
32,22,61.02418690156627
32,23,5.2478646248345875
32,24,61.02418690156627
32,25,3.0963700974397037
32,26,3.8571041828903576
32,27,4.5028237852115875
32,28,3.938312950139375
32,29,61.02418690156627
32,30,2.876759443247879
32,31,1.3642266211179173
32,32,0.0
32,33,1.7838671541094901
32,34,1.9744726556454493
32,35,2.3259047562114237
32,36,2.7368958941632284
32,37,61.02418690156627
33,0,3.782045131873037
33,1,3.9410077753843504
33,2,59.65402134978876
33,3,5.345571270713791
33,4,4.943290230832362
33,5,59.65402134978876
33,6,2.733044526850938
33,7,4.500209453590181
33,8,5.0155188057419
33,9,3.7504564414078096
33,10,3.594598385441406
33,11,5.530218114809686
33,12,3.255229593558345
33,13,0.9124164158167191
33,14,59.65402134978876
33,15,59.65402134978876
33,16,59.65402134978876
33,17,59.65402134978876
33,18,3.424605100233439
33,19,5.554898694143594
33,20,2.8174596595929318
33,21,59.65402134978876
33,22,59.65402134978876
33,23,3.715445792276921
33,24,59.65402134978876
33,25,1.409367874518058
33,26,2.2120729340679244
33,27,2.8757054635687003
33,28,3.928303752359099
33,29,59.65402134978876
33,30,3.4122589831861214
33,31,2.555467322830849
33,32,1.7838671541094901
33,33,0.0
33,34,1.13239443377908
33,35,2.1502535393679034
33,36,2.417056644645871
33,37,59.65402134978876
34,0,2.761658448628237
34,1,3.086429934188519
34,2,60.50195081934166
34,3,4.2412447733142
34,4,4.066820024669298
34,5,60.50195081934166
34,6,1.8654298467426085
34,7,3.6125328026642562
34,8,4.394315427275018
34,9,3.0606945043972957
34,10,2.5261522455984444
34,11,4.397825398250792
34,12,2.2371419356330313
34,13,1.2292951065225135
34,14,60.50195081934166
34,15,60.50195081934166
34,16,60.50195081934166
34,17,60.50195081934166
34,18,3.2349449726192048
34,19,4.741150311244326
34,20,2.341857950205014
34,21,60.50195081934166
34,22,60.50195081934166
34,23,3.3140837752344523
34,24,60.50195081934166
34,25,1.4674448600507315
34,26,2.065003117119748
34,27,2.654341767442352
34,28,2.8013188071584056
34,29,60.50195081934166
34,30,2.4275077847878412
34,31,2.049665031327061
34,32,1.9744726556454493
34,33,1.13239443377908
34,34,0.0
34,35,1.0545708735958466
34,36,1.286212808045044
34,37,60.50195081934166
35,0,2.259888971734165
35,1,2.8730101205282392
35,2,61.49219323994085
35,3,3.4364744261864044
35,4,3.7472795534800096
35,5,61.49219323994085
35,6,1.8227686522049882
35,7,3.30214523016816
35,8,4.4056112436691395
35,9,3.086417638374739
35,10,1.4729013388089176
35,11,3.4335061888997225
35,12,1.8059789811790972
35,13,1.9148959598117357
35,14,61.49219323994085
35,15,61.49219323994085
35,16,61.49219323994085
35,17,61.49219323994085
35,18,3.7471804478359503
35,19,4.484824633078835
35,20,2.7030692798011193
35,21,61.49219323994085
35,22,61.49219323994085
35,23,3.6347662026212997
35,24,61.49219323994085
35,25,2.3505278180475027
35,26,2.7371103604322804
35,27,3.196360042545493
35,28,1.799095917993099
35,29,61.49219323994085
35,30,1.4317979940893852
35,31,1.700195900966579
35,32,2.3259047562114237
35,33,2.1502535393679034
35,34,1.0545708735958466
35,35,0.0
35,36,0.41373048235074217
35,37,61.49219323994085
36,0,1.8510609742793875
36,1,2.499531966849083
36,2,61.53035504911107
36,3,3.048768171888393
36,4,3.3494932499250147
36,5,61.53035504911107
36,6,1.5265993083216294
36,7,2.9081020679427807
36,8,4.063367117974379
36,9,2.764373116111475
36,10,1.3768385926122038
36,11,3.116035096160138
36,12,1.411937312856183
36,13,2.2860367974709335
36,14,61.53035504911107
36,15,61.53035504911107
36,16,61.53035504911107
36,17,61.53035504911107
36,18,3.5686192506530383
36,19,4.092235927689753
36,20,2.496275518506366
36,21,61.53035504911107
36,22,61.53035504911107
36,23,3.3896022412425553
36,24,61.53035504911107
36,25,2.385983447887836
36,26,2.6523186345999887
36,27,3.0419622456512125
36,28,1.5174132607591893
36,29,61.53035504911107
36,30,1.491159541813223
36,31,2.0736580933367867
36,32,2.7368958941632284
36,33,2.417056644645871
36,34,1.286212808045044
36,35,0.41373048235074217
36,36,0.0
36,37,61.53035504911107
37,0,61.40878539524942
37,1,60.62244521046773
37,2,0.0
37,3,62.96133694689292
37,4,60.92287683382178
37,5,0.0
37,6,60.47555322909295
37,7,60.89411167813385
37,8,59.54543010019384
37,9,59.93025454302339
37,10,62.90718035809496
37,11,63.85742729994982
37,12,61.18160434056012
37,13,60.43528242611132
37,14,0.0
37,15,0.0
37,16,0.0
37,17,0.0
37,18,58.3965984141715
37,19,60.63692099700622
37,20,59.40870816647647
37,21,0.0
37,22,0.0
37,23,58.92191456439993
37,24,0.0
37,25,59.15181616891849
37,26,58.94704250062765
37,27,58.754904313518864
37,28,62.82057488584868
37,29,0.0
37,30,62.91801164995464
37,31,62.17446003251483
37,32,61.02418690156627
37,33,59.65402134978876
37,34,60.50195081934166
37,35,61.49219323994085
37,36,61.53035504911107
37,37,0.0
