source_id,target_id,rtt
0,0,0.0
0,1,10.907543958340426
0,2,3.8432720053899234
0,3,0.8548459060388592
0,4,6.359428726086341
0,5,6.3924648696701025
0,6,6.072593200896146
0,7,9.632397430206273
0,8,10.066229477508323
0,9,7.120033039329716
0,10,9.860345121665931
0,11,0.3171757782120369
0,12,7.747397190846407
0,13,7.605912763986668
0,14,10.403383108673468
0,15,7.327452389616611
0,16,33.649807463862935
0,17,33.44073332280309
0,18,31.911456642050993
0,19,27.206052215435474
0,20,18.78017104072635
0,21,16.498654597568308
0,22,16.111992667795157
0,23,17.822627926717818
1,0,10.907543958340426
1,1,0.0
1,2,11.188233635089853
1,3,10.179637769593171
1,4,8.842451822454699
1,5,9.41540066439077
1,6,8.723435804966215
1,7,1.93100372758086
1,8,4.9794072546654675
1,9,10.785217090768741
1,10,15.114301050460663
1,11,11.21432189607026
1,12,12.076909915936735
1,13,11.997382343446846
1,14,12.856729319407226
1,15,9.461419121038823
1,16,36.18635821429117
1,17,35.802131299028204
1,18,32.78484267923174
1,19,27.183430883236817
1,20,14.321973761726012
1,21,13.516077103045005
1,22,13.031802665437787
1,23,12.265866827666562
2,0,3.8432720053899234
2,1,11.188233635089853
2,2,0.0
2,3,3.408761113725891
2,4,9.582092531678795
2,5,9.757316433484851
2,6,9.271097313132302
2,7,9.467968989912421
2,8,12.01132402580401
2,9,10.713307413939306
2,10,13.70147257624713
2,11,3.8057162309663073
2,12,11.479149278444435
2,13,11.336692509835263
2,14,6.64826494978273
2,15,4.192640846885479
2,16,29.88801726825495
2,17,29.66448531936699
2,18,28.069565050612916
2,19,23.381220386512595
2,20,15.757372885020546
2,21,13.277385034780497
2,22,12.938096758300642
2,23,15.144463074446293
3,0,0.8548459060388592
3,1,10.179637769593171
3,2,3.408761113725891
3,3,0.0
3,4,6.338159064146394
3,5,6.447439252994669
3,6,6.036398879894739
3,7,8.847329130280709
3,8,9.63558675078947
3,9,7.324303782425208
3,10,10.361879371725763
3,11,1.1010937604142783
3,12,8.070474663553846
3,13,7.928011308027998
3,14,9.806174131920182
3,15,6.5878308400375065
3,16,33.29646848636909
3,17,33.073189572403535
3,18,31.431282581445668
3,19,26.64761038215332
3,20,17.975738422202035
3,21,15.72473760676737
3,22,15.331521063118135
3,23,16.98895492130062
4,0,6.359428726086341
4,1,8.842451822454699
4,2,9.582092531678795
4,3,6.338159064146394
4,4,0.0
4,5,0.5730385255825676
4,6,0.3141954503524882
4,7,8.735075258827562
4,8,5.264550815772273
4,9,1.995796273799922
4,10,6.35470794329617
4,11,6.607665968120217
4,12,3.2908637278483686
4,13,3.194841289313291
4,14,15.205965770327218
4,15,11.426452021953567
4,16,39.25995325629326
4,17,38.99976238849964
4,18,36.98847964063542
4,19,31.88411146456902
4,20,21.21581715981306
4,21,19.51884545976554
4,22,19.05888114580273
4,23,19.63406938562519
5,0,6.3924648696701025
5,1,9.41540066439077
5,2,9.757316433484851
5,3,6.447439252994669
5,4,0.5730385255825676
5,5,0.0
5,6,0.7582568737782469
5,7,9.29714098609887
5,8,5.7656076147065445
5,9,1.445082079962604
5,10,5.793357166233927
5,11,6.62231565988322
5,12,2.731420502830174
5,13,2.6313903132621475
5,14,15.52687501004604
5,15,11.780224345112643
5,16,39.52141891199955
5,17,39.26905336221999
5,18,37.319810383843226
5,19,32.25255911265889
5,20,21.715314794814084
5,21,19.985341169951845
5,22,19.52814502146768
5,23,20.15607650126382
6,0,6.072593200896146
6,1,8.723435804966215
6,2,9.271097313132302
6,3,6.036398879894739
6,4,0.3141954503524882
6,5,0.7582568737782469
6,6,0.0
6,7,8.554908117845079
6,8,5.30797900190199
6,9,2.202530966089096
6,10,6.541308446544696
6,11,6.324913892136974
6,12,3.483222159195229
6,13,3.379542370708659
6,14,14.895665643331963
6,15,11.120242812189147
6,16,38.9460784965355
6,17,38.68614455238867
6,18,36.679850086729445
6,19,31.581312477326758
6,20,20.9625600083549
6,21,19.24676014415214
6,22,18.788127776000387
6,23,19.39822419385574
7,0,9.632397430206273
7,1,1.93100372758086
7,2,9.467968989912421
7,3,8.847329130280709
7,4,8.735075258827562
7,5,9.29714098609887
7,6,8.554908117845079
7,7,0.0
7,8,5.973999038111003
7,9,10.729880190311397
7,10,15.089627418407408
7,11,9.924987012288659
7,12,12.025922493876049
7,13,11.92838112731893
7,14,10.94075141892899
7,15,7.5342099868727095
7,16,34.43126685000454
7,17,34.05917183139132
7,18,31.159726504725874
7,19,25.6131805757419
7,20,13.18644464093012
7,21,12.095733553579878
7,22,11.609877544360785
7,23,11.296030758061224
8,0,10.066229477508323
8,1,4.9794072546654675
8,2,12.01132402580401
8,3,9.63558675078947
8,4,5.264550815772273
8,5,5.7656076147065445
8,6,5.30797900190199
8,7,5.973999038111003
8,8,0.0
8,9,6.840112026533673
8,10,10.868256657922464
8,11,10.376359352544608
8,12,8.020795725600712
8,13,7.979664024922358
8,14,15.840519523661502
8,15,12.014279828633697
8,16,39.899943088070856
8,17,39.562541951675534
8,18,36.90723101057747
8,19,31.442612290054978
8,20,19.13328031587756
8,21,18.053996787988186
8,22,17.568668027650613
8,23,17.164851293783965
9,0,7.120033039329716
9,1,10.785217090768741
9,2,10.713307413939306
9,3,7.324303782425208
9,4,1.995796273799922
9,5,1.445082079962604
9,6,2.202530966089096
9,7,10.729880190311397
9,8,6.840112026533673
9,9,0.0
9,10,4.361735726781445
9,11,7.305834037308035
9,12,1.2988416681142185
9,13,1.2123998018014936
9,14,16.715107266615057
9,15,13.02979413116085
9,16,40.57857368364146
9,17,40.3411770237567
9,18,38.505418895797916
9,19,33.50258800679928
9,20,23.139519953959756
9,21,21.377334922547004
9,22,20.9233551032069
9,23,21.59579966937469
10,0,9.860345121665931
10,1,15.114301050460663
10,2,13.70147257624713
10,3,10.361879371725763
10,4,6.35470794329617
10,5,5.793357166233927
10,6,6.541308446544696
10,7,15.089627418407408
10,8,10.868256657922464
10,9,4.361735726781445
10,10,0.0
10,11,9.927891892952697
10,12,3.0639462196638463
10,13,3.162205236108615
10,14,20.150777736957384
10,15,16.697439324260056
10,16,43.41488925754684
10,17,43.2269782839505
10,18,41.77103761468218
10,19,37.00337632067301
10,20,27.309774580640973
10,21,25.419141801905237
10,22,24.978783858148905
10,23,25.851775699587133
11,0,0.3171757782120369
11,1,11.21432189607026
11,2,3.8057162309663073
11,3,1.1010937604142783
11,4,6.607665968120217
11,5,6.62231565988322
11,6,6.324913892136974
11,7,9.924987012288659
11,8,10.376359352544608
11,9,7.305834037308035
11,10,9.927891892952697
11,11,0.0
11,12,7.891730552820967
11,13,7.750955738411009
11,14,10.411792351040383
11,15,7.42249910334743
11,16,33.54075363227307
11,17,33.3371700347071
11,18,31.854513610774262
11,19,27.186070507476426
11,20,18.91783486917331
11,21,16.610446618423165
11,22,16.229229496678396
11,23,17.993426785567138
12,0,7.747397190846407
12,1,12.076909915936735
12,2,11.479149278444435
12,3,8.070474663553846
12,4,3.2908637278483686
12,5,2.731420502830174
12,6,3.483222159195229
12,7,12.025922493876049
12,8,8.020795725600712
12,9,1.2988416681142185
12,10,3.0639462196638463
12,11,7.891730552820967
12,12,0.0
12,13,0.14248449481961364
12,14,17.66831199678352
12,15,14.0560525538083
12,16,41.36543276696387
12,17,41.14363456312096
12,18,39.42871868556034
12,19,34.49952335991073
12,20,24.360812970554914
12,21,22.55138792258964
12,22,22.102038705180583
12,23,22.848593685931807
13,0,7.605912763986668
13,1,11.997382343446846
13,2,11.336692509835263
13,3,7.928011308027998
13,4,3.194841289313291
13,5,2.6313903132621475
13,6,3.379542370708659
13,7,11.92838112731893
13,8,7.979664024922358
13,9,1.2123998018014936
13,10,3.162205236108615
13,11,7.750955738411009
13,12,0.14248449481961364
13,13,0.0
13,14,17.527493847163694
13,15,13.91780297606222
13,16,41.223034177652075
13,17,41.001177347363324
13,18,39.28701614088386
13,19,34.359605991530174
13,20,24.23841567173976
13,21,22.42283548982979
13,22,21.97401409082337
13,23,22.732340160289944
14,0,10.403383108673468
14,1,12.856729319407226
14,2,6.64826494978273
14,3,9.806174131920182
14,4,15.205965770327218
14,5,15.52687501004604
14,6,14.895665643331963
14,7,10.94075141892899
14,8,15.840519523661502
14,9,16.715107266615057
14,10,20.150777736957384
14,11,10.411792351040383
14,12,17.66831199678352
14,13,17.527493847163694
14,14,0.0
14,15,3.8794293021856117
14,16,24.19892902269385
14,17,23.9018962185227
14,18,21.794947023401566
14,19,16.855113441623825
14,20,10.258167267459989
14,21,7.519138874456208
14,22,7.320621744988065
14,23,10.438364332897606
15,0,7.327452389616611
15,1,9.461419121038823
15,2,4.192640846885479
15,3,6.5878308400375065
15,4,11.426452021953567
15,5,11.780224345112643
15,6,11.120242812189147
15,7,7.5342099868727095
15,8,12.014279828633697
15,9,13.02979413116085
15,10,16.697439324260056
15,11,7.42249910334743
15,12,14.0560525538083
15,13,13.91780297606222
15,14,3.8794293021856117
15,15,0.0
15,16,28.07742598091122
15,17,27.777638065866107
15,18,25.571848181037026
15,19,20.475988550674934
15,20,11.599288458994025
15,21,9.200938793705618
15,22,8.833394386964544
15,23,10.956182271831604
16,0,33.649807463862935
16,1,36.18635821429117
16,2,29.88801726825495
16,3,33.29646848636909
16,4,39.25995325629326
16,5,39.52141891199955
16,6,38.9460784965355
16,7,34.43126685000454
16,8,39.899943088070856
16,9,40.57857368364146
16,10,43.41488925754684
16,11,33.54075363227307
16,12,41.36543276696387
16,13,41.223034177652075
16,14,24.19892902269385
16,15,28.07742598091122
16,16,0.0
16,17,0.6226933794495334
16,18,5.601367548298173
16,19,10.527224275355099
16,20,24.181181188502453
16,21,23.4372942409723
16,22,23.864718454475085
16,23,26.482589287730224
17,0,33.44073332280309
17,1,35.802131299028204
17,2,29.66448531936699
17,3,33.073189572403535
17,4,38.99976238849964
17,5,39.26905336221999
17,6,38.68614455238867
17,7,34.05917183139132
17,8,39.562541951675534
17,9,40.3411770237567
17,10,43.2269782839505
17,11,33.3371700347071
17,12,41.14363456312096
17,13,41.001177347363324
17,14,23.9018962185227
17,15,27.777638065866107
17,16,0.6226933794495334
17,17,0.0
17,18,4.979186212278897
17,19,9.96420066280232
17,20,23.67899508558784
17,21,22.981122828095426
17,22,23.412775787045028
17,23,25.988336555449557
18,0,31.911456642050993
18,1,32.78484267923174
18,2,28.069565050612916
18,3,31.431282581445668
18,4,36.98847964063542
18,5,37.319810383843226
18,6,36.679850086729445
18,7,31.159726504725874
18,8,36.90723101057747
18,9,38.505418895797916
18,10,41.77103761468218
18,11,31.854513610774262
18,12,39.42871868556034
18,13,39.28701614088386
18,14,21.794947023401566
18,15,25.571848181037026
18,16,5.601367548298173
18,17,4.979186212278897
18,18,0.0
18,19,5.753022391878221
18,20,19.7511760735062
18,21,19.482666731982842
18,22,19.945830299780674
18,23,22.107610556589055
19,0,27.206052215435474
19,1,27.183430883236817
19,2,23.381220386512595
19,3,26.64761038215332
19,4,31.88411146456902
19,5,32.25255911265889
19,6,31.581312477326758
19,7,25.6131805757419
19,8,31.442612290054978
19,9,33.50258800679928
19,10,37.00337632067301
19,11,27.186070507476426
19,12,34.49952335991073
19,13,34.359605991530174
19,14,16.855113441623825
19,15,20.475988550674934
19,16,10.527224275355099
19,17,9.96420066280232
19,18,5.753022391878221
19,19,0.0
19,20,14.001611734218512
19,21,13.781536122953892
19,22,14.251268995048516
19,23,16.356239094187018
20,0,18.78017104072635
20,1,14.321973761726012
20,2,15.757372885020546
20,3,17.975738422202035
20,4,21.21581715981306
20,5,21.715314794814084
20,6,20.9625600083549
20,7,13.18644464093012
20,8,19.13328031587756
20,9,23.139519953959756
20,10,27.309774580640973
20,11,18.91783486917331
20,12,24.360812970554914
20,13,24.23841567173976
20,14,10.258167267459989
20,15,11.599288458994025
20,16,24.181181188502453
20,17,23.67899508558784
20,18,19.7511760735062
20,19,14.001611734218512
20,20,0.0
20,21,2.7676171516248997
20,22,2.9402545126289064
20,23,2.3630581396068657
21,0,16.498654597568308
21,1,13.516077103045005
21,2,13.277385034780497
21,3,15.72473760676737
21,4,19.51884545976554
21,5,19.985341169951845
21,6,19.24676014415214
21,7,12.095733553579878
21,8,18.053996787988186
21,9,21.377334922547004
21,10,25.419141801905237
21,11,16.610446618423165
21,12,22.55138792258964
21,13,22.42283548982979
21,14,7.519138874456208
21,15,9.200938793705618
21,16,23.4372942409723
21,17,22.981122828095426
21,18,19.482666731982842
21,19,13.781536122953892
21,20,2.7676171516248997
21,21,0.0
21,22,0.48596789909259774
21,23,3.7897692623758457
22,0,16.111992667795157
22,1,13.031802665437787
22,2,12.938096758300642
22,3,15.331521063118135
22,4,19.05888114580273
22,5,19.52814502146768
22,6,18.788127776000387
22,7,11.609877544360785
22,8,17.568668027650613
22,9,20.9233551032069
22,10,24.978783858148905
22,11,16.229229496678396
22,12,22.102038705180583
22,13,21.97401409082337
22,14,7.320621744988065
22,15,8.833394386964544
22,16,23.864718454475085
22,17,23.412775787045028
22,18,19.945830299780674
22,19,14.251268995048516
22,20,2.9402545126289064
22,21,0.48596789909259774
22,22,0.0
22,23,3.6336910833204548
23,0,17.822627926717818
23,1,12.265866827666562
23,2,15.144463074446293
23,3,16.98895492130062
23,4,19.63406938562519
23,5,20.15607650126382
23,6,19.39822419385574
23,7,11.296030758061224
23,8,17.164851293783965
23,9,21.59579966937469
23,10,25.851775699587133
23,11,17.993426785567138
23,12,22.848593685931807
23,13,22.732340160289944
23,14,10.438364332897606
23,15,10.956182271831604
23,16,26.482589287730224
23,17,25.988336555449557
23,18,22.107610556589055
23,19,16.356239094187018
23,20,2.3630581396068657
23,21,3.7897692623758457
23,22,3.6336910833204548
23,23,0.0
