source_id,target_id,rtt
0,0,0.0
0,1,2.109497300479346
0,2,3.922679617452709
0,3,1.8103898471928126
0,4,5.123389533789382
0,5,5.76721661493165
0,6,3.808566437258911
0,7,3.0487505301017728
0,8,4.961985467470805
0,9,6.370968857269409
0,10,49.945925141243315
0,11,49.945925141243315
0,12,4.365034478235393
0,13,4.997981112979054
0,14,8.328635959049421
0,15,5.070598201561454
0,16,49.945925141243315
0,17,49.945925141243315
0,18,49.945925141243315
0,19,49.945925141243315
0,20,2.7630261029227605
0,21,2.071303726390384
0,22,7.596543812918168
0,23,6.708195553579843
0,24,6.030769663480064
0,25,5.71647065567745
0,26,7.008873883169171
0,27,5.287685707039735
0,28,4.851114250137558
0,29,3.720302272208333
1,0,2.109497300479346
1,1,0.0
1,2,4.816923534882275
1,3,2.4854583500223373
1,4,4.988341971345651
1,5,5.417325723928118
1,6,1.9679451763551254
1,7,2.752704620314785
1,8,3.820407449952957
1,9,4.693086693427081
1,10,48.594911612018166
1,11,48.594911612018166
1,12,3.604083042986392
1,13,5.888703144438948
1,14,6.4464304256572245
1,15,3.217004480006661
1,16,48.594911612018166
1,17,48.594911612018166
1,18,48.594911612018166
1,19,48.594911612018166
1,20,4.656574692564443
1,21,3.431430027842264
1,22,7.377105702851756
1,23,6.741407728003663
1,24,6.594935941897639
1,25,6.562061664084635
1,26,7.92566460712764
1,27,6.509632755211969
1,28,6.369578194645406
1,29,5.547104951148224
2,0,3.922679617452709
2,1,4.816923534882275
2,2,0.0
2,3,2.3736731388952665
2,4,2.433711697878152
2,5,3.1928599241691384
2,6,5.0491663284077815
2,7,2.5416355830625856
2,8,4.234114153324177
2,9,6.27319556212011
2,10,53.409200813894714
2,11,53.409200813894714
2,12,3.297943784151737
2,13,1.0950403049343367
2,14,8.456379348433504
2,15,5.819788746253944
2,16,53.409200813894714
2,17,53.409200813894714
2,18,53.409200813894714
2,19,53.409200813894714
2,20,2.709766025834232
2,21,1.8997824841124518
2,22,4.4012893381203595
2,23,3.2984384500543347
2,24,2.1626036910577886
2,25,1.8057772666694176
2,26,3.142698235290965
2,27,1.7994869579432848
2,28,2.184765766135953
2,29,2.6771729279317893
3,0,1.8103898471928126
3,1,2.4854583500223373
3,2,2.3736731388952665
3,3,0.0
3,4,3.319416805660497
3,5,3.9848581282217586
3,6,3.2398191501704234
3,7,1.4185357641312824
3,8,3.558882586211363
3,9,5.308586738452282
3,10,51.06968299009746
3,11,51.06968299009746
3,12,2.7914712491177927
3,13,3.4654368826122184
3,14,7.4366807479986345
3,15,4.330185856914233
3,16,51.06968299009746
3,17,51.06968299009746
3,18,51.06968299009746
3,19,51.06968299009746
3,20,2.6502523783542595
3,21,1.0996656025755316
3,22,5.787953553666959
3,23,4.902693234093906
3,24,4.341809647116126
3,25,4.164775677997706
3,26,5.514407383976194
3,27,4.024953590875938
3,28,3.929433459995089
3,29,3.3599787899841185
4,0,5.123389533789382
4,1,4.988341971345651
4,2,2.433711697878152
4,3,3.319416805660497
4,4,0.0
4,5,0.7718500472008178
4,6,4.233753913779945
4,7,2.2606691662094356
4,8,2.4549651197586058
4,9,4.391203499334616
4,10,52.93425822422044
4,11,52.93425822422044
4,12,1.7498827210652728
4,13,2.621163841535316
4,14,6.4708568447379085
4,15,4.484482343938192
4,16,52.93425822422044
4,17,52.93425822422044
4,18,52.93425822422044
4,19,52.93425822422044
4,20,4.966170574166146
4,21,3.653238627509144
4,22,2.479667651018508
4,23,1.7594162708185663
4,24,2.2736234945286813
4,25,2.847061726089785
4,26,3.959855788688397
4,27,3.742376754808649
4,28,4.4969418950122675
4,29,5.093445272680772
5,0,5.76721661493165
5,1,5.417325723928118
5,2,3.1928599241691384
5,3,3.9848581282217586
5,4,0.7718500472008178
5,5,0.0
5,6,4.399272267894107
5,7,2.7895133293844045
5,8,2.333555498937247
5,9,4.066583103942482
5,10,52.96090825083496
5,11,52.96090825083496
5,12,1.9013653338354648
5,13,3.273253176198974
5,14,6.0385585580437136
5,15,4.4280387192787165
5,16,52.96090825083496
5,17,52.96090825083496
5,18,52.96090825083496
5,19,52.96090825083496
5,20,5.736384568045174
5,21,4.399243318846971
5,22,1.9617043589311143
5,23,1.6015111753928282
5,24,2.676448008386782
5,25,3.3866717547534715
5,26,4.348455154487475
5,27,4.3932281475587915
5,28,5.209542113094544
5,29,5.860338769947351
6,0,3.808566437258911
6,1,1.9679451763551254
6,2,5.0491663284077815
6,3,3.2398191501704234
6,4,4.233753913779945
6,5,4.399272267894107
6,6,0.0
6,7,2.5132744931316866
6,8,2.274975470599
6,9,2.728762392981511
6,10,48.72258814285422
6,11,48.72258814285422
6,12,2.514406134245334
6,13,5.970055203410689
6,14,4.530888857167995
6,15,1.2712385634419068
6,16,48.72258814285422
6,17,48.72258814285422
6,18,48.72258814285422
6,19,48.72258814285422
6,20,5.855177171890821
6,21,4.3394117759004835
6,22,6.301906478288718
6,23,5.9374932356004955
6,24,6.29495551468266
6,25,6.531290270529074
6,26,7.8591703177194905
6,27,6.84863354342695
6,28,7.021717361404965
6,29,6.599789871364703
7,0,3.0487505301017728
7,1,2.752704620314785
7,2,2.5416355830625856
7,3,1.4185357641312824
7,4,2.2606691662094356
7,5,2.7895133293844045
7,6,2.5132744931316866
7,7,0.0
7,8,2.1685401465571674
7,9,4.039191465133952
7,10,51.0908949410244
7,11,51.0908949410244
7,12,1.3733221796816815
7,13,3.464608461945596
7,14,6.214332914130791
7,15,3.321689304102836
7,16,51.0908949410244
7,17,51.0908949410244
7,18,51.0908949410244
7,19,51.0908949410244
7,20,3.896914192212825
7,21,2.3004111365222264
7,22,4.711408512469095
7,23,3.998448564571523
7,24,3.927242919505218
7,25,4.0534323200784925
7,26,5.402747066268303
7,27,4.340193868803191
7,28,4.59042723932948
7,29,4.438402790161417
8,0,4.961985467470805
8,1,3.820407449952957
8,2,4.234114153324177
8,3,3.558882586211363
8,4,2.4549651197586058
8,5,2.333555498937247
8,6,2.274975470599
8,7,2.1685401465571674
8,8,0.0
8,9,2.0436534993733866
8,10,50.62893054149554
8,11,50.62893054149554
8,12,0.9385167449555055
8,13,4.837332973873431
8,14,4.222281667661128
8,15,2.0947058012823705
8,16,50.62893054149554
8,17,50.62893054149554
8,18,50.62893054149554
8,19,50.62893054149554
8,20,6.050699538740793
8,21,4.462300161100808
8,22,4.108545942628606
8,23,3.9346340138532176
8,24,4.7233650667409
8,25,5.21411518154462
8,26,6.402083055163064
8,27,5.901691615183181
8,28,6.415763711326328
8,29,6.5232512854139735
9,0,6.370968857269409
9,1,4.693086693427081
9,2,6.27319556212011
9,3,5.308586738452282
9,4,4.391203499334616
9,5,4.066583103942482
9,6,2.728762392981511
9,7,4.039191465133952
9,8,2.0436534993733866
9,9,0.0
9,10,49.217746399762504
9,11,49.217746399762504
9,12,2.975519369764495
9,13,6.870461321628581
9,14,2.190471197994586
9,15,1.57324315931462
9,16,49.217746399762504
9,17,49.217746399762504
9,18,49.217746399762504
9,19,49.217746399762504
9,20,7.918408287757022
9,21,6.318448939506054
9,22,5.449157051326602
9,23,5.608185803356089
9,24,6.656487394852826
9,25,7.21444009947518
9,26,8.345962156496526
9,27,7.943121893834115
9,28,8.451056200040007
9,29,8.473739342379757
10,0,49.945925141243315
10,1,48.594911612018166
10,2,53.409200813894714
10,3,51.06968299009746
10,4,52.93425822422044
10,5,52.96090825083496
10,6,48.72258814285422
10,7,51.0908949410244
10,8,50.62893054149554
10,9,49.217746399762504
10,10,0.0
10,11,0.0
10,12,51.186171821634076
10,13,54.46785614232126
10,14,48.00656117040418
10,15,48.53455046697203
10,16,0.0
10,17,0.0
10,18,0.0
10,19,0.0
10,20,52.62009329062157
10,21,51.893247131807264
10,22,54.63262229529799
10,23,54.558976187313576
10,24,54.99888619323692
10,25,55.116342750939424
10,26,56.47873793685503
10,27,55.087996854692385
10,28,54.79242548401354
10,29,53.5878974279524
11,0,49.945925141243315
11,1,48.594911612018166
11,2,53.409200813894714
11,3,51.06968299009746
11,4,52.93425822422044
11,5,52.96090825083496
11,6,48.72258814285422
11,7,51.0908949410244
11,8,50.62893054149554
11,9,49.217746399762504
11,10,0.0
11,11,0.0
11,12,51.186171821634076
11,13,54.46785614232126
11,14,48.00656117040418
11,15,48.53455046697203
11,16,0.0
11,17,0.0
11,18,0.0
11,19,0.0
11,20,52.62009329062157
11,21,51.893247131807264
11,22,54.63262229529799
11,23,54.558976187313576
11,24,54.99888619323692
11,25,55.116342750939424
11,26,56.47873793685503
11,27,55.087996854692385
11,28,54.79242548401354
11,29,53.5878974279524
12,0,4.365034478235393
12,1,3.604083042986392
12,2,3.297943784151737
12,3,2.7914712491177927
12,4,1.7498827210652728
12,5,1.9013653338354648
12,6,2.514406134245334
12,7,1.3733221796816815
12,8,0.9385167449555055
12,9,2.975519369764495
12,10,51.186171821634076
12,11,51.186171821634076
12,12,0.0
12,13,3.9391997967645005
12,14,5.15910750949166
12,15,2.7639291932623964
12,16,51.186171821634076
12,17,51.186171821634076
12,18,51.186171821634076
12,19,51.186171821634076
12,20,5.17458606035758
12,21,3.605523382839289
12,22,3.8445580815600042
12,23,3.423408121053022
12,24,3.9469569633908788
12,25,4.359354553103214
12,26,5.598286457939038
12,27,4.984909085173197
12,28,5.47812625986666
12,29,5.607143554133877
13,0,4.997981112979054
13,1,5.888703144438948
13,2,1.0950403049343367
13,3,3.4654368826122184
13,4,2.621163841535316
13,5,3.273253176198974
13,6,5.970055203410689
13,7,3.464608461945596
13,8,4.837332973873431
13,9,6.870461321628581
13,10,54.46785614232126
13,11,54.46785614232126
13,12,3.9391997967645005
13,13,0.0
13,14,9.01515873947169
13,15,6.618957513030452
13,16,54.46785614232126
13,17,54.46785614232126
13,18,54.46785614232126
13,19,54.46785614232126
13,20,3.4301557070098636
13,21,2.9453109666555024
13,22,3.980155080265661
13,23,2.8336627348299137
13,24,1.3067308697827935
13,25,0.7186539118287721
13,26,2.0489771817000024
13,27,1.1226691060363017
13,28,2.012488769820375
13,29,3.098770230181815
14,0,8.328635959049421
14,1,6.4464304256572245
14,2,8.456379348433504
14,3,7.4366807479986345
14,4,6.4708568447379085
14,5,6.0385585580437136
14,6,4.530888857167995
14,7,6.214332914130791
14,8,4.222281667661128
14,9,2.190471197994586
14,10,48.00656117040418
14,11,48.00656117040418
14,12,5.15910750949166
14,13,9.01515873947169
14,14,0.0
14,15,3.26084687320961
14,16,48.00656117040418
14,17,48.00656117040418
14,18,48.00656117040418
14,19,48.00656117040418
14,20,10.070117470723343
14,21,8.473545930964779
14,22,7.084080129609016
14,23,7.473108765510365
14,24,8.698145180125032
14,25,9.31657944265428
14,26,10.381913276602472
14,27,10.102630647928038
14,28,10.637159362689884
14,29,10.65263873936675
15,0,5.070598201561454
15,1,3.217004480006661
15,2,5.819788746253944
15,3,4.330185856914233
15,4,4.484482343938192
15,5,4.4280387192787165
15,6,1.2712385634419068
15,7,3.321689304102836
15,8,2.0947058012823705
15,9,1.57324315931462
15,10,48.53455046697203
15,11,48.53455046697203
15,12,2.7639291932623964
15,13,6.618957513030452
15,14,3.26084687320961
15,15,0.0
15,16,48.53455046697203
15,17,48.53455046697203
15,18,48.53455046697203
15,19,48.53455046697203
15,20,6.9788437161122205
15,21,5.4143474988478
15,22,6.1597285708918825
15,23,6.028623305241325
15,24,6.7107884184315045
15,25,7.095489953796856
15,26,8.358278325882337
15,27,7.596632762183069
15,28,7.911592805102929
15,29,7.660197800979744
16,0,49.945925141243315
16,1,48.594911612018166
16,2,53.409200813894714
16,3,51.06968299009746
16,4,52.93425822422044
16,5,52.96090825083496
16,6,48.72258814285422
16,7,51.0908949410244
16,8,50.62893054149554
16,9,49.217746399762504
16,10,0.0
16,11,0.0
16,12,51.186171821634076
16,13,54.46785614232126
16,14,48.00656117040418
16,15,48.53455046697203
16,16,0.0
16,17,0.0
16,18,0.0
16,19,0.0
16,20,52.62009329062157
16,21,51.893247131807264
16,22,54.63262229529799
16,23,54.558976187313576
16,24,54.99888619323692
16,25,55.116342750939424
16,26,56.47873793685503
16,27,55.087996854692385
16,28,54.79242548401354
16,29,53.5878974279524
17,0,49.945925141243315
17,1,48.594911612018166
17,2,53.409200813894714
17,3,51.06968299009746
17,4,52.93425822422044
17,5,52.96090825083496
17,6,48.72258814285422
17,7,51.0908949410244
17,8,50.62893054149554
17,9,49.217746399762504
17,10,0.0
17,11,0.0
17,12,51.186171821634076
17,13,54.46785614232126
17,14,48.00656117040418
17,15,48.53455046697203
17,16,0.0
17,17,0.0
17,18,0.0
17,19,0.0
17,20,52.62009329062157
17,21,51.893247131807264
17,22,54.63262229529799
17,23,54.558976187313576
17,24,54.99888619323692
17,25,55.116342750939424
17,26,56.47873793685503
17,27,55.087996854692385
17,28,54.79242548401354
17,29,53.5878974279524
18,0,49.945925141243315
18,1,48.594911612018166
18,2,53.409200813894714
18,3,51.06968299009746
18,4,52.93425822422044
18,5,52.96090825083496
18,6,48.72258814285422
18,7,51.0908949410244
18,8,50.62893054149554
18,9,49.217746399762504
18,10,0.0
18,11,0.0
18,12,51.186171821634076
18,13,54.46785614232126
18,14,48.00656117040418
18,15,48.53455046697203
18,16,0.0
18,17,0.0
18,18,0.0
18,19,0.0
18,20,52.62009329062157
18,21,51.893247131807264
18,22,54.63262229529799
18,23,54.558976187313576
18,24,54.99888619323692
18,25,55.116342750939424
18,26,56.47873793685503
18,27,55.087996854692385
18,28,54.79242548401354
18,29,53.5878974279524
19,0,49.945925141243315
19,1,48.594911612018166
19,2,53.409200813894714
19,3,51.06968299009746
19,4,52.93425822422044
19,5,52.96090825083496
19,6,48.72258814285422
19,7,51.0908949410244
19,8,50.62893054149554
19,9,49.217746399762504
19,10,0.0
19,11,0.0
19,12,51.186171821634076
19,13,54.46785614232126
19,14,48.00656117040418
19,15,48.53455046697203
19,16,0.0
19,17,0.0
19,18,0.0
19,19,0.0
19,20,52.62009329062157
19,21,51.893247131807264
19,22,54.63262229529799
19,23,54.558976187313576
19,24,54.99888619323692
19,25,55.116342750939424
19,26,56.47873793685503
19,27,55.087996854692385
19,28,54.79242548401354
19,29,53.5878974279524
20,0,2.7630261029227605
20,1,4.656574692564443
20,2,2.709766025834232
20,3,2.6502523783542595
20,4,4.966170574166146
20,5,5.736384568045174
20,6,5.855177171890821
20,7,3.896914192212825
20,8,6.050699538740793
20,9,7.918408287757022
20,10,52.62009329062157
20,11,52.62009329062157
20,12,5.17458606035758
20,13,3.4301557070098636
20,14,10.070117470723343
20,15,6.9788437161122205
20,16,52.62009329062157
20,17,52.62009329062157
20,18,52.62009329062157
20,19,52.62009329062157
20,20,0.0
20,21,1.6002094159575924
20,22,7.107846971828803
20,23,6.007892106636966
20,24,4.7218040111409065
20,25,4.065187660459934
20,26,5.088744853069958
20,27,3.1630819699427453
20,28,2.36534898208931
20,29,0.9697002895833634
21,0,2.071303726390384
21,1,3.431430027842264
21,2,1.8997824841124518
21,3,1.0996656025755316
21,4,3.653238627509144
21,5,4.399243318846971
21,6,4.3394117759004835
21,7,2.3004111365222264
21,8,4.462300161100808
21,9,6.318448939506054
21,10,51.893247131807264
21,11,51.893247131807264
21,12,3.605523382839289
21,13,2.9453109666555024
21,14,8.473545930964779
21,15,5.4143474988478
21,16,51.893247131807264
21,17,51.893247131807264
21,18,51.893247131807264
21,19,51.893247131807264
21,20,1.6002094159575924
21,21,0.0
21,22,5.998473932264753
21,23,4.984764618155151
21,24,4.055517920278032
21,25,3.663258814706885
21,26,4.939509883393728
21,27,3.2364040139946946
21,28,2.944870700946902
21,29,2.260398274911654
22,0,7.596543812918168
22,1,7.377105702851756
22,2,4.4012893381203595
22,3,5.787953553666959
22,4,2.479667651018508
22,5,1.9617043589311143
22,6,6.301906478288718
22,7,4.711408512469095
22,8,4.108545942628606
22,9,5.449157051326602
22,10,54.63262229529799
22,11,54.63262229529799
22,12,3.8445580815600042
22,13,3.980155080265661
22,14,7.084080129609016
22,15,6.1597285708918825
22,16,54.63262229529799
22,17,54.63262229529799
22,18,54.63262229529799
22,19,54.63262229529799
22,20,7.107846971828803
22,21,5.998473932264753
22,22,0.0
22,23,1.1465025596122287
22,24,2.8199839694800435
22,25,3.715903529238263
22,26,4.078503009997826
22,27,4.950952295987032
22,28,5.9749523372839635
22,29,7.00361361969121
23,0,6.708195553579843
23,1,6.741407728003663
23,2,3.2984384500543347
23,3,4.902693234093906
23,4,1.7594162708185663
23,5,1.6015111753928282
23,6,5.9374932356004955
23,7,3.998448564571523
23,8,3.9346340138532176
23,9,5.608185803356089
23,10,54.558976187313576
23,11,54.558976187313576
23,12,3.423408121053022
23,13,2.8336627348299137
23,14,7.473108765510365
23,15,6.028623305241325
23,16,54.558976187313576
23,17,54.558976187313576
23,18,54.558976187313576
23,19,54.558976187313576
23,20,6.007892106636966
23,21,4.984764618155151
23,22,1.1465025596122287
23,23,0.0
23,24,1.7055533076688878
23,25,2.595360459329516
23,26,3.1337955524813657
23,27,3.8171620417513465
23,28,4.830851770332849
23,29,5.867839044889316
24,0,6.030769663480064
24,1,6.594935941897639
24,2,2.1626036910577886
24,3,4.341809647116126
24,4,2.2736234945286813
24,5,2.676448008386782
24,6,6.29495551468266
24,7,3.927242919505218
24,8,4.7233650667409
24,9,6.656487394852826
24,10,54.99888619323692
24,11,54.99888619323692
24,12,3.9469569633908788
24,13,1.3067308697827935
24,14,8.698145180125032
24,15,6.7107884184315045
24,16,54.99888619323692
24,17,54.99888619323692
24,18,54.99888619323692
24,19,54.99888619323692
24,20,4.7218040111409065
24,21,4.055517920278032
24,22,2.8199839694800435
24,23,1.7055533076688878
24,24,0.0
24,25,0.8961093470115734
24,26,1.689603246147671
24,27,2.1399976118322925
24,28,3.1964021390685056
24,29,4.400724023153967
25,0,5.71647065567745
25,1,6.562061664084635
25,2,1.8057772666694176
25,3,4.164775677997706
25,4,2.847061726089785
25,5,3.3866717547534715
25,6,6.531290270529074
25,7,4.0534323200784925
25,8,5.21411518154462
25,9,7.21444009947518
25,10,55.116342750939424
25,11,55.116342750939424
25,12,4.359354553103214
25,13,0.7186539118287721
25,14,9.31657944265428
25,15,7.095489953796856
25,16,55.116342750939424
25,17,55.116342750939424
25,18,55.116342750939424
25,19,55.116342750939424
25,20,4.065187660459934
25,21,3.663258814706885
25,22,3.715903529238263
25,23,2.595360459329516
25,24,0.8961093470115734
25,25,0.0
25,26,1.3648067913433777
25,27,1.251291791722434
25,28,2.3278963240525616
25,29,3.6296516187381953
26,0,7.008873883169171
26,1,7.92566460712764
26,2,3.142698235290965
26,3,5.514407383976194
26,4,3.959855788688397
26,5,4.348455154487475
26,6,7.8591703177194905
26,7,5.402747066268303
26,8,6.402083055163064
26,9,8.345962156496526
26,10,56.47873793685503
26,11,56.47873793685503
26,12,5.598286457939038
26,13,2.0489771817000024
26,14,10.381913276602472
26,15,8.358278325882337
26,16,56.47873793685503
26,17,56.47873793685503
26,18,56.47873793685503
26,19,56.47873793685503
26,20,5.088744853069958
26,21,4.939509883393728
26,22,4.078503009997826
26,23,3.1337955524813657
26,24,1.689603246147671
26,25,1.3648067913433777
26,26,0.0
26,27,1.9335636085901897
26,28,2.93890320172163
26,29,4.4646158617945115
27,0,5.287685707039735
27,1,6.509632755211969
27,2,1.7994869579432848
27,3,4.024953590875938
27,4,3.742376754808649
27,5,4.3932281475587915
27,6,6.84863354342695
27,7,4.340193868803191
27,8,5.901691615183181
27,9,7.943121893834115
27,10,55.087996854692385
27,11,55.087996854692385
27,12,4.984909085173197
27,13,1.1226691060363017
27,14,10.102630647928038
27,15,7.596632762183069
27,16,55.087996854692385
27,17,55.087996854692385
27,18,55.087996854692385
27,19,55.087996854692385
27,20,3.1630819699427453
27,21,3.2364040139946946
27,22,4.950952295987032
27,23,3.8171620417513465
27,24,2.1399976118322925
27,25,1.251291791722434
27,26,1.9335636085901897
27,27,0.0
27,28,1.0971936654468302
27,29,2.543250484169054
28,0,4.851114250137558
28,1,6.369578194645406
28,2,2.184765766135953
28,3,3.929433459995089
28,4,4.4969418950122675
28,5,5.209542113094544
28,6,7.021717361404965
28,7,4.59042723932948
28,8,6.415763711326328
28,9,8.451056200040007
28,10,54.79242548401354
28,11,54.79242548401354
28,12,5.47812625986666
28,13,2.012488769820375
28,14,10.637159362689884
28,15,7.911592805102929
28,16,54.79242548401354
28,17,54.79242548401354
28,18,54.79242548401354
28,19,54.79242548401354
28,20,2.36534898208931
28,21,2.944870700946902
28,22,5.9749523372839635
28,23,4.830851770332849
28,24,3.1964021390685056
28,25,2.3278963240525616
28,26,2.93890320172163
28,27,1.0971936654468302
28,28,0.0
28,29,1.5679808267322077
29,0,3.720302272208333
29,1,5.547104951148224
29,2,2.6771729279317893
29,3,3.3599787899841185
29,4,5.093445272680772
29,5,5.860338769947351
29,6,6.599789871364703
29,7,4.438402790161417
29,8,6.5232512854139735
29,9,8.473739342379757
29,10,53.5878974279524
29,11,53.5878974279524
29,12,5.607143554133877
29,13,3.098770230181815
29,14,10.65263873936675
29,15,7.660197800979744
29,16,53.5878974279524
29,17,53.5878974279524
29,18,53.5878974279524
29,19,53.5878974279524
29,20,0.9697002895833634
29,21,2.260398274911654
29,22,7.00361361969121
29,23,5.867839044889316
29,24,4.400724023153967
29,25,3.6296516187381953
29,26,4.4646158617945115
29,27,2.543250484169054
29,28,1.5679808267322077
29,29,0.0
