source_id,target_id,rtt
0,0,0.0
0,1,0.05891339906924001
0,2,0.29058181931141386
0,3,0.31108868348653607
0,4,55.630321758497914
0,5,55.630321758497914
0,6,55.630321758497914
0,7,55.660535984242095
0,8,55.630321758497914
0,9,0.0393646905496055
0,10,0.0393646905496055
0,11,55.630321758497914
0,12,0.05969280583607697
0,13,0.09546277977652445
0,14,0.06996145028761783
0,15,0.22773521032819738
0,16,0.16139091131331804
0,17,0.05891339906924001
0,18,0.05969280583607697
1,0,0.05891339906924001
1,1,0.0
1,2,0.2707658372814429
1,3,0.2912727014565651
1,4,55.610505776467946
1,5,55.610505776467946
1,6,55.610505776467946
1,7,55.64072000221213
1,8,55.610505776467946
1,9,0.019548708519634507
1,10,0.019548708519634507
1,11,55.610505776467946
1,12,0.03987682380610598
1,13,0.07564679774655346
1,14,0.05014546825764683
1,15,0.2079192282982264
1,16,0.14157492928334706
1,17,0.039097417039269014
1,18,0.03987682380610598
2,0,0.29058181931141386
2,1,0.2707658372814429
2,2,0.0
2,3,0.04343718454835096
2,4,55.84217419671012
2,5,55.84217419671012
2,6,55.84217419671012
2,7,55.8723884224543
2,8,55.84217419671012
2,9,0.25121712876180835
2,10,0.25121712876180835
2,11,55.84217419671012
2,12,0.27154524404827984
2,13,0.3073152179887273
2,14,0.2818138884998207
2,15,0.4395876485404002
2,16,0.3732433495255209
2,17,0.2707658372814429
2,18,0.27154524404827984
3,0,0.31108868348653607
3,1,0.2912727014565651
3,2,0.04343718454835096
3,3,0.0
3,4,55.86268106088524
3,5,55.86268106088524
3,6,55.86268106088524
3,7,55.89289528662942
3,8,55.86268106088524
3,9,0.27172399293693056
3,10,0.27172399293693056
3,11,55.86268106088524
3,12,0.29205210822340205
3,13,0.32782208216384956
3,14,0.3023207526749429
3,15,0.4600945127155225
3,16,0.3937502137006431
3,17,0.2912727014565651
3,18,0.29205210822340205
4,0,55.630321758497914
4,1,55.610505776467946
4,2,55.84217419671012
4,3,55.86268106088524
4,4,0.0
4,5,111.18191413589662
4,6,111.18191413589662
4,7,111.2121283616408
4,8,111.18191413589662
4,9,55.59095706794831
4,10,55.59095706794831
4,11,111.18191413589662
4,12,55.611285183234784
4,13,55.64705515717523
4,14,55.62155382768633
4,15,55.779327587726904
4,16,55.712983288712024
4,17,55.610505776467946
4,18,55.611285183234784
5,0,55.630321758497914
5,1,55.610505776467946
5,2,55.84217419671012
5,3,55.86268106088524
5,4,111.18191413589662
5,5,0.0
5,6,111.18191413589662
5,7,111.2121283616408
5,8,111.18191413589662
5,9,55.59095706794831
5,10,55.59095706794831
5,11,111.18191413589662
5,12,55.611285183234784
5,13,55.64705515717523
5,14,55.62155382768633
5,15,55.779327587726904
5,16,55.712983288712024
5,17,55.610505776467946
5,18,55.611285183234784
6,0,55.630321758497914
6,1,55.610505776467946
6,2,55.84217419671012
6,3,55.86268106088524
6,4,111.18191413589662
6,5,111.18191413589662
6,6,0.0
6,7,111.2121283616408
6,8,111.18191413589662
6,9,55.59095706794831
6,10,55.59095706794831
6,11,111.18191413589662
6,12,55.611285183234784
6,13,55.64705515717523
6,14,55.62155382768633
6,15,55.779327587726904
6,16,55.712983288712024
6,17,55.610505776467946
6,18,55.611285183234784
7,0,55.660535984242095
7,1,55.64072000221213
7,2,55.8723884224543
7,3,55.89289528662942
7,4,111.2121283616408
7,5,111.2121283616408
7,6,111.2121283616408
7,7,0.0
7,8,111.2121283616408
7,9,55.62117129369249
7,10,55.62117129369249
7,11,111.2121283616408
7,12,55.6110731049531
7,13,55.616075863443385
7,14,55.590574533954474
7,15,55.4328007739139
7,16,55.524779149228465
7,17,55.601622585172855
7,18,55.6110731049531
8,0,55.630321758497914
8,1,55.610505776467946
8,2,55.84217419671012
8,3,55.86268106088524
8,4,111.18191413589662
8,5,111.18191413589662
8,6,111.18191413589662
8,7,111.2121283616408
8,8,0.0
8,9,55.59095706794831
8,10,55.59095706794831
8,11,111.18191413589662
8,12,55.611285183234784
8,13,55.64705515717523
8,14,55.62155382768633
8,15,55.779327587726904
8,16,55.712983288712024
8,17,55.610505776467946
8,18,55.611285183234784
9,0,0.0393646905496055
9,1,0.019548708519634507
9,2,0.25121712876180835
9,3,0.27172399293693056
9,4,55.59095706794831
9,5,55.59095706794831
9,6,55.59095706794831
9,7,55.62117129369249
9,8,55.59095706794831
9,9,0.0
9,10,0.0
9,11,55.59095706794831
9,12,0.020328115286471476
9,13,0.05609808922691895
9,14,0.03059675973801233
9,15,0.18837051977859187
9,16,0.12202622076371254
9,17,0.019548708519634507
9,18,0.020328115286471476
10,0,0.0393646905496055
10,1,0.019548708519634507
10,2,0.25121712876180835
10,3,0.27172399293693056
10,4,55.59095706794831
10,5,55.59095706794831
10,6,55.59095706794831
10,7,55.62117129369249
10,8,55.59095706794831
10,9,0.0
10,10,0.0
10,11,55.59095706794831
10,12,0.020328115286471476
10,13,0.05609808922691895
10,14,0.03059675973801233
10,15,0.18837051977859187
10,16,0.12202622076371254
10,17,0.019548708519634507
10,18,0.020328115286471476
11,0,55.630321758497914
11,1,55.610505776467946
11,2,55.84217419671012
11,3,55.86268106088524
11,4,111.18191413589662
11,5,111.18191413589662
11,6,111.18191413589662
11,7,111.2121283616408
11,8,111.18191413589662
11,9,55.59095706794831
11,10,55.59095706794831
11,11,0.0
11,12,55.611285183234784
11,13,55.64705515717523
11,14,55.62155382768633
11,15,55.779327587726904
11,16,55.712983288712024
11,17,55.610505776467946
11,18,55.611285183234784
12,0,0.05969280583607697
12,1,0.03987682380610598
12,2,0.27154524404827984
12,3,0.29205210822340205
12,4,55.611285183234784
12,5,55.611285183234784
12,6,55.611285183234784
12,7,55.6110731049531
12,8,55.611285183234784
12,9,0.020328115286471476
12,10,0.020328115286471476
12,11,55.611285183234784
12,12,0.0
12,13,0.04599990048752689
12,14,0.020498570998620274
12,15,0.17827233103919982
12,16,0.14235433605018402
12,17,0.031546622216998096
12,18,0.0
13,0,0.09546277977652445
13,1,0.07564679774655346
13,2,0.3073152179887273
13,3,0.32782208216384956
13,4,55.64705515717523
13,5,55.64705515717523
13,6,55.64705515717523
13,7,55.616075863443385
13,8,55.64705515717523
13,9,0.05609808922691895
13,10,0.05609808922691895
13,11,55.64705515717523
13,12,0.04599990048752689
13,13,0.0
13,14,0.02550132948890662
13,15,0.18327508952948618
13,16,0.1781243099906315
13,17,0.036549380707284446
13,18,0.04599990048752689
14,0,0.06996145028761783
14,1,0.05014546825764683
14,2,0.2818138884998207
14,3,0.3023207526749429
14,4,55.62155382768633
14,5,55.62155382768633
14,6,55.62155382768633
14,7,55.590574533954474
14,8,55.62155382768633
14,9,0.03059675973801233
14,10,0.03059675973801233
14,11,55.62155382768633
14,12,0.020498570998620274
14,13,0.02550132948890662
14,14,0.0
14,15,0.15777376004057955
14,16,0.15262298050172488
14,17,0.011048051218377822
14,18,0.020498570998620274
15,0,0.22773521032819738
15,1,0.2079192282982264
15,2,0.4395876485404002
15,3,0.4600945127155225
15,4,55.779327587726904
15,5,55.779327587726904
15,6,55.779327587726904
15,7,55.4328007739139
15,8,55.779327587726904
15,9,0.18837051977859187
15,10,0.18837051977859187
15,11,55.779327587726904
15,12,0.17827233103919982
15,13,0.18327508952948618
15,14,0.15777376004057955
15,15,0.0
15,16,0.0919783753145692
15,17,0.16882181125895737
15,18,0.17827233103919982
16,0,0.16139091131331804
16,1,0.14157492928334706
16,2,0.3732433495255209
16,3,0.3937502137006431
16,4,55.712983288712024
16,5,55.712983288712024
16,6,55.712983288712024
16,7,55.524779149228465
16,8,55.712983288712024
16,9,0.12202622076371254
16,10,0.12202622076371254
16,11,55.712983288712024
16,12,0.14235433605018402
16,13,0.1781243099906315
16,14,0.15262298050172488
16,15,0.0919783753145692
16,16,0.0
16,17,0.14157492928334706
16,18,0.14235433605018402
17,0,0.05891339906924001
17,1,0.039097417039269014
17,2,0.2707658372814429
17,3,0.2912727014565651
17,4,55.610505776467946
17,5,55.610505776467946
17,6,55.610505776467946
17,7,55.601622585172855
17,8,55.610505776467946
17,9,0.019548708519634507
17,10,0.019548708519634507
17,11,55.610505776467946
17,12,0.031546622216998096
17,13,0.036549380707284446
17,14,0.011048051218377822
17,15,0.16882181125895737
17,16,0.14157492928334706
17,17,0.0
17,18,0.031546622216998096
18,0,0.05969280583607697
18,1,0.03987682380610598
18,2,0.27154524404827984
18,3,0.29205210822340205
18,4,55.611285183234784
18,5,55.611285183234784
18,6,55.611285183234784
18,7,55.6110731049531
18,8,55.611285183234784
18,9,0.020328115286471476
18,10,0.020328115286471476
18,11,55.611285183234784
18,12,0.0
18,13,0.04599990048752689
18,14,0.020498570998620274
18,15,0.17827233103919982
18,16,0.14235433605018402
18,17,0.031546622216998096
18,18,0.0
