source_id,target_id,rtt
0,0,0.0
0,1,41.8961716660217
0,2,1.4353170753199376
0,3,2.5678540044292877
0,4,33.689692497370075
0,5,27.42981452361336
0,6,39.87881333807866
0,7,37.099281277620015
0,8,40.05951628548316
0,9,35.92283883309383
0,10,53.06248706699295
0,11,56.592446901323164
0,12,49.172008068408374
0,13,35.73628886890084
0,14,41.012951224055136
0,15,37.24328791066197
0,16,32.34037822783411
0,17,60.57930716660862
0,18,65.07998816596862
0,19,63.859856202680824
0,20,43.55882088878175
0,21,9.36604113009139
0,22,4.087450533742407
0,23,89.14170829275287
0,24,89.14170829275287
0,25,89.14170829275287
0,26,58.71787800436759
0,27,51.64554744841127
0,28,16.88862012103492
0,29,14.99384607299144
0,30,8.452225166263652
1,0,41.8961716660217
1,1,0.0
1,2,40.460854590701764
1,3,39.328317661592415
1,4,20.72623511616506
1,5,14.466357142408341
1,6,2.0173583279430405
1,7,4.796890388401686
1,8,13.21131197098197
1,9,17.347989423371303
1,10,40.09902968578793
1,11,43.628989520118154
1,12,36.20855068720336
1,13,22.772831487695832
1,14,28.04949384285012
1,15,24.279830529456955
1,16,19.376920846629094
1,17,47.61584978540361
1,18,52.11653078476361
1,19,50.89639882147581
1,20,30.595363507576742
1,21,51.26221279611309
1,22,37.808721132279295
1,23,76.17825091154785
1,24,76.17825091154785
1,25,76.17825091154785
1,26,45.754420623162574
1,27,38.68209006720625
1,28,44.81371976494768
1,29,39.985567406485835
1,30,33.44394649975805
2,0,1.4353170753199376
2,1,40.460854590701764
2,2,0.0
2,3,1.13253692910935
2,4,32.25437542205014
2,5,25.994497448293423
2,6,38.44349626275873
2,7,35.66396420230008
2,8,38.624199210163226
2,9,34.48752175777389
2,10,51.627169991673014
2,11,55.15712982600323
2,12,47.73669099308844
2,13,34.30097179358091
2,14,39.5776341487352
2,15,35.80797083534203
2,16,30.905061152514172
2,17,59.143990091288686
2,18,63.644671090648686
2,19,62.42453912736089
2,20,42.12350381346182
2,21,10.801358205411328
2,22,2.65213345842247
2,23,87.70639121743292
2,24,87.70639121743292
2,25,87.70639121743292
2,26,57.282560929047655
2,27,50.210230373091335
2,28,18.32393719635486
2,29,13.558528997671504
2,30,7.016908090943716
3,0,2.5678540044292877
3,1,39.328317661592415
3,2,1.13253692910935
3,3,0.0
3,4,31.12183849294079
3,5,24.861960519184073
3,6,37.31095933364937
3,7,34.53142727319073
3,8,37.49166228105388
3,9,33.35498482866454
3,10,50.494633062563665
3,11,54.02459289689388
3,12,46.60415406397909
3,13,33.16843486447156
3,14,38.44509721962585
3,15,34.67543390623268
3,16,29.772524223404822
3,17,58.011453162179336
3,18,62.512134161539336
3,19,61.29200219825154
3,20,40.99096688435247
3,21,11.933895134520677
3,22,1.5195965293131197
3,23,86.57385428832357
3,24,86.57385428832357
3,25,86.57385428832357
3,26,56.150023999938306
3,27,49.077693443981985
3,28,17.25414442702399
3,29,12.425992068562152
3,30,5.884371161834365
4,0,33.689692497370075
4,1,20.72623511616506
4,2,32.25437542205014
4,3,31.12183849294079
4,4,0.0
4,5,6.259877973756717
4,6,18.70887678822202
4,7,15.929344727763374
4,8,13.493660851293779
4,9,9.356983398904447
4,10,19.372794569622876
4,11,35.42251035146653
4,12,28.002071518551737
4,13,14.566352319044208
4,14,19.843014674198493
4,15,16.07335136080533
4,16,11.170441677977468
4,17,39.409370616751985
4,18,43.910051616111986
4,19,42.68991965282419
4,20,22.388884338925116
4,21,43.055733627461464
4,22,29.60224196362767
4,23,67.97177174289622
4,24,67.97177174289622
4,25,67.97177174289622
4,26,25.028185506997513
4,27,17.955854951041196
4,28,36.60724059629605
4,29,31.77908823783421
4,30,25.237467331106423
5,0,27.42981452361336
5,1,14.466357142408341
5,2,25.994497448293423
5,3,24.861960519184073
5,4,6.259877973756717
5,5,0.0
5,6,12.448998814465302
5,7,9.669466754006656
5,8,12.629701761869804
5,9,8.493024309480472
5,10,25.63267254337959
5,11,29.162632377709805
5,12,21.74219354479502
5,13,8.30647434528749
5,14,13.583136700441775
5,15,9.81347338704861
5,16,4.910563704220751
5,17,33.14949264299526
5,18,37.65017364235526
5,19,36.43004167906747
5,20,16.129006365168397
5,21,36.79585565370475
5,22,23.342363989870954
5,23,61.7118937691395
5,24,61.7118937691395
5,25,61.7118937691395
5,26,31.288063480754232
5,27,24.215732924797912
5,28,30.347362622539332
5,29,25.519210264077493
5,30,18.977589357349707
6,0,39.87881333807866
6,1,2.0173583279430405
6,2,38.44349626275873
6,3,37.31095933364937
6,4,18.70887678822202
6,5,12.448998814465302
6,6,0.0
6,7,2.7795320604586458
6,8,11.193953643038931
6,9,15.330631095428263
6,10,38.0816713578449
6,11,41.61163119217511
6,12,34.19119235926032
6,13,20.755473159752793
6,14,26.03213551490708
6,15,22.262472201513916
6,16,17.359562518686054
6,17,45.59849145746057
6,18,50.09917245682057
6,19,48.87904049353277
6,20,28.5780051796337
6,21,49.24485446817005
6,22,35.79136280433625
6,23,74.1608925836048
6,24,74.1608925836048
6,25,74.1608925836048
6,26,43.73706229521953
6,27,36.66473173926322
6,28,42.796361437004634
6,29,37.9682090785428
6,30,31.42658817181501
7,0,37.099281277620015
7,1,4.796890388401686
7,2,35.66396420230008
7,3,34.53142727319073
7,4,15.929344727763374
7,5,9.669466754006656
7,6,2.7795320604586458
7,7,0.0
7,8,8.414421582580285
7,9,12.551099034969617
7,10,35.30213929738625
7,11,38.83209913171646
7,12,31.411660298801674
7,13,17.975941099294147
7,14,23.252603454448433
7,15,19.482940141055266
7,16,14.580030458227407
7,17,42.81895939700192
7,18,47.31964039636192
7,19,46.09950843307413
7,20,25.798473119175053
7,21,46.465322407711405
7,22,33.01183074387761
7,23,71.38136052314616
7,24,71.38136052314616
7,25,71.38136052314616
7,26,40.95753023476089
7,27,33.88519967880457
7,28,40.016829376545985
7,29,35.18867701808415
7,30,28.647056111356363
8,0,40.05951628548316
8,1,13.21131197098197
8,2,38.624199210163226
8,3,37.49166228105388
8,4,13.493660851293779
8,5,12.629701761869804
8,6,11.193953643038931
8,7,8.414421582580285
8,8,0.0
8,9,4.136677452389333
8,10,32.86645542091666
8,11,31.971206731138107
8,12,24.55076789822332
8,13,11.115048698715793
8,14,16.391711053870075
8,15,12.622047740476912
8,16,7.719138057649053
8,17,35.95806699642357
8,18,40.45874799578357
8,19,39.23861603249577
8,20,18.9375807185967
8,21,49.42555741557455
8,22,35.97206575174076
8,23,64.5204681225678
8,24,64.5204681225678
8,25,64.5204681225678
8,26,38.5218463582913
8,27,31.449515802334975
8,28,42.97706438440913
8,29,38.1489120259473
8,30,31.60729111921951
9,0,35.92283883309383
9,1,17.347989423371303
9,2,34.48752175777389
9,3,33.35498482866454
9,4,9.356983398904447
9,5,8.493024309480472
9,6,15.330631095428263
9,7,12.551099034969617
9,8,4.136677452389333
9,9,0.0
9,10,28.729777968527323
9,11,27.834529278748775
9,12,20.41409044583399
9,13,6.978371246326459
9,14,12.255033601480743
9,15,8.48537028808758
9,16,3.58246060525972
9,17,31.821389544034233
9,18,36.32207054339423
9,19,35.10193858010644
9,20,14.800903266207367
9,21,45.28887996318522
9,22,31.835388299351422
9,23,60.38379067017847
9,24,60.38379067017847
9,25,60.38379067017847
9,26,34.38516890590196
9,27,27.312838349945643
9,28,38.8403869320198
9,29,34.01223457355796
9,30,27.470613666830175
10,0,53.06248706699295
10,1,40.09902968578793
10,2,51.627169991673014
10,3,50.494633062563665
10,4,19.372794569622876
10,5,25.63267254337959
10,6,38.0816713578449
10,7,35.30213929738625
10,8,32.86645542091666
10,9,28.729777968527323
10,10,0.0
10,11,54.7953049210894
10,12,47.374866088174606
10,13,33.93914688866708
10,14,39.21580924382137
10,15,35.4461459304282
10,16,30.54323624760034
10,17,58.782165186374854
10,18,63.282846185734854
10,19,62.062714222447056
10,20,41.761678908547985
10,21,62.42852819708434
10,22,48.975036533250545
10,23,87.34456631251909
10,24,87.34456631251909
10,25,87.34456631251909
10,26,44.400980076620385
10,27,37.32864952066407
10,28,55.98003516591892
10,29,51.151882807457085
10,30,44.6102619007293
11,0,56.592446901323164
11,1,43.628989520118154
11,2,55.15712982600323
11,3,54.02459289689388
11,4,35.42251035146653
11,5,29.162632377709805
11,6,41.61163119217511
11,7,38.83209913171646
11,8,31.971206731138107
11,9,27.834529278748775
11,10,54.7953049210894
11,11,0.0
11,12,7.420438832914787
11,13,20.856158032422314
11,14,26.33682659676275
11,15,29.154978356316914
11,16,24.252068673489056
11,17,18.82773793111503
11,18,23.32841893047503
11,19,7.2674093013576675
11,20,13.033626012541408
11,21,65.95848803141456
11,22,52.50499636758076
11,23,81.05339873840781
11,24,81.05339873840781
11,25,81.05339873840781
11,26,60.45069585846403
11,27,53.37836530250772
11,28,59.509995000249134
11,29,54.6818426417873
11,30,48.14022173505951
12,0,49.172008068408374
12,1,36.20855068720336
12,2,47.73669099308844
12,3,46.60415406397909
12,4,28.002071518551737
12,5,21.74219354479502
12,6,34.19119235926032
12,7,31.411660298801674
12,8,24.55076789822332
12,9,20.41409044583399
12,10,47.374866088174606
12,11,7.420438832914787
12,12,0.0
12,13,13.435719199507528
12,14,18.916387763847965
12,15,21.734539523402127
12,16,16.831629840574266
12,17,11.407299098200244
12,18,15.907980097560245
12,19,14.687848134272453
12,20,5.613187179626621
12,21,58.53804919849976
12,22,45.08455753466597
12,23,73.63295990549302
12,24,73.63295990549302
12,25,73.63295990549302
12,26,53.03025702554925
12,27,45.95792646959293
12,28,52.08955616733435
12,29,47.26140380887251
12,30,40.71978290214472
13,0,35.73628886890084
13,1,22.772831487695832
13,2,34.30097179358091
13,3,33.16843486447156
13,4,14.566352319044208
13,5,8.30647434528749
13,6,20.755473159752793
13,7,17.975941099294147
13,8,11.115048698715793
13,9,6.978371246326459
13,10,33.93914688866708
13,11,20.856158032422314
13,12,13.435719199507528
13,13,0.0
13,14,5.480668564340436
13,15,8.2988203238946
13,16,3.3959106410667395
13,17,24.843018297707772
13,18,29.343699297067772
13,19,28.12356733377998
13,20,7.822532019880907
13,21,45.10232999899223
13,22,31.64883833515844
13,23,60.19724070598549
13,24,60.19724070598549
13,25,60.19724070598549
13,26,39.59453782604172
13,27,32.5222072700854
13,28,38.65383696782682
13,29,33.825684609364984
13,30,27.284063702637194
14,0,41.012951224055136
14,1,28.04949384285012
14,2,39.5776341487352
14,3,38.44509721962585
14,4,19.843014674198493
14,5,13.583136700441775
14,6,26.03213551490708
14,7,23.252603454448433
14,8,16.391711053870075
14,9,12.255033601480743
14,10,39.21580924382137
14,11,26.33682659676275
14,12,18.916387763847965
14,13,5.480668564340436
14,14,0.0
14,15,3.7696633133931647
14,16,8.672572996221025
14,17,30.32368686204821
14,18,34.824367861408206
14,19,33.60423589812042
14,20,13.303200584221344
14,21,50.378992354146526
14,22,36.92550069031273
14,23,65.47390306113978
14,24,65.47390306113978
14,25,65.47390306113978
14,26,44.871200181196
14,27,37.79886962523969
14,28,43.930499322981106
14,29,39.10234696451927
14,30,32.560726057791484
15,0,37.24328791066197
15,1,24.279830529456955
15,2,35.80797083534203
15,3,34.67543390623268
15,4,16.07335136080533
15,5,9.81347338704861
15,6,22.262472201513916
15,7,19.482940141055266
15,8,12.622047740476912
15,9,8.48537028808758
15,10,35.4461459304282
15,11,29.154978356316914
15,12,21.734539523402127
15,13,8.2988203238946
15,14,3.7696633133931647
15,15,0.0
15,16,4.90290968282786
15,17,33.141838621602375
15,18,37.642519620962375
15,19,36.42238765767458
15,20,16.121352343775506
15,21,46.60932904075336
15,22,33.155837376919564
15,23,61.70423974774661
15,24,61.70423974774661
15,25,61.70423974774661
15,26,41.10153686780284
15,27,34.02920631184652
15,28,40.16083600958794
15,29,35.3326836511261
15,30,28.791062744398317
16,0,32.34037822783411
16,1,19.376920846629094
16,2,30.905061152514172
16,3,29.772524223404822
16,4,11.170441677977468
16,5,4.910563704220751
16,6,17.359562518686054
16,7,14.580030458227407
16,8,7.719138057649053
16,9,3.58246060525972
16,10,30.54323624760034
16,11,24.252068673489056
16,12,16.831629840574266
16,13,3.3959106410667395
16,14,8.672572996221025
16,15,4.90290968282786
16,16,0.0
16,17,28.238928938774514
16,18,32.739609938134514
16,19,31.519477974846723
16,20,11.218442660947646
16,21,41.7064193579255
16,22,28.252927694091703
16,23,56.80133006491875
16,24,56.80133006491875
16,25,56.80133006491875
16,26,36.19862718497498
16,27,29.12629662901866
16,28,35.257926326760085
16,29,30.429773968298242
16,30,23.888153061570456
17,0,60.57930716660862
17,1,47.61584978540361
17,2,59.143990091288686
17,3,58.011453162179336
17,4,39.409370616751985
17,5,33.14949264299526
17,6,45.59849145746057
17,7,42.81895939700192
17,8,35.95806699642357
17,9,31.821389544034233
17,10,58.782165186374854
17,11,18.82773793111503
17,12,11.407299098200244
17,13,24.843018297707772
17,14,30.32368686204821
17,15,33.141838621602375
17,16,28.238928938774514
17,17,0.0
17,18,4.50068099936
17,19,26.095147232472698
17,20,17.020486277826866
17,21,69.94534829670002
17,22,56.49185663286622
17,23,85.04025900369327
17,24,85.04025900369327
17,25,85.04025900369327
17,26,64.43755612374949
17,27,57.365225567793175
17,28,63.49685526553459
17,29,58.668702907072756
17,30,52.12708200034497
18,0,65.07998816596862
18,1,52.11653078476361
18,2,63.644671090648686
18,3,62.512134161539336
18,4,43.910051616111986
18,5,37.65017364235526
18,6,50.09917245682057
18,7,47.31964039636192
18,8,40.45874799578357
18,9,36.32207054339423
18,10,63.282846185734854
18,11,23.32841893047503
18,12,15.907980097560245
18,13,29.343699297067772
18,14,34.824367861408206
18,15,37.642519620962375
18,16,32.739609938134514
18,17,4.50068099936
18,18,0.0
18,19,30.595828231832698
18,20,21.521167277186866
18,21,74.44602929606
18,22,60.99253763222622
18,23,89.54094000305327
18,24,89.54094000305327
18,25,89.54094000305327
18,26,68.93823712310949
18,27,61.865906567153175
18,28,67.99753626489459
18,29,63.169383906432756
18,30,56.62776299970497
19,0,63.859856202680824
19,1,50.89639882147581
19,2,62.42453912736089
19,3,61.29200219825154
19,4,42.68991965282419
19,5,36.43004167906747
19,6,48.87904049353277
19,7,46.09950843307413
19,8,39.23861603249577
19,9,35.10193858010644
19,10,62.062714222447056
19,11,7.2674093013576675
19,12,14.687848134272453
19,13,28.12356733377998
19,14,33.60423589812042
19,15,36.42238765767458
19,16,31.519477974846723
19,17,26.095147232472698
19,18,30.595828231832698
19,19,0.0
19,20,20.301035313899074
19,21,73.2258973327722
19,22,59.77240566893842
19,23,88.32080803976548
19,24,88.32080803976548
19,25,88.32080803976548
19,26,67.7181051598217
19,27,60.64577460386538
19,28,66.7774043016068
19,29,61.94925194314496
19,30,55.40763103641717
20,0,43.55882088878175
20,1,30.595363507576742
20,2,42.12350381346182
20,3,40.99096688435247
20,4,22.388884338925116
20,5,16.129006365168397
20,6,28.5780051796337
20,7,25.798473119175053
20,8,18.9375807185967
20,9,14.800903266207367
20,10,41.761678908547985
20,11,13.033626012541408
20,12,5.613187179626621
20,13,7.822532019880907
20,14,13.303200584221344
20,15,16.121352343775506
20,16,11.218442660947646
20,17,17.020486277826866
20,18,21.521167277186866
20,19,20.301035313899074
20,20,0.0
20,21,52.92486201887314
20,22,39.47137035503935
20,23,68.0197727258664
20,24,68.0197727258664
20,25,68.0197727258664
20,26,47.417069845922626
20,27,40.344739289966306
20,28,46.47636898770773
20,29,41.64821662924589
20,30,35.1065957225181
21,0,9.36604113009139
21,1,51.26221279611309
21,2,10.801358205411328
21,3,11.933895134520677
21,4,43.055733627461464
21,5,36.79585565370475
21,6,49.24485446817005
21,7,46.465322407711405
21,8,49.42555741557455
21,9,45.28887996318522
21,10,62.42852819708434
21,11,65.95848803141456
21,12,58.53804919849976
21,13,45.10232999899223
21,14,50.378992354146526
21,15,46.60932904075336
21,16,41.7064193579255
21,17,69.94534829670002
21,18,74.44602929606
21,19,73.2258973327722
21,20,52.92486201887314
21,21,0.0
21,22,13.453491663833796
21,23,98.50774942284426
21,24,98.50774942284426
21,25,98.50774942284426
21,26,68.08391913445898
21,27,61.01158857850266
21,28,7.52257899094353
21,29,12.350731349405368
21,30,17.81826629635504
22,0,4.087450533742407
22,1,37.808721132279295
22,2,2.65213345842247
22,3,1.5195965293131197
22,4,29.60224196362767
22,5,23.342363989870954
22,6,35.79136280433625
22,7,33.01183074387761
22,8,35.97206575174076
22,9,31.835388299351422
22,10,48.975036533250545
22,11,52.50499636758076
22,12,45.08455753466597
22,13,31.64883833515844
22,14,36.92550069031273
22,15,33.155837376919564
22,16,28.252927694091703
22,17,56.49185663286622
22,18,60.99253763222622
22,19,59.77240566893842
22,20,39.47137035503935
22,21,13.453491663833796
22,22,0.0
22,23,85.05425775901045
22,24,85.05425775901045
22,25,85.05425775901045
22,26,54.630427470625186
22,27,47.558096914668866
22,28,15.734547897710872
22,29,10.906395539249033
22,30,4.364774632521246
23,0,89.14170829275287
23,1,76.17825091154785
23,2,87.70639121743292
23,3,86.57385428832357
23,4,67.97177174289622
23,5,61.7118937691395
23,6,74.1608925836048
23,7,71.38136052314616
23,8,64.5204681225678
23,9,60.38379067017847
23,10,87.34456631251909
23,11,81.05339873840781
23,12,73.63295990549302
23,13,60.19724070598549
23,14,65.47390306113978
23,15,61.70423974774661
23,16,56.80133006491875
23,17,85.04025900369327
23,18,89.54094000305327
23,19,88.32080803976548
23,20,68.0197727258664
23,21,98.50774942284426
23,22,85.05425775901045
23,23,0.0
23,24,113.6026601298375
23,25,113.6026601298375
23,26,92.99995724989373
23,27,85.92762669393741
23,28,92.05925639167883
23,29,87.231104033217
23,30,80.68948312648921
24,0,89.14170829275287
24,1,76.17825091154785
24,2,87.70639121743292
24,3,86.57385428832357
24,4,67.97177174289622
24,5,61.7118937691395
24,6,74.1608925836048
24,7,71.38136052314616
24,8,64.5204681225678
24,9,60.38379067017847
24,10,87.34456631251909
24,11,81.05339873840781
24,12,73.63295990549302
24,13,60.19724070598549
24,14,65.47390306113978
24,15,61.70423974774661
24,16,56.80133006491875
24,17,85.04025900369327
24,18,89.54094000305327
24,19,88.32080803976548
24,20,68.0197727258664
24,21,98.50774942284426
24,22,85.05425775901045
24,23,113.6026601298375
24,24,0.0
24,25,113.6026601298375
24,26,92.99995724989373
24,27,85.92762669393741
24,28,92.05925639167883
24,29,87.231104033217
24,30,80.68948312648921
25,0,89.14170829275287
25,1,76.17825091154785
25,2,87.70639121743292
25,3,86.57385428832357
25,4,67.97177174289622
25,5,61.7118937691395
25,6,74.1608925836048
25,7,71.38136052314616
25,8,64.5204681225678
25,9,60.38379067017847
25,10,87.34456631251909
25,11,81.05339873840781
25,12,73.63295990549302
25,13,60.19724070598549
25,14,65.47390306113978
25,15,61.70423974774661
25,16,56.80133006491875
25,17,85.04025900369327
25,18,89.54094000305327
25,19,88.32080803976548
25,20,68.0197727258664
25,21,98.50774942284426
25,22,85.05425775901045
25,23,113.6026601298375
25,24,113.6026601298375
25,25,0.0
25,26,92.99995724989373
25,27,85.92762669393741
25,28,92.05925639167883
25,29,87.231104033217
25,30,80.68948312648921
26,0,58.71787800436759
26,1,45.754420623162574
26,2,57.282560929047655
26,3,56.150023999938306
26,4,25.028185506997513
26,5,31.288063480754232
26,6,43.73706229521953
26,7,40.95753023476089
26,8,38.5218463582913
26,9,34.38516890590196
26,10,44.400980076620385
26,11,60.45069585846403
26,12,53.03025702554925
26,13,39.59453782604172
26,14,44.871200181196
26,15,41.10153686780284
26,16,36.19862718497498
26,17,64.43755612374949
26,18,68.93823712310949
26,19,67.7181051598217
26,20,47.417069845922626
26,21,68.08391913445898
26,22,54.630427470625186
26,23,92.99995724989373
26,24,92.99995724989373
26,25,92.99995724989373
26,26,0.0
26,27,42.984040458038706
26,28,61.63542610329357
26,29,56.807273744831726
26,30,50.26565283810394
27,0,51.64554744841127
27,1,38.68209006720625
27,2,50.210230373091335
27,3,49.077693443981985
27,4,17.955854951041196
27,5,24.215732924797912
27,6,36.66473173926322
27,7,33.88519967880457
27,8,31.449515802334975
27,9,27.312838349945643
27,10,37.32864952066407
27,11,53.37836530250772
27,12,45.95792646959293
27,13,32.5222072700854
27,14,37.79886962523969
27,15,34.02920631184652
27,16,29.12629662901866
27,17,57.365225567793175
27,18,61.865906567153175
27,19,60.64577460386538
27,20,40.344739289966306
27,21,61.01158857850266
27,22,47.558096914668866
27,23,85.92762669393741
27,24,85.92762669393741
27,25,85.92762669393741
27,26,42.984040458038706
27,27,0.0
27,28,54.56309554733724
27,29,49.734943188875405
27,30,43.19332228214762
28,0,16.88862012103492
28,1,44.81371976494768
28,2,18.32393719635486
28,3,17.25414442702399
28,4,36.60724059629605
28,5,30.347362622539332
28,6,42.796361437004634
28,7,40.016829376545985
28,8,42.97706438440913
28,9,38.8403869320198
28,10,55.98003516591892
28,11,59.509995000249134
28,12,52.08955616733435
28,13,38.65383696782682
28,14,43.930499322981106
28,15,40.16083600958794
28,16,35.257926326760085
28,17,63.49685526553459
28,18,67.99753626489459
28,19,66.7774043016068
28,20,46.47636898770773
28,21,7.52257899094353
28,22,15.734547897710872
28,23,92.05925639167883
28,24,92.05925639167883
28,25,92.05925639167883
28,26,61.63542610329357
28,27,54.56309554733724
28,28,0.0
28,29,4.828152358461837
28,30,11.369773265189625
29,0,14.99384607299144
29,1,39.985567406485835
29,2,13.558528997671504
29,3,12.425992068562152
29,4,31.77908823783421
29,5,25.519210264077493
29,6,37.9682090785428
29,7,35.18867701808415
29,8,38.1489120259473
29,9,34.01223457355796
29,10,51.151882807457085
29,11,54.6818426417873
29,12,47.26140380887251
29,13,33.825684609364984
29,14,39.10234696451927
29,15,35.3326836511261
29,16,30.429773968298242
29,17,58.668702907072756
29,18,63.169383906432756
29,19,61.94925194314496
29,20,41.64821662924589
29,21,12.350731349405368
29,22,10.906395539249033
29,23,87.231104033217
29,24,87.231104033217
29,25,87.231104033217
29,26,56.807273744831726
29,27,49.734943188875405
29,28,4.828152358461837
29,29,0.0
29,30,6.541620906727788
30,0,8.452225166263652
30,1,33.44394649975805
30,2,7.016908090943716
30,3,5.884371161834365
30,4,25.237467331106423
30,5,18.977589357349707
30,6,31.42658817181501
30,7,28.647056111356363
30,8,31.60729111921951
30,9,27.470613666830175
30,10,44.6102619007293
30,11,48.14022173505951
30,12,40.71978290214472
30,13,27.284063702637194
30,14,32.560726057791484
30,15,28.791062744398317
30,16,23.888153061570456
30,17,52.12708200034497
30,18,56.62776299970497
30,19,55.40763103641717
30,20,35.1065957225181
30,21,17.81826629635504
30,22,4.364774632521246
30,23,80.68948312648921
30,24,80.68948312648921
30,25,80.68948312648921
30,26,50.26565283810394
30,27,43.19332228214762
30,28,11.369773265189625
30,29,6.541620906727788
30,30,0.0
