source_id,target_id,rtt
0,0,0.0
0,1,0.4695449639622613
0,2,0.9136653433350509
0,3,0.9811673917925511
0,4,1.8407950710020673
0,5,2.3654925878962025
0,6,2.635147465020535
0,7,2.4623658265807395
0,8,2.8524464002306895
0,9,3.8873253984853684
0,10,5.956199819601947
0,11,5.369062291508632
0,12,5.508518904568719
0,13,2.927926409285317
0,14,2.603513758274456
0,15,2.4218980688063123
0,16,2.825500324237345
0,17,4.47801270671735
0,18,5.955057728672925
0,19,5.115207977108014
0,20,57.66889960442849
0,21,64.08540082619882
0,22,4.484283302325364
0,23,5.525611854531414
0,24,5.702830537036856
0,25,3.7470993160126844
0,26,4.4140796818005485
0,27,3.9578848177248256
0,28,6.101173949603396
0,29,6.243060452774408
0,30,6.0573856282812795
0,31,5.100103456178886
0,32,3.2972101855202034
0,33,0.9747197008938526
0,34,6.000756073906681
0,35,5.721051893784843
0,36,4.728637935830067
0,37,5.367163180568138
0,38,4.142805866613912
0,39,3.0667248020177906
0,40,2.5784491908556038
0,41,3.8787083810640643
1,0,0.4695449639622613
1,1,0.0
1,2,1.383210307297312
1,3,1.4507123557548125
1,4,2.3103400349643284
1,5,2.8350375518584636
1,6,3.104692428982796
1,7,2.9319107905430006
1,8,3.3219913641929506
1,9,4.35687036244763
1,10,6.425744783564207
1,11,5.838607255470892
1,12,5.978063868530981
1,13,3.397471373247578
1,14,3.073058722236717
1,15,2.8914430327685734
1,16,3.295045288199606
1,17,4.94755767067961
1,18,6.424602692635187
1,19,5.584752941070274
1,20,58.138444568390746
1,21,64.55494579016109
1,22,4.9538282662876245
1,23,5.995156818493676
1,24,6.172375500999118
1,25,4.216644279974945
1,26,4.88362464576281
1,27,4.427429781687087
1,28,6.570718913565658
1,29,6.71260541673667
1,30,6.526930592243541
1,31,5.569648420141148
1,32,3.7667551494824645
1,33,1.444264664856114
1,34,6.470301037868943
1,35,6.190596857747105
1,36,5.198182899792328
1,37,5.8367081445304
1,38,4.612350830576174
1,39,3.536269765980052
1,40,3.0479941548178653
1,41,4.348253345026325
2,0,0.9136653433350509
2,1,1.383210307297312
2,2,0.0
2,3,1.894832735127602
2,4,2.7544604143371183
2,5,3.2791579312312535
2,6,3.548812808355586
2,7,3.3760311699157906
2,8,3.7661117435657405
2,9,4.800990741820419
2,10,6.869865162936998
2,11,6.282727634843683
2,12,6.42218424790377
2,13,3.841591752620368
2,14,3.517179101609507
2,15,3.3355634121413633
2,16,3.739165667572396
2,17,5.391678050052401
2,18,6.868723072007976
2,19,6.028873320443065
2,20,58.58256494776354
2,21,64.99906616953388
2,22,5.397948645660415
2,23,6.439277197866465
2,24,6.616495880371907
2,25,4.660764659347736
2,26,5.3277450251356
2,27,4.8715501610598775
2,28,7.014839292938447
2,29,7.156725796109459
2,30,6.9710509716163305
2,31,6.013768799513937
2,32,4.210875528855254
2,33,1.8883850442289036
2,34,6.914421417241732
2,35,6.634717237119894
2,36,5.642303279165118
2,37,6.280828523903189
2,38,5.056471209948963
2,39,3.9803901453528416
2,40,3.4921145341906548
2,41,4.792373724399115
3,0,0.9811673917925511
3,1,1.4507123557548125
3,2,1.894832735127602
3,3,0.0
3,4,2.8219624627946183
3,5,3.3466599796887535
3,6,3.6163148568130854
3,7,3.4435332183732905
3,8,3.8336137920232405
3,9,4.868492790277919
3,10,6.937367211394498
3,11,6.350229683301182
3,12,6.4896862963612705
3,13,3.9090938010778684
3,14,3.5846811500670075
3,15,3.4030654605988633
3,16,3.806667716029896
3,17,5.459180098509901
3,18,6.936225120465476
3,19,6.096375368900564
3,20,58.650066996221035
3,21,65.06656821799137
3,22,5.465450694117915
3,23,6.5067792463239655
3,24,6.683997928829408
3,25,4.728266707805235
3,26,5.3952470735931
3,27,4.939052209517377
3,28,7.0823413413959475
3,29,7.224227844566959
3,30,7.038553020073831
3,31,6.081270847971437
3,32,4.278377577312754
3,33,1.9558870926864036
3,34,6.981923465699232
3,35,6.702219285577394
3,36,5.709805327622617
3,37,6.348330572360689
3,38,5.123973258406464
3,39,4.047892193810342
3,40,3.5596165826481547
3,41,4.859875772856615
4,0,1.8407950710020673
4,1,2.3103400349643284
4,2,2.7544604143371183
4,3,2.8219624627946183
4,4,0.0
4,5,0.5246975168941351
4,6,0.7943523940184674
4,7,0.6215707555786723
4,8,1.0116513292286222
4,9,2.046530327483301
4,10,4.11540474859988
4,11,3.528267220506564
4,12,4.0319098688223
4,13,1.08713133828325
4,14,0.762718687272389
4,15,0.5811029978042449
4,16,0.9847052532352777
4,17,2.637217635715283
4,18,4.114262657670858
4,19,3.2744129061059457
4,20,55.82810453342642
4,21,62.24460575519676
4,22,2.6434882313232966
4,23,4.049002818784996
4,24,3.862035466034789
4,25,1.9063042450106171
4,26,2.5732846107984813
4,27,2.1170897467227583
4,28,4.26037887860133
4,29,4.402265381772342
4,30,4.216590557279213
4,31,3.2593083851768188
4,32,4.825966364704218
4,33,2.81551477189592
4,34,4.524147038160262
4,35,4.244442858038424
4,36,3.2520289000836473
4,37,3.890554144821719
4,38,5.671562045797927
4,39,4.595480981201806
4,40,4.107205370039619
4,41,5.40746456024808
5,0,2.3654925878962025
5,1,2.8350375518584636
5,2,3.2791579312312535
5,3,3.3466599796887535
5,4,0.5246975168941351
5,5,0.0
5,6,1.3190499109126024
5,7,1.1462682724728075
5,8,1.5363488461227575
5,9,2.5712278443774363
5,10,4.640102265494015
5,11,4.052964737400699
5,12,4.556607385716435
5,13,1.611828855177385
5,14,1.287416204166524
5,15,1.10580051469838
5,16,1.5094027701294128
5,17,3.161915152609418
5,18,4.6389601745649935
5,19,3.799110423000081
5,20,56.352802050320555
5,21,62.769303272090895
5,22,3.168185748217432
5,23,4.573700335679131
5,24,4.386732982928924
5,25,2.4310017619047524
5,26,3.0979821276926165
5,27,2.6417872636168935
5,28,4.785076395495465
5,29,4.926962898666477
5,30,4.741288074173348
5,31,3.784005902070954
5,32,5.350663881598353
5,33,3.340212288790055
5,34,5.048844555054398
5,35,4.76914037493256
5,36,3.7767264169777826
5,37,4.415251661715854
5,38,6.196259562692063
5,39,5.1201784980959415
5,40,4.631902886933754
5,41,5.932162077142214
6,0,2.635147465020535
6,1,3.104692428982796
6,2,3.548812808355586
6,3,3.6163148568130854
6,4,0.7943523940184674
6,5,1.3190499109126024
6,6,0.0
6,7,1.4159231495971396
6,8,1.8060037232470896
6,9,2.8408827215017682
6,10,4.909757142618346
6,11,4.322619614525031
6,12,4.826262262840768
6,13,1.8814837323017173
6,14,1.5570710812908564
6,15,1.3754553918227121
6,16,1.7790576472537452
6,17,3.4315700297337495
6,18,4.908615051689325
6,19,4.068765300124413
6,20,56.62245692744489
6,21,63.038958149215226
6,22,3.4378406253417637
6,23,4.843355212803463
6,24,4.656387860053257
6,25,2.7006566390290843
6,26,3.367637004816949
6,27,2.9114421407412254
6,28,5.054731272619796
6,29,5.196617775790809
6,30,5.01094295129768
6,31,4.053660779195286
6,32,5.620318758722686
6,33,3.6098671659143875
6,34,5.318499432178729
6,35,5.038795252056891
6,36,4.0463812941021144
6,37,4.6849065388401865
6,38,6.465914439816395
6,39,5.389833375220274
6,40,4.9015577640580865
6,41,6.2018169542665476
7,0,2.4623658265807395
7,1,2.9319107905430006
7,2,3.3760311699157906
7,3,3.4435332183732905
7,4,0.6215707555786723
7,5,1.1462682724728075
7,6,1.4159231495971396
7,7,0.0
7,8,1.6332220848072945
7,9,2.6681010830619734
7,10,4.736975504178552
7,11,4.149837976085236
7,12,4.653480624400973
7,13,1.7087020938619222
7,14,1.3842894428510613
7,15,1.2026737533829173
7,16,1.6062760088139498
7,17,3.2587883912939546
7,18,4.73583341324953
7,19,3.895983661684618
7,20,56.44967528900509
7,21,62.86617651077543
7,22,3.265058986901969
7,23,4.670573574363668
7,24,4.483606221613462
7,25,2.5278750005892894
7,26,3.194855366377154
7,27,2.7386605023014305
7,28,4.8819496341800015
7,29,5.023836137351013
7,30,4.838161312857885
7,31,3.880879140755491
7,32,5.44753712028289
7,33,3.437085527474592
7,34,5.1457177937389345
7,35,4.866013613617096
7,36,3.8735996556623196
7,37,4.512124900400392
7,38,6.293132801376599
7,39,5.217051736780478
7,40,4.728776125618291
7,41,6.029035315826752
8,0,2.8524464002306895
8,1,3.3219913641929506
8,2,3.7661117435657405
8,3,3.8336137920232405
8,4,1.0116513292286222
8,5,1.5363488461227575
8,6,1.8060037232470896
8,7,1.6332220848072945
8,8,0.0
8,9,3.0581816567119233
8,10,5.127056077828502
8,11,4.539918549735186
8,12,5.043561198050923
8,13,2.0987826675118724
8,14,1.7743700165010112
8,15,1.5927543270328672
8,16,1.9963565824638998
8,17,3.6488689649439046
8,18,5.12591398689948
8,19,4.286064235334568
8,20,56.83975586265504
8,21,63.256257084425386
8,22,3.655139560551919
8,23,5.060654148013618
8,24,4.873686795263412
8,25,2.9179555742392393
8,26,3.584935940027104
8,27,3.1287410759513805
8,28,5.2720302078299515
8,29,5.413916711000963
8,30,5.228241886507835
8,31,4.270959714405441
8,32,5.83761769393284
8,33,3.827166101124542
8,34,5.535798367388884
8,35,5.256094187267046
8,36,4.2636802293122695
8,37,4.902205474050342
8,38,6.683213375026549
8,39,5.607132310430428
8,40,5.118856699268241
8,41,6.419115889476702
9,0,3.8873253984853684
9,1,4.35687036244763
9,2,4.800990741820419
9,3,4.868492790277919
9,4,2.046530327483301
9,5,2.5712278443774363
9,6,2.8408827215017682
9,7,2.6681010830619734
9,8,3.0581816567119233
9,9,0.0
9,10,6.16193507608318
9,11,5.574797547989865
9,12,6.078440196305602
9,13,3.1336616657665513
9,14,2.8092490147556903
9,15,2.627633325287546
9,16,3.0312355807185787
9,17,4.683747963198583
9,18,6.160792985154159
9,19,5.320943233589247
9,20,57.87463486090972
9,21,64.29113608268007
9,22,4.690018558806598
9,23,6.095533146268297
9,24,5.908565793518091
9,25,3.9528345724939182
9,26,4.619814938281783
9,27,4.16362007420606
9,28,6.30690920608463
9,29,6.448795709255643
9,30,6.263120884762514
9,31,5.30583871266012
9,32,6.87249669218752
9,33,4.8620450993792215
9,34,6.570677365643563
9,35,6.290973185521725
9,36,5.298559227566948
9,37,5.9370844723050205
9,38,7.7180923732812285
9,39,6.642011308685108
9,40,6.1537356975229205
9,41,7.4539948877313815
10,0,5.956199819601947
10,1,6.425744783564207
10,2,6.869865162936998
10,3,6.937367211394498
10,4,4.11540474859988
10,5,4.640102265494015
10,6,4.909757142618346
10,7,4.736975504178552
10,8,5.127056077828502
10,9,6.16193507608318
10,10,0.0
10,11,2.3566955064598507
10,12,3.0253281174755067
10,13,5.20253608688313
10,14,4.8781234358722685
10,15,4.696507746404125
10,16,5.100110001835157
10,17,6.565867401256426
10,18,4.746508540628375
10,19,2.1028411920592323
10,20,59.9435092820263
10,21,62.87685163815428
10,22,1.4719165172765831
10,23,3.0424210674382017
10,24,4.494281348992306
10,25,5.834954010551761
10,26,6.501934376339626
10,27,6.045739512263903
10,28,4.892624761558847
10,29,5.034511264729859
10,30,4.84883644023673
10,31,3.891554268134336
10,32,5.114396888375915
10,33,6.930919520495799
10,34,3.5175652868134684
10,35,3.2378611066916303
10,36,2.2454471487368535
10,37,2.8839723934749255
10,38,5.959992569469625
10,39,4.883911504873503
10,40,4.395635893711316
10,41,5.695895083919776
11,0,5.369062291508632
11,1,5.838607255470892
11,2,6.282727634843683
11,3,6.350229683301182
11,4,3.528267220506564
11,5,4.052964737400699
11,6,4.322619614525031
11,7,4.149837976085236
11,8,4.539918549735186
11,9,5.574797547989865
11,10,2.3566955064598507
11,11,0.0
11,12,2.438190589382191
11,13,4.615398558789814
11,14,4.290985907778953
11,15,4.109370218310809
11,16,4.512972473741842
11,17,5.978729873163111
11,18,4.159371012535059
11,19,1.5157036639659167
11,20,59.35637175393298
11,21,62.28971411006096
11,22,0.8847789891832675
11,23,2.455283539344886
11,24,3.9071438208989906
11,25,5.247816482458446
11,26,5.91479684824631
11,27,5.458601984170587
11,28,4.305487233465531
11,29,4.447373736636543
11,30,4.261698912143414
11,31,3.3044167400410203
11,32,4.5272593602826
11,33,6.343781992402484
11,34,2.930427758720153
11,35,2.6507235785983148
11,36,1.658309620643538
11,37,2.2968348653816095
11,38,5.372855041376309
11,39,4.296773976780187
11,40,3.8084983656180005
11,41,5.108757555826461
12,0,5.508518904568719
12,1,5.978063868530981
12,2,6.42218424790377
12,3,6.4896862963612705
12,4,4.0319098688223
12,5,4.556607385716435
12,6,4.826262262840768
12,7,4.653480624400973
12,8,5.043561198050923
12,9,6.078440196305602
12,10,3.0253281174755067
12,11,2.438190589382191
12,12,0.0
12,13,5.119041207105551
12,14,4.79462855609469
12,15,4.613012866626545
12,16,5.016615122057578
12,17,6.6473624841787675
12,18,4.828003623550716
12,19,2.184336274981573
12,20,59.860014402248716
12,21,62.958346721076616
12,22,1.5534116001989235
12,23,1.5768548874400015
12,24,4.575776431914647
12,25,5.916449093474102
12,26,6.583429459261967
12,27,6.127234595186244
12,28,4.974119844481187
12,29,5.1160063476522
12,30,4.9303315231590705
12,31,3.9730493510566767
12,32,3.648830708377715
12,33,6.483238605462573
12,34,2.051999106815268
12,35,1.77229492669343
12,36,0.7798809687386531
12,37,1.4184062134767248
12,38,4.494426389471425
12,39,3.4183453248753026
12,40,2.9300697137131158
12,41,4.230328903921576
13,0,2.927926409285317
13,1,3.397471373247578
13,2,3.841591752620368
13,3,3.9090938010778684
13,4,1.08713133828325
13,5,1.611828855177385
13,6,1.8814837323017173
13,7,1.7087020938619222
13,8,2.0987826675118724
13,9,3.1336616657665513
13,10,5.20253608688313
13,11,4.615398558789814
13,12,5.119041207105551
13,13,0.0
13,14,1.849850025555639
13,15,1.6682343360874947
13,16,2.0718365915185277
13,17,3.7243489739985325
13,18,5.201393995954108
13,19,4.361544244389196
13,20,56.91523587170967
13,21,63.331737093480015
13,22,3.7306195696065467
13,23,5.136134157068246
13,24,4.94916680431804
13,25,2.9934355832938673
13,26,3.660415949081732
13,27,3.2042210850060084
13,28,5.347510216884579
13,29,5.489396720055591
13,30,5.303721895562463
13,31,4.346439723460069
13,32,5.913097702987468
13,33,3.9026461101791696
13,34,5.611278376443512
13,35,5.331574196321674
13,36,4.3391602383668975
13,37,4.9776854831049695
13,38,6.758693384081177
13,39,5.682612319485056
13,40,5.194336708322869
13,41,6.49459589853133
14,0,2.603513758274456
14,1,3.073058722236717
14,2,3.517179101609507
14,3,3.5846811500670075
14,4,0.762718687272389
14,5,1.287416204166524
14,6,1.5570710812908564
14,7,1.3842894428510613
14,8,1.7743700165010112
14,9,2.8092490147556903
14,10,4.8781234358722685
14,11,4.290985907778953
14,12,4.79462855609469
14,13,1.849850025555639
14,14,0.0
14,15,1.3438216850766338
14,16,1.7474239405076668
14,17,3.3999363229876716
14,18,4.876981344943247
14,19,4.037131593378335
14,20,56.59082322069881
14,21,63.00732444246915
14,22,3.406206918595686
14,23,4.811721506057385
14,24,4.624754153307179
14,25,2.6690229322830064
14,26,3.336003298070871
14,27,2.8798084339951475
14,28,5.0230975658737185
14,29,5.164984069044731
14,30,4.979309244551602
14,31,4.022027072449208
14,32,5.588685051976607
14,33,3.5782334591683087
14,34,5.286865725432651
14,35,5.007161545310813
14,36,4.0147475873560365
14,37,4.653272832094109
14,38,6.434280733070317
14,39,5.358199668474195
14,40,4.869924057312008
14,41,6.170183247520468
15,0,2.4218980688063123
15,1,2.8914430327685734
15,2,3.3355634121413633
15,3,3.4030654605988633
15,4,0.5811029978042449
15,5,1.10580051469838
15,6,1.3754553918227121
15,7,1.2026737533829173
15,8,1.5927543270328672
15,9,2.627633325287546
15,10,4.696507746404125
15,11,4.109370218310809
15,12,4.613012866626545
15,13,1.6682343360874947
15,14,1.3438216850766338
15,15,0.0
15,16,1.5658082510395226
15,17,3.218320633519528
15,18,4.695365655475103
15,19,3.8555159039101907
15,20,56.40920753123066
15,21,62.82570875300101
15,22,3.2245912291275416
15,23,4.630105816589241
15,24,4.443138463839034
15,25,2.487407242814862
15,26,3.1543876086027263
15,27,2.6981927445270033
15,28,4.841481876405575
15,29,4.983368379576587
15,30,4.797693555083458
15,31,3.8404113829810638
15,32,5.407069362508463
15,33,3.396617769700165
15,34,5.105250035964508
15,35,4.82554585584267
15,36,3.8331318978878923
15,37,4.471657142625964
15,38,6.252665043602173
15,39,5.176583979006051
15,40,4.688308367843864
15,41,5.988567558052324
16,0,2.825500324237345
16,1,3.295045288199606
16,2,3.739165667572396
16,3,3.806667716029896
16,4,0.9847052532352777
16,5,1.5094027701294128
16,6,1.7790576472537452
16,7,1.6062760088139498
16,8,1.9963565824638998
16,9,3.0312355807185787
16,10,5.100110001835157
16,11,4.512972473741842
16,12,5.016615122057578
16,13,2.0718365915185277
16,14,1.7474239405076668
16,15,1.5658082510395226
16,16,0.0
16,17,3.62192288895056
16,18,5.098967910906135
16,19,4.259118159341224
16,20,56.812809786661695
16,21,63.22931100843204
16,22,3.628193484558574
16,23,5.033708072020273
16,24,4.846740719270067
16,25,2.8910094982458947
16,26,3.5579898640337593
16,27,3.101794999958036
16,28,5.245084131836607
16,29,5.38697063500762
16,30,5.20129581051449
16,31,4.244013638412096
16,32,5.810671617939496
16,33,3.8002200251311975
16,34,5.50885229139554
16,35,5.229148111273702
16,36,4.236734153318925
16,37,4.875259398056997
16,38,6.656267299033205
16,39,5.580186234437084
16,40,5.091910623274897
16,41,6.392169813483358
17,0,4.47801270671735
17,1,4.94755767067961
17,2,5.391678050052401
17,3,5.459180098509901
17,4,2.637217635715283
17,5,3.161915152609418
17,6,3.4315700297337495
17,7,3.2587883912939546
17,8,3.6488689649439046
17,9,4.683747963198583
17,10,6.565867401256426
17,11,5.978729873163111
17,12,6.6473624841787675
17,13,3.7243489739985325
17,14,3.3999363229876716
17,15,3.218320633519528
17,16,3.62192288895056
17,17,0.0
17,18,3.5292674056161304
17,19,5.724875558762493
17,20,58.4653221691417
17,21,61.659610503142034
17,22,5.0939508839798435
17,23,6.664455434141463
17,24,3.277040213980061
17,25,0.7309133907046654
17,26,1.3978937564925298
17,27,0.9416988924168067
17,28,3.6753836265466013
17,29,3.8172701297176137
17,30,3.6315953052244847
17,31,2.674313133122091
17,32,7.4631840004195
17,33,5.452732407611202
17,34,7.139599653516729
17,35,6.859895473394891
17,36,5.867481515440114
17,37,6.506006760178186
17,38,8.30877968151321
17,39,7.232698616917088
17,40,6.744423005754901
17,41,8.044682195963361
18,0,5.955057728672925
18,1,6.424602692635187
18,2,6.868723072007976
18,3,6.936225120465476
18,4,4.114262657670858
18,5,4.6389601745649935
18,6,4.908615051689325
18,7,4.73583341324953
18,8,5.12591398689948
18,9,6.160792985154159
18,10,4.746508540628375
18,11,4.159371012535059
18,12,4.828003623550716
18,13,5.201393995954108
18,14,4.876981344943247
18,15,4.695365655475103
18,16,5.098967910906135
18,17,3.5292674056161304
18,18,0.0
18,19,3.9055166981344414
18,20,59.942367191097276
18,21,59.840251642513984
18,22,3.2745920233517922
18,23,4.845096573513411
18,24,1.4576813533520099
18,25,2.7983540149114647
18,26,3.4653343806993293
18,27,3.0091395166236063
18,28,1.85602476591855
18,29,1.9979112690895624
18,30,1.8122364445964334
18,31,0.8549542724940394
18,32,6.917072394451124
18,33,6.929777429566778
18,34,5.3202407928886775
18,35,5.040536612766839
18,36,4.048122654812063
18,37,4.686647899550135
18,38,7.762668075544834
18,39,6.686587010948712
18,40,6.198311399786525
18,41,7.498570589994985
19,0,5.115207977108014
19,1,5.584752941070274
19,2,6.028873320443065
19,3,6.096375368900564
19,4,3.2744129061059457
19,5,3.799110423000081
19,6,4.068765300124413
19,7,3.895983661684618
19,8,4.286064235334568
19,9,5.320943233589247
19,10,2.1028411920592323
19,11,1.5157036639659167
19,12,2.184336274981573
19,13,4.361544244389196
19,14,4.037131593378335
19,15,3.8555159039101907
19,16,4.259118159341224
19,17,5.724875558762493
19,18,3.9055166981344414
19,19,0.0
19,20,59.10251743953236
19,21,62.03585979566034
19,22,0.6309246747826492
19,23,2.201429224944268
19,24,3.653289506498372
19,25,4.993962168057827
19,26,5.660942533845692
19,27,5.204747669769969
19,28,4.051632919064913
19,29,4.193519422235925
19,30,4.007844597742796
19,31,3.050562425640402
19,32,4.273405045881982
19,33,6.089927678001866
19,34,2.676573444319535
19,35,2.3968692641976967
19,36,1.40445530624292
19,37,2.0429805509809915
19,38,5.119000726975691
19,39,4.042919662379569
19,40,3.5546440512173825
19,41,4.854903241425843
20,0,57.66889960442849
20,1,58.138444568390746
20,2,58.58256494776354
20,3,58.650066996221035
20,4,55.82810453342642
20,5,56.352802050320555
20,6,56.62245692744489
20,7,56.44967528900509
20,8,56.83975586265504
20,9,57.87463486090972
20,10,59.9435092820263
20,11,59.35637175393298
20,12,59.860014402248716
20,13,56.91523587170967
20,14,56.59082322069881
20,15,56.40920753123066
20,16,56.812809786661695
20,17,58.4653221691417
20,18,59.942367191097276
20,19,59.10251743953236
20,20,0.0
20,21,118.07271028862317
20,22,58.471592764749715
20,23,59.87710735221141
20,24,59.6901399994612
20,25,57.734408778437036
20,26,58.4013891442249
20,27,57.945194280149174
20,28,60.08848341202775
20,29,60.23036991519876
20,30,60.04469509070563
20,31,59.087412918603235
20,32,60.654070898130634
20,33,58.64361930532234
20,34,60.35225157158668
20,35,60.07254739146484
20,36,59.08013343351006
20,37,59.71865867824813
20,38,61.499666579224346
20,39,60.42358551462822
20,40,59.935309903466035
20,41,61.23556909367449
21,0,64.08540082619882
21,1,64.55494579016109
21,2,64.99906616953388
21,3,65.06656821799137
21,4,62.24460575519676
21,5,62.769303272090895
21,6,63.038958149215226
21,7,62.86617651077543
21,8,63.256257084425386
21,9,64.29113608268007
21,10,62.87685163815428
21,11,62.28971411006096
21,12,62.958346721076616
21,13,63.331737093480015
21,14,63.00732444246915
21,15,62.82570875300101
21,16,63.22931100843204
21,17,61.659610503142034
21,18,59.840251642513984
21,19,62.03585979566034
21,20,118.07271028862317
21,21,0.0
21,22,61.404935120877695
21,23,62.97543967103931
21,24,59.58802445087791
21,25,60.92869711243737
21,26,61.595677478225234
21,27,61.13948261414951
21,28,59.98636786344446
21,29,60.128254366615465
21,30,59.94257954212234
21,31,58.98529737001994
21,32,65.04741549197703
21,33,65.06012052709268
21,34,63.45058389041458
21,35,63.17087971029274
21,36,62.178465752337964
21,37,62.81699099707603
21,38,65.89301117307073
21,39,64.81693010847461
21,40,64.32865449731243
21,41,65.62891368752089
22,0,4.484283302325364
22,1,4.9538282662876245
22,2,5.397948645660415
22,3,5.465450694117915
22,4,2.6434882313232966
22,5,3.168185748217432
22,6,3.4378406253417637
22,7,3.265058986901969
22,8,3.655139560551919
22,9,4.690018558806598
22,10,1.4719165172765831
22,11,0.8847789891832675
22,12,1.5534116001989235
22,13,3.7306195696065467
22,14,3.406206918595686
22,15,3.2245912291275416
22,16,3.628193484558574
22,17,5.0939508839798435
22,18,3.2745920233517922
22,19,0.6309246747826492
22,20,58.471592764749715
22,21,61.404935120877695
22,22,0.0
22,23,1.570504550161619
22,24,3.022364831715723
22,25,4.363037493275178
22,26,5.030017859063042
22,27,4.573822994987319
22,28,3.420708244282263
22,29,3.5625947474532755
22,30,3.3769199229601465
22,31,2.4196377508577527
22,32,3.6424803710993325
22,33,5.459003003219216
22,34,2.0456487695368857
22,35,1.7659445894150474
22,36,0.7735306314602706
22,37,1.4120558761983424
22,38,4.488076052193042
22,39,3.41199498759692
22,40,2.9237193764347333
22,41,4.2239785666431935
23,0,5.525611854531414
23,1,5.995156818493676
23,2,6.439277197866465
23,3,6.5067792463239655
23,4,4.049002818784996
23,5,4.573700335679131
23,6,4.843355212803463
23,7,4.670573574363668
23,8,5.060654148013618
23,9,6.095533146268297
23,10,3.0424210674382017
23,11,2.455283539344886
23,12,1.5768548874400015
23,13,5.136134157068246
23,14,4.811721506057385
23,15,4.630105816589241
23,16,5.033708072020273
23,17,6.664455434141463
23,18,4.845096573513411
23,19,2.201429224944268
23,20,59.87710735221141
23,21,62.97543967103931
23,22,1.570504550161619
23,23,0.0
23,24,4.5928693818773425
23,25,5.933542043436797
23,26,6.600522409224662
23,27,6.144327545148939
23,28,4.991212794443882
23,29,5.133099297614895
23,30,4.947424473121766
23,31,3.9901423010193717
23,32,3.66592365834041
23,33,6.500331555425268
23,34,2.069092056777963
23,35,1.789387876656125
23,36,0.7969739187013484
23,37,1.4354991634394203
23,38,4.51151933943412
23,39,3.4354382748379977
23,40,2.947162663675811
23,41,4.247421853884271
24,0,5.702830537036856
24,1,6.172375500999118
24,2,6.616495880371907
24,3,6.683997928829408
24,4,3.862035466034789
24,5,4.386732982928924
24,6,4.656387860053257
24,7,4.483606221613462
24,8,4.873686795263412
24,9,5.908565793518091
24,10,4.494281348992306
24,11,3.9071438208989906
24,12,4.575776431914647
24,13,4.94916680431804
24,14,4.624754153307179
24,15,4.443138463839034
24,16,4.846740719270067
24,17,3.277040213980061
24,18,1.4576813533520099
24,19,3.653289506498372
24,20,59.6901399994612
24,21,59.58802445087791
24,22,3.022364831715723
24,23,4.5928693818773425
24,24,0.0
24,25,2.546126823275396
24,26,3.21310718906326
24,27,2.756912324987537
24,28,1.6037975742824813
24,29,1.7456840774534932
24,30,1.5600092529603644
24,31,0.6027270808579704
24,32,6.664845202815055
24,33,6.67755023793071
24,34,5.068013601252609
24,35,4.788309421130771
24,36,3.795895463175994
24,37,4.434420707914065
24,38,7.510440883908764
24,39,6.434359819312643
24,40,5.946084208150456
24,41,7.246343398358917
25,0,3.7470993160126844
25,1,4.216644279974945
25,2,4.660764659347736
25,3,4.728266707805235
25,4,1.9063042450106171
25,5,2.4310017619047524
25,6,2.7006566390290843
25,7,2.5278750005892894
25,8,2.9179555742392393
25,9,3.9528345724939182
25,10,5.834954010551761
25,11,5.247816482458446
25,12,5.916449093474102
25,13,2.9934355832938673
25,14,2.6690229322830064
25,15,2.487407242814862
25,16,2.8910094982458947
25,17,0.7309133907046654
25,18,2.7983540149114647
25,19,4.993962168057827
25,20,57.734408778437036
25,21,60.92869711243737
25,22,4.363037493275178
25,23,5.933542043436797
25,24,2.546126823275396
25,25,0.0
25,26,0.6669803657878643
25,27,0.21078550171214125
25,28,2.944470235841936
25,29,3.086356739012948
25,30,2.9006819145198195
25,31,1.9433997424174254
25,32,6.732270609714835
25,33,4.721819016906537
25,34,6.408686262812064
25,35,6.128982082690226
25,36,5.136568124735449
25,37,5.775093369473521
25,38,7.577866290808544
25,39,6.501785226212423
25,40,6.013509615050236
25,41,7.313768805258697
26,0,4.4140796818005485
26,1,4.88362464576281
26,2,5.3277450251356
26,3,5.3952470735931
26,4,2.5732846107984813
26,5,3.0979821276926165
26,6,3.367637004816949
26,7,3.194855366377154
26,8,3.584935940027104
26,9,4.619814938281783
26,10,6.501934376339626
26,11,5.91479684824631
26,12,6.583429459261967
26,13,3.660415949081732
26,14,3.336003298070871
26,15,3.1543876086027263
26,16,3.5579898640337593
26,17,1.3978937564925298
26,18,3.4653343806993293
26,19,5.660942533845692
26,20,58.4013891442249
26,21,61.595677478225234
26,22,5.030017859063042
26,23,6.600522409224662
26,24,3.21310718906326
26,25,0.6669803657878643
26,26,0.0
26,27,0.8777658675000056
26,28,3.6114506016298007
26,29,3.7533371048008126
26,30,3.5676622803076836
26,31,2.6103801082052898
26,32,7.399250975502699
26,33,5.388799382694401
26,34,7.075666628599929
26,35,6.7959624484780905
26,36,5.803548490523314
26,37,6.442073735261386
26,38,8.244846656596408
26,39,7.1687655920002875
26,40,6.6804899808381
26,41,7.980749171046561
27,0,3.9578848177248256
27,1,4.427429781687087
27,2,4.8715501610598775
27,3,4.939052209517377
27,4,2.1170897467227583
27,5,2.6417872636168935
27,6,2.9114421407412254
27,7,2.7386605023014305
27,8,3.1287410759513805
27,9,4.16362007420606
27,10,6.045739512263903
27,11,5.458601984170587
27,12,6.127234595186244
27,13,3.2042210850060084
27,14,2.8798084339951475
27,15,2.6981927445270033
27,16,3.101794999958036
27,17,0.9416988924168067
27,18,3.0091395166236063
27,19,5.204747669769969
27,20,57.945194280149174
27,21,61.13948261414951
27,22,4.573822994987319
27,23,6.144327545148939
27,24,2.756912324987537
27,25,0.21078550171214125
27,26,0.8777658675000056
27,27,0.0
27,28,3.1552557375540777
27,29,3.2971422407250897
27,30,3.1114674162319607
27,31,2.154185244129567
27,32,6.943056111426976
27,33,4.932604518618678
27,34,6.619471764524206
27,35,6.3397675844023675
27,36,5.347353626447591
27,37,5.985878871185663
27,38,7.788651792520685
27,39,6.7125707279245646
27,40,6.224295116762377
27,41,7.524554306970838
28,0,6.101173949603396
28,1,6.570718913565658
28,2,7.014839292938447
28,3,7.0823413413959475
28,4,4.26037887860133
28,5,4.785076395495465
28,6,5.054731272619796
28,7,4.8819496341800015
28,8,5.2720302078299515
28,9,6.30690920608463
28,10,4.892624761558847
28,11,4.305487233465531
28,12,4.974119844481187
28,13,5.347510216884579
28,14,5.0230975658737185
28,15,4.841481876405575
28,16,5.245084131836607
28,17,3.6753836265466013
28,18,1.85602476591855
28,19,4.051632919064913
28,20,60.08848341202775
28,21,59.98636786344446
28,22,3.420708244282263
28,23,4.991212794443882
28,24,1.6037975742824813
28,25,2.944470235841936
28,26,3.6114506016298007
28,27,3.1552557375540777
28,28,0.0
28,29,2.144027490020034
28,30,1.9583526655269048
28,31,1.0010704934245107
28,32,7.063188615381596
28,33,7.07589365049725
28,34,5.466357013819149
28,35,5.186652833697311
28,36,4.194238875742534
28,37,4.832764120480606
28,38,7.9087842964753055
28,39,6.832703231879184
28,40,6.3444276207169965
28,41,7.644686810925457
29,0,6.243060452774408
29,1,6.71260541673667
29,2,7.156725796109459
29,3,7.224227844566959
29,4,4.402265381772342
29,5,4.926962898666477
29,6,5.196617775790809
29,7,5.023836137351013
29,8,5.413916711000963
29,9,6.448795709255643
29,10,5.034511264729859
29,11,4.447373736636543
29,12,5.1160063476522
29,13,5.489396720055591
29,14,5.164984069044731
29,15,4.983368379576587
29,16,5.38697063500762
29,17,3.8172701297176137
29,18,1.9979112690895624
29,19,4.193519422235925
29,20,60.23036991519876
29,21,60.128254366615465
29,22,3.5625947474532755
29,23,5.133099297614895
29,24,1.7456840774534932
29,25,3.086356739012948
29,26,3.7533371048008126
29,27,3.2971422407250897
29,28,2.144027490020034
29,29,0.0
29,30,2.1002391686979167
29,31,1.1429569965955229
29,32,7.2050751185526085
29,33,7.2177801536682615
29,34,5.608243516990162
29,35,5.328539336868324
29,36,4.336125378913547
29,37,4.974650623651619
29,38,8.050670799646317
29,39,6.974589735050197
29,40,6.486314123888009
29,41,7.78657331409647
30,0,6.0573856282812795
30,1,6.526930592243541
30,2,6.9710509716163305
30,3,7.038553020073831
30,4,4.216590557279213
30,5,4.741288074173348
30,6,5.01094295129768
30,7,4.838161312857885
30,8,5.228241886507835
30,9,6.263120884762514
30,10,4.84883644023673
30,11,4.261698912143414
30,12,4.9303315231590705
30,13,5.303721895562463
30,14,4.979309244551602
30,15,4.797693555083458
30,16,5.20129581051449
30,17,3.6315953052244847
30,18,1.8122364445964334
30,19,4.007844597742796
30,20,60.04469509070563
30,21,59.94257954212234
30,22,3.3769199229601465
30,23,4.947424473121766
30,24,1.5600092529603644
30,25,2.9006819145198195
30,26,3.5676622803076836
30,27,3.1114674162319607
30,28,1.9583526655269048
30,29,2.1002391686979167
30,30,0.0
30,31,0.957282172102394
30,32,7.019400294059479
30,33,7.032105329175133
30,34,5.422568692497032
30,35,5.142864512375194
30,36,4.150450554420417
30,37,4.788975799158489
30,38,7.864995975153189
30,39,6.788914910557067
30,40,6.30063929939488
30,41,7.60089848960334
31,0,5.100103456178886
31,1,5.569648420141148
31,2,6.013768799513937
31,3,6.081270847971437
31,4,3.2593083851768188
31,5,3.784005902070954
31,6,4.053660779195286
31,7,3.880879140755491
31,8,4.270959714405441
31,9,5.30583871266012
31,10,3.891554268134336
31,11,3.3044167400410203
31,12,3.9730493510566767
31,13,4.346439723460069
31,14,4.022027072449208
31,15,3.8404113829810638
31,16,4.244013638412096
31,17,2.674313133122091
31,18,0.8549542724940394
31,19,3.050562425640402
31,20,59.087412918603235
31,21,58.98529737001994
31,22,2.4196377508577527
31,23,3.9901423010193717
31,24,0.6027270808579704
31,25,1.9433997424174254
31,26,2.6103801082052898
31,27,2.154185244129567
31,28,1.0010704934245107
31,29,1.1429569965955229
31,30,0.957282172102394
31,31,0.0
31,32,6.062118121957085
31,33,6.074823157072739
31,34,4.465286520394638
31,35,4.1855823402728
31,36,3.1931683823180235
31,37,3.8316936270560955
31,38,6.907713803050795
31,39,5.831632738454673
31,40,5.343357127292486
31,41,6.643616317500946
32,0,3.2972101855202034
32,1,3.7667551494824645
32,2,4.210875528855254
32,3,4.278377577312754
32,4,4.825966364704218
32,5,5.350663881598353
32,6,5.620318758722686
32,7,5.44753712028289
32,8,5.83761769393284
32,9,6.87249669218752
32,10,5.114396888375915
32,11,4.5272593602826
32,12,3.648830708377715
32,13,5.913097702987468
32,14,5.588685051976607
32,15,5.407069362508463
32,16,5.810671617939496
32,17,7.4631840004195
32,18,6.917072394451124
32,19,4.273405045881982
32,20,60.654070898130634
32,21,65.04741549197703
32,22,3.6424803710993325
32,23,3.66592365834041
32,24,6.664845202815055
32,25,6.732270609714835
32,26,7.399250975502699
32,27,6.943056111426976
32,28,7.063188615381596
32,29,7.2050751185526085
32,30,7.019400294059479
32,31,6.062118121957085
32,32,0.0
32,33,4.271929886414056
32,34,4.141067877715677
32,35,3.8613636975938386
32,36,2.8689497396390617
32,37,3.507474984377134
32,38,2.283117670422908
32,39,1.2070366058267865
32,40,0.7187609946645994
32,41,2.0190201848730602
33,0,0.9747197008938526
33,1,1.444264664856114
33,2,1.8883850442289036
33,3,1.9558870926864036
33,4,2.81551477189592
33,5,3.340212288790055
33,6,3.6098671659143875
33,7,3.437085527474592
33,8,3.827166101124542
33,9,4.8620450993792215
33,10,6.930919520495799
33,11,6.343781992402484
33,12,6.483238605462573
33,13,3.9026461101791696
33,14,3.5782334591683087
33,15,3.396617769700165
33,16,3.8002200251311975
33,17,5.452732407611202
33,18,6.929777429566778
33,19,6.089927678001866
33,20,58.64361930532234
33,21,65.06012052709268
33,22,5.459003003219216
33,23,6.500331555425268
33,24,6.67755023793071
33,25,4.721819016906537
33,26,5.388799382694401
33,27,4.932604518618678
33,28,7.07589365049725
33,29,7.2177801536682615
33,30,7.032105329175133
33,31,6.074823157072739
33,32,4.271929886414056
33,33,0.0
33,34,6.975475774800534
33,35,6.695771594678696
33,36,5.7033576367239185
33,37,6.341882881461991
33,38,5.117525567507765
33,39,4.041444502911643
33,40,3.5531688917494564
33,41,4.853428081957917
34,0,6.000756073906681
34,1,6.470301037868943
34,2,6.914421417241732
34,3,6.981923465699232
34,4,4.524147038160262
34,5,5.048844555054398
34,6,5.318499432178729
34,7,5.1457177937389345
34,8,5.535798367388884
34,9,6.570677365643563
34,10,3.5175652868134684
34,11,2.930427758720153
34,12,2.051999106815268
34,13,5.611278376443512
34,14,5.286865725432651
34,15,5.105250035964508
34,16,5.50885229139554
34,17,7.139599653516729
34,18,5.3202407928886775
34,19,2.676573444319535
34,20,60.35225157158668
34,21,63.45058389041458
34,22,2.0456487695368857
34,23,2.069092056777963
34,24,5.068013601252609
34,25,6.408686262812064
34,26,7.075666628599929
34,27,6.619471764524206
34,28,5.466357013819149
34,29,5.608243516990162
34,30,5.422568692497032
34,31,4.465286520394638
34,32,4.141067877715677
34,33,6.975475774800534
34,34,0.0
34,35,2.2645320960313917
34,36,1.272118138076615
34,37,1.9106433828146867
34,38,4.986663558809386
34,39,3.9105824942132643
34,40,3.4223068830510774
34,41,4.722566073259538
35,0,5.721051893784843
35,1,6.190596857747105
35,2,6.634717237119894
35,3,6.702219285577394
35,4,4.244442858038424
35,5,4.76914037493256
35,6,5.038795252056891
35,7,4.866013613617096
35,8,5.256094187267046
35,9,6.290973185521725
35,10,3.2378611066916303
35,11,2.6507235785983148
35,12,1.77229492669343
35,13,5.331574196321674
35,14,5.007161545310813
35,15,4.82554585584267
35,16,5.229148111273702
35,17,6.859895473394891
35,18,5.040536612766839
35,19,2.3968692641976967
35,20,60.07254739146484
35,21,63.17087971029274
35,22,1.7659445894150474
35,23,1.789387876656125
35,24,4.788309421130771
35,25,6.128982082690226
35,26,6.7959624484780905
35,27,6.3397675844023675
35,28,5.186652833697311
35,29,5.328539336868324
35,30,5.142864512375194
35,31,4.1855823402728
35,32,3.8613636975938386
35,33,6.695771594678696
35,34,2.2645320960313917
35,35,0.0
35,36,0.9924139579547768
35,37,1.6309392026928486
35,38,4.706959378687548
35,39,3.6308783140914263
35,40,3.1426027029292394
35,41,4.4428618931376995
36,0,4.728637935830067
36,1,5.198182899792328
36,2,5.642303279165118
36,3,5.709805327622617
36,4,3.2520289000836473
36,5,3.7767264169777826
36,6,4.0463812941021144
36,7,3.8735996556623196
36,8,4.2636802293122695
36,9,5.298559227566948
36,10,2.2454471487368535
36,11,1.658309620643538
36,12,0.7798809687386531
36,13,4.3391602383668975
36,14,4.0147475873560365
36,15,3.8331318978878923
36,16,4.236734153318925
36,17,5.867481515440114
36,18,4.048122654812063
36,19,1.40445530624292
36,20,59.08013343351006
36,21,62.178465752337964
36,22,0.7735306314602706
36,23,0.7969739187013484
36,24,3.795895463175994
36,25,5.136568124735449
36,26,5.803548490523314
36,27,5.347353626447591
36,28,4.194238875742534
36,29,4.336125378913547
36,30,4.150450554420417
36,31,3.1931683823180235
36,32,2.8689497396390617
36,33,5.7033576367239185
36,34,1.272118138076615
36,35,0.9924139579547768
36,36,0.0
36,37,0.6385252447380718
36,38,3.714545420732771
36,39,2.6384643561366494
36,40,2.1501887449744626
36,41,3.450447935182923
37,0,5.367163180568138
37,1,5.8367081445304
37,2,6.280828523903189
37,3,6.348330572360689
37,4,3.890554144821719
37,5,4.415251661715854
37,6,4.6849065388401865
37,7,4.512124900400392
37,8,4.902205474050342
37,9,5.9370844723050205
37,10,2.8839723934749255
37,11,2.2968348653816095
37,12,1.4184062134767248
37,13,4.9776854831049695
37,14,4.653272832094109
37,15,4.471657142625964
37,16,4.875259398056997
37,17,6.506006760178186
37,18,4.686647899550135
37,19,2.0429805509809915
37,20,59.71865867824813
37,21,62.81699099707603
37,22,1.4120558761983424
37,23,1.4354991634394203
37,24,4.434420707914065
37,25,5.775093369473521
37,26,6.442073735261386
37,27,5.985878871185663
37,28,4.832764120480606
37,29,4.974650623651619
37,30,4.788975799158489
37,31,3.8316936270560955
37,32,3.507474984377134
37,33,6.341882881461991
37,34,1.9106433828146867
37,35,1.6309392026928486
37,36,0.6385252447380718
37,37,0.0
37,38,4.3530706654708435
37,39,3.2769896008747215
37,40,2.7887139897125346
37,41,4.088973179920995
38,0,4.142805866613912
38,1,4.612350830576174
38,2,5.056471209948963
38,3,5.123973258406464
38,4,5.671562045797927
38,5,6.196259562692063
38,6,6.465914439816395
38,7,6.293132801376599
38,8,6.683213375026549
38,9,7.7180923732812285
38,10,5.959992569469625
38,11,5.372855041376309
38,12,4.494426389471425
38,13,6.758693384081177
38,14,6.434280733070317
38,15,6.252665043602173
38,16,6.656267299033205
38,17,8.30877968151321
38,18,7.762668075544834
38,19,5.119000726975691
38,20,61.499666579224346
38,21,65.89301117307073
38,22,4.488076052193042
38,23,4.51151933943412
38,24,7.510440883908764
38,25,7.577866290808544
38,26,8.244846656596408
38,27,7.788651792520685
38,28,7.9087842964753055
38,29,8.050670799646317
38,30,7.864995975153189
38,31,6.907713803050795
38,32,2.283117670422908
38,33,5.117525567507765
38,34,4.986663558809386
38,35,4.706959378687548
38,36,3.714545420732771
38,37,4.3530706654708435
38,38,0.0
38,39,2.0526322869204954
