source_id,target_id,rtt
0,0,0.0
0,1,0.4695449639622613
0,2,0.9136653433350509
0,3,0.9811673917925511
0,4,1.8407950710020673
0,5,2.294099066099736
0,6,1.280572114021648
0,7,1.7991690365091721
0,8,2.8217457157731585
0,9,3.8722718788580375
0,10,2.5358530457909256
0,11,1.6751684160203562
0,12,1.9568442146929155
0,13,1.0339993006626622
0,14,1.4775225765680953
0,15,1.8934502059790859
0,16,2.5734646815042863
0,17,3.077742633057005
0,18,3.48554609367182
0,19,2.502336096196444
0,20,54.70388036015777
0,21,54.70388036015777
0,22,2.549138781200705
0,23,3.1843228374128856
0,24,4.01158040059468
0,25,3.5836497347435006
0,26,4.067169906152078
0,27,3.4718418430276707
0,28,3.5045370717781332
0,29,4.15252541326932
0,30,4.419936951500264
0,31,4.335637237272503
0,32,1.8660604377658143
0,33,0.9747197008938526
0,34,3.9443946317085143
0,35,3.725657438211802
0,36,2.7336700120084205
0,37,3.264347761408819
0,38,3.390051282530163
0,39,2.8487125672554985
0,40,2.5784491908556038
0,41,1.74678712391781
1,0,0.4695449639622613
1,1,0.0
1,2,1.0984598168839632
1,3,0.7426474177060162
1,4,1.383734435279586
1,5,1.8260459898923986
1,6,0.9203610099396721
1,7,1.4178556373731215
1,8,2.378627895335419
1,9,3.4253718204662142
1,10,2.127795090105051
1,11,1.5319192481455313
1,12,1.9203703478719698
1,13,0.6103217861562824
1,14,1.0229483842119798
1,15,1.4277740043020457
1,16,2.107001044802251
1,17,2.6269193414553302
1,18,3.091582582205947
1,19,2.2039281182905257
1,20,55.056364709952675
1,21,55.056364709952675
1,22,2.354205168437719
1,23,3.0093022488687624
1,24,3.592098454486757
1,25,3.116916906281442
1,26,3.597714643183518
1,27,3.0030140170481623
1,28,3.1613807512254484
1,29,3.8504479335636277
1,30,4.0992334933837755
1,31,3.9459692128131083
1,32,2.1815887809096695
1,33,1.3762142459125775
1,34,3.921162252687134
1,35,3.6440149907677717
1,36,2.6670219470813286
1,37,3.2469494524550795
1,38,3.4899703708679213
1,39,3.0834291672383647
1,40,2.8711397984994704
1,41,1.8658573418090831
2,0,0.9136653433350509
2,1,1.0984598168839632
2,2,0.0
2,3,0.8540328782317287
2,4,2.3370801365260916
2,5,2.669882276073587
2,6,2.015671913140354
2,7,2.4977367657018434
2,8,3.3472386822795923
2,9,4.362710919098348
2,10,2.4350345696694804
2,11,1.075690466371066
2,12,1.1564529723693782
2,13,1.2679774026662158
2,14,1.7118070409014512
2,15,2.155808510223764
2,16,2.793420527588139
2,17,3.1361953129926685
2,18,3.276894145895867
2,19,2.0981739590069637
2,20,55.18275614649324
2,21,55.18275614649324
2,22,1.9346996996455221
2,23,2.5036449268434793
2,24,3.876902013204618
2,25,3.7641440010072467
2,26,4.338318984794291
2,27,3.6992632691952947
2,28,3.1456190399700237
2,29,3.6717968568203534
2,30,3.974333916527571
2,31,4.082380525000672
2,32,1.1298795419606484
2,33,0.6799426141932442
2,34,3.0787515489620283
2,35,2.912665022052748
2,36,1.9279944231890134
2,37,2.40178819401984
2,38,2.476951206611728
2,39,1.985341055038446
2,40,1.7869684035172273
2,41,0.8354305820129111
3,0,0.9811673917925511
3,1,0.7426474177060162
3,2,0.8540328782317287
3,3,0.0
3,4,1.5640023938965564
3,5,1.8384919130946678
3,6,1.4616221752127727
3,7,1.8582752098673687
3,8,2.5556821713927196
3,9,3.5447162442256652
3,10,1.6466746320647683
3,11,0.7979470320068566
3,12,1.2379475471354673
3,13,0.48249999861913023
3,14,0.8730456463018109
3,15,1.3098036834963023
3,16,1.9394508161059785
3,17,2.3021268308621483
3,18,2.556229236334453
3,19,1.521222518480273
3,20,55.68097766812886
3,21,55.68097766812886
3,22,1.613650799524765
3,23,2.2672119206348804
3,24,3.1200369360807723
3,25,2.913310971398271
3,26,3.4843193064388687
3,27,2.8455084050768225
3,28,2.531756686898651
3,29,3.1714565367078498
3,30,3.439588805190587
3,31,3.3950543035294984
3,32,1.957416628131613
3,33,1.447660631983358
3,34,3.2157975169396793
3,35,2.9140466521041284
3,36,1.9492871818769448
3,37,2.550375010875703
3,38,2.886660028354999
3,39,2.6641186539550366
3,40,2.558717981555045
3,41,1.3561261885744653
4,0,1.8407950710020673
4,1,1.383734435279586
4,2,2.3370801365260916
4,3,1.5640023938965564
4,4,0.0
4,5,0.5246975168941351
4,6,0.7943523940184674
4,7,0.6215707555786723
4,8,1.0116513292286222
4,9,2.046530327483301
4,10,1.5804850187981592
4,11,2.164651261330198
4,12,2.68857831074613
4,13,1.08713133828325
4,14,0.762718687272389
4,15,0.5811029978042449
4,16,0.9847052532352777
4,17,1.6469323545877486
4,18,2.457075481141465
4,19,2.174158658102698
4,20,55.82810453342642
4,21,55.82810453342642
4,22,2.6434882313232966
4,23,3.2569972383040193
4,24,2.760997650919254
4,25,1.9063042450106171
4,26,2.280871446300081
4,27,1.7496732589660446
4,28,2.7731925573255594
4,29,3.567623258218197
4,30,3.7211011596703942
4,31,3.2593083851768188
4,32,3.4667589547893165
4,33,2.7485678121443335
4,34,4.501069160747717
4,35,4.09310511027828
4,36,3.2520289000836473
4,37,3.8898829385493627
4,38,4.373070590326456
4,39,4.228112856525306
4,40,4.107205370039619
4,41,2.9173540189419946
5,0,2.294099066099736
5,1,1.8260459898923986
5,2,2.669882276073587
5,3,1.8384919130946678
5,4,0.5246975168941351
5,5,0.0
5,6,1.3189533852992827
5,7,1.0696887924637413
5,8,0.8006397509651343
5,9,1.7101475701864877
5,10,1.3108265095276719
5,11,2.2907239321742057
5,12,2.820059411279085
5,13,1.4046829065211852
5,14,0.9655823530463259
5,15,0.5521515473236432
5,16,0.507827854658171
5,17,1.1773685751196297
5,18,2.0712713738281088
5,19,2.047939634114023
5,20,56.328187449236
5,21,56.328187449236
5,22,2.5981607087705965
5,23,3.1585959025662467
5,24,2.3003036115735256
5,25,1.3816093817472144
5,26,1.7803666993893315
5,27,1.227368595583626
5,28,2.4617617733650095
5,29,3.262473838501409
5,30,3.379122703640003
5,31,2.8300152494441075
5,32,3.792022413613292
5,33,3.1516842233322535
5,34,4.486563331187362
5,35,4.038914214732295
5,36,3.2822175838086327
5,37,3.9174851409952742
5,38,4.4856162779153115
5,39,4.463423526671652
5,40,4.393282702705932
5,41,3.146414482487005
6,0,1.280572114021648
6,1,0.9203610099396721
6,2,2.015671913140354
6,3,1.4616221752127727
6,4,0.7943523940184674
6,5,1.3189533852992827
6,6,0.0
6,7,0.5201449061291377
6,8,1.6182197661618547
6,9,2.6631288022051995
6,10,2.1848005125405767
6,11,2.228717942437263
6,12,2.6988064897631037
6,13,1.034376345328438
6,14,1.0623248901247149
6,15,1.2060963778680904
6,16,1.7623726675431535
6,17,2.406546899082658
6,18,3.128680636538998
6,19,2.5808233916696786
6,20,55.0658640375682
6,21,55.0658640375682
6,22,2.9149116151845385
6,23,3.568419045279472
6,24,3.499559350592399
6,25,2.700445755532851
6,26,3.0500226502691654
6,27,2.541032377419647
6,28,3.359706674539758
6,29,4.1277208353183505
6,30,4.3213383442322195
6,31,3.9617343015888373
6,32,3.098966001427802
6,33,2.2530143746389264
6,34,4.656067296433968
6,35,4.315692942289359
6,36,3.3840153656661767
6,37,4.000515292310296
6,38,4.33940531094297
6,39,3.9975212255519126
6,40,3.791423009145315
6,41,2.7500041660573373
7,0,1.7991690365091721
7,1,1.4178556373731215
7,2,2.4977367657018434
7,3,1.8582752098673687
7,4,0.6215707555786723
7,5,1.0696887924637413
7,6,0.5201449061291377
7,7,0.0
7,8,1.1497952463960404
7,9,2.174723721542584
7,10,2.197468015848727
7,11,2.5723213594679275
7,12,3.0726126105898475
7,13,1.3881096224932725
7,14,1.2398167258468173
7,15,1.1888993811485014
7,16,1.569970049513341
7,17,2.2405782722315224
7,18,3.0774738891892
7,19,2.74263523738808
7,20,55.2634074306894
7,21,55.2634074306894
7,22,3.161724352137852
7,23,3.7967311637754904
7,24,3.3618340260235153
7,25,2.4019277084018373
7,26,2.665688620457929
7,27,2.221448721460436
7,28,3.391173429985112
7,29,4.183162037673126
7,30,4.341433304754477
7,31,3.8730521872815338
7,32,3.598856517922698
7,33,2.769551873587358
7,34,4.975084480302095
7,35,4.5980774280175
7,36,3.7079938352521413
7,37,4.338478577515803
7,38,4.742222233434244
7,39,4.466973164380078
7,40,4.282380165374918
7,41,3.192743009293572
8,0,2.8217457157731585
8,1,2.378627895335419
8,2,3.3472386822795923
8,3,2.5556821713927196
8,4,1.0116513292286222
8,5,0.8006397509651343
8,6,1.6182197661618547
8,7,1.1497952463960404
8,8,0.0
8,9,1.0518121545999406
8,10,2.0489030625735296
8,11,3.07600285467711
8,12,3.6060895733891534
8,13,2.0884346375967673
8,14,1.7032703692548827
8,15,1.3377271356991383
8,16,1.1299511493855021
8,17,1.6751268175467975
8,18,2.6580871075084183
8,19,2.830905735951171
8,20,56.189927531252636
8,21,56.189927531252636
8,22,3.3948201006818786
8,23,3.941558943692601
8,24,2.7286205473514613
8,25,1.5031661475877107
8,26,1.5839356948901067
8,27,1.2947787169480567
8,28,3.125098685288768
8,29,3.9155629866793342
8,30,3.9880691578636647
8,31,3.311272145124792
8,32,4.477113603531053
8,33,3.7520139193430904
8,34,5.283997396653877
8,35,4.830251259274929
8,36,4.08282691849029
8,37,4.718102244098666
8,38,5.279044853032815
8,39,5.212719504840356
8,40,5.110436061770685
8,41,3.8962424406585847
9,0,3.8722718788580375
9,1,3.4253718204662142
9,2,4.362710919098348
9,3,3.5447162442256652
9,4,2.046530327483301
9,5,1.7101475701864877
9,6,2.6631288022051995
9,7,2.174723721542584
9,8,1.0518121545999406
9,9,0.0
9,10,2.686749206548264
9,11,3.9755116595617026
9,12,4.49988593696094
9,13,3.095213426478812
9,14,2.673628117223094
9,15,2.2575137332136617
9,16,1.7974485907330793
9,17,2.047321451342799
9,18,2.987124664614797
9,19,3.5298551811673584
9,20,56.812804004704965
9,21,56.812804004704965
9,22,4.142278677733901
9,23,4.607143799685074
9,24,2.8217412242284383
9,25,1.4885409319249707
9,26,1.1018319301531916
9,27,1.3170990777964495
9,28,3.540390965503522
9,29,4.269185324685081
9,30,4.259210369756201
9,31,3.4222625339820985
9,32,5.49048596203756
9,33,4.794902351686777
9,34,6.009492058229152
9,35,5.519054384504781
9,36,4.881234026579327
9,37,5.500425043999733
9,38,6.136548741361433
9,39,6.170954389021755
9,40,6.102226131855299
9,41,4.854881701064916
10,0,2.5358530457909256
10,1,2.127795090105051
10,2,2.4350345696694804
10,3,1.6466746320647683
10,4,1.5804850187981592
10,5,1.3108265095276719
10,6,2.1848005125405767
10,7,2.197468015848727
10,8,2.0489030625735296
10,9,2.686749206548264
10,10,0.0
10,11,1.579351442849292
10,12,2.027782211690251
10,13,1.5176526672857442
10,14,1.1712379133554343
10,15,1.011007497830824
10,16,0.9303789674815572
10,17,0.7947251141107268
10,18,0.9708641756728875
10,19,0.8468978822662211
10,20,57.16095374802886
10,21,57.16095374802886
10,22,1.4719165172765831
10,23,1.9259354555283834
10,24,1.4789730340989162
10,25,1.520306419103033
10,26,2.17985036059133
10,27,1.5470008607463084
10,28,1.193810714485047
10,29,1.9872198145871847
10,30,2.1483742834126924
10,31,1.8250280198520266
10,32,3.40331950991725
10,33,3.0810892332423685
10,34,3.3228949321212777
10,35,2.834685080265674
10,36,2.234652296986798
10,37,2.8332082263005853
10,38,3.531206993718664
10,39,3.7824725460701982
10,40,3.8500341607702873
10,41,2.552144484833476
11,0,1.6751684160203562
11,1,1.5319192481455313
11,2,1.075690466371066
11,3,0.7979470320068566
11,4,2.164651261330198
11,5,2.2907239321742057
11,6,2.228717942437263
11,7,2.5723213594679275
11,8,3.07600285467711
11,9,3.9755116595617026
11,10,1.579351442849292
11,11,0.0
11,12,0.5300867336368718
11,13,1.1978985361212708
11,14,1.4025436981678832
11,15,1.7406821963872177
11,16,2.217450669642691
11,17,2.3603391160588876
11,18,2.2862892975414013
11,19,1.0491350853011403
11,20,56.24953268452112
11,21,56.24953268452112
11,22,0.8847789891832675
11,23,1.509189609533643
11,24,2.9135003214603388
11,25,3.0629058806011424
11,26,3.699062127566979
11,27,3.049355679553012
11,28,2.0890922728193204
11,29,2.5965554656042578
11,30,2.8988183518297888
11,31,3.052545152566985
11,32,1.8491547549184735
11,33,1.7513079614207328
11,34,2.42821543401385
11,35,2.116115103723709
11,36,1.157083901058742
11,37,1.772992255440514
11,38,2.210550257634508
11,39,2.2338930545099083
11,40,2.2714845663300545
11,41,0.9727936934963396
12,0,1.9568442146929155
12,1,1.9203703478719698
12,2,1.1564529723693782
12,3,1.2379475471354673
12,4,2.68857831074613
12,5,2.820059411279085
12,6,2.6988064897631037
12,7,3.0726126105898475
12,8,3.6060895733891534
12,9,4.49988593696094
12,10,2.027782211690251
12,11,0.5300867336368718
12,12,0.0
12,13,1.6859015655693117
12,14,1.9281503895592949
12,15,2.2705210711832073
12,16,2.730518496389466
12,17,2.821109364346997
12,18,2.6116590082378277
12,19,1.3492376638249757
12,20,56.27228544097926
12,21,56.27228544097926
12,22,0.918075982422528
12,23,1.3797586585063282
12,24,3.252425049642444
12,25,3.538293046175636
12,26,4.185623436270788
12,27,3.538790204250358
12,28,2.3116613322265356
12,29,2.6779937929104842
12,30,3.0033089618276443
12,31,3.3081522097949256
12,32,1.5703408766377387
12,33,1.7553291792140184
12,34,2.002918916199874
12,35,1.771933955895696
12,36,0.7798809687386531
12,37,1.3267575575912387
12,38,1.6845042937182384
12,39,1.7547906399824893
12,40,1.8600467190712262
12,41,0.636370483701345
13,0,1.0339993006626622
13,1,0.6103217861562824
13,2,1.2679774026662158
13,3,0.48249999861913023
13,4,1.08713133828325
13,5,1.4046829065211852
13,6,1.034376345328438
13,7,1.3881096224932725
13,8,2.0884346375967673
13,9,3.095213426478812
13,10,1.5176526672857442
13,11,1.1978985361212708
13,12,1.6859015655693117
13,13,0.0
13,14,0.4696172383678904
13,15,0.9142301299024488
13,16,1.5847165970494077
13,17,2.0479453888493953
13,18,2.4815014439569425
13,19,1.6502047757259575
13,20,55.66162425194163
13,21,55.66162425194163
13,22,1.900613799447945
13,23,2.5591262132143098
13,24,2.9851368554869318
13,25,2.5884849151081144
13,26,3.1175065393913197
13,27,2.4958358835177465
13,28,2.5676868152523276
13,29,3.2784439015850704
13,30,3.5147388337252305
13,31,3.33606664882842
13,32,2.3953474879755157
13,33,1.7658255762343995
13,34,3.622787773491063
13,35,3.283166987524083
13,36,2.3506778951563385
13,37,2.970886951391409
13,38,3.3547425765795684
13,39,3.143520503196413
13,40,3.0222857394483937
13,41,1.8383433367069593
14,0,1.4775225765680953
14,1,1.0229483842119798
14,2,1.7118070409014512
14,3,0.8730456463018109
14,4,0.762718687272389
14,5,0.9655823530463259
14,6,1.0623248901247149
14,7,1.2398167258468173
14,8,1.7032703692548827
14,9,2.673628117223094
14,10,1.1712379133554343
14,11,1.4025436981678832
14,12,1.9281503895592949
14,13,0.4696172383678904
14,14,0.0
14,15,0.44720079419324366
14,16,1.115261166986712
14,17,1.6039739347179258
14,18,2.140210074744399
14,19,1.5269020616796387
14,20,55.9939426881589
14,21,55.9939426881589
14,22,1.9221003215647172
14,23,2.558218617925788
14,24,2.5945069343241993
14,25,2.1206208220934712
14,26,2.6490545201951248
14,27,2.0262225854829605
14,28,2.3129253022935776
14,29,3.070066652658289
14,30,3.2740920701069025
14,31,2.9917882387832644
14,32,2.8286378487146746
14,33,2.2343097344095657
14,34,3.7531758337127847
14,35,3.3621255655854045
14,36,2.4961162419833145
14,37,3.1327682367484893
14,38,3.6122290884073287
14,39,3.5112039128398456
14,40,3.4286081829227055
14,41,2.1939566293837363
15,0,1.8934502059790859
15,1,1.4277740043020457
15,2,2.155808510223764
15,3,1.3098036834963023
15,4,0.5811029978042449
15,5,0.5521515473236432
15,6,1.2060963778680904
15,7,1.1888993811485014
15,8,1.3377271356991383
15,9,2.2575137332136617
15,10,1.011007497830824
15,11,1.7406821963872177
15,12,2.2705210711832073
15,13,0.9142301299024488
15,14,0.44720079419324366
15,15,0.0
15,16,0.6802313627670018
15,17,1.2380946798805947
15,18,1.9272966027887855
15,19,1.6041320587483243
15,20,56.261114425629714
15,21,56.261114425629714
15,22,2.1055110896213205
15,23,2.6997898834968512
15,24,2.300780605541518
15,25,1.690375301625813
15,26,2.203321940328036
15,27,1.5858769320382846
15,28,2.2044909602940286
15,29,2.994523834079283
15,30,3.1588585732579015
15,31,2.755825583958228
15,32,3.267162482671732
15,33,2.680048676302456
15,34,3.984063639301871
15,35,3.555685899263048
15,36,2.7584424087032056
15,37,3.396257784556
15,38,3.941317724693881
15,39,3.9136234467245323
15,40,3.853165127513168
15,41,2.597371147636804
16,0,2.5734646815042863
16,1,2.107001044802251
16,2,2.793420527588139
16,3,1.9394508161059785
16,4,0.9847052532352777
16,5,0.507827854658171
16,6,1.7623726675431535
16,7,1.569970049513341
16,8,1.1299511493855021
16,9,1.7974485907330793
16,10,0.9303789674815572
16,11,2.217450669642691
16,12,2.730518496389466
16,13,1.5847165970494077
16,14,1.115261166986712
16,15,0.6802313627670018
16,16,0.0
16,17,0.6710099674898946
16,18,1.5789687848590848
16,19,1.750063900577487
16,20,56.81277771129721
16,21,56.81277771129721
16,22,2.350311901407427
16,23,2.849912142717201
16,24,1.7936465321706216
16,25,1.0101964104043446
16,26,1.5449179757049385
16,27,0.9118480932771409
16,28,2.0056251062459265
16,29,2.802391364473075
16,30,2.899131556864798
16,31,2.323050505640336
16,32,3.8821527566096665
16,33,3.346350357658589
16,34,4.2294054246803645
16,35,3.753276059140858
16,36,3.083874542903217
16,37,3.704906562945657
16,38,4.343904305979129
16,39,4.445115783373757
16,40,4.430732912379465
16,41,3.145297876333536
17,0,3.077742633057005
17,1,2.6269193414553302
17,2,3.1361953129926685
17,3,2.3021268308621483
17,4,1.6469323545877486
17,5,1.1773685751196297
17,6,2.406546899082658
17,7,2.2405782722315224
17,8,1.6751268175467975
17,9,2.047321451342799
17,10,0.7947251141107268
17,11,2.3603391160588876
17,12,2.821109364346997
17,13,2.0479453888493953
17,14,1.6039739347179258
17,15,1.2380946798805947
17,16,0.6710099674898946
17,17,0.0
17,18,0.9899037871781348
17,19,1.6032697454548674
17,20,57.47027351126798
17,21,57.47027351126798
17,22,2.2340052966357766
17,23,2.6064777547777487
17,24,1.1229429301504155
17,25,0.7309133907046654
17,26,1.3964188422451251
17,27,0.7895552510831292
17,28,1.5048782766209343
17,29,2.26872351726619
17,30,2.3174440605610402
17,31,1.6648351543061097
17,32,4.156659986758753
17,33,3.748851738568105
17,34,4.0294427170024605
17,35,3.519073108757543
17,36,3.0056018758257896
17,37,3.584855434183644
17,38,4.310966916244681
17,39,4.575263156889628
17,40,4.631124619943373
17,41,3.3310531808577206
18,0,3.48554609367182
18,1,3.091582582205947
18,2,3.276894145895867
18,3,2.556229236334453
18,4,2.457075481141465
18,5,2.0712713738281088
18,6,3.128680636538998
18,7,3.0774738891892
18,8,2.6580871075084183
18,9,2.987124664614797
18,10,0.9708641756728875
18,11,2.2862892975414013
18,12,2.6116590082378277
18,13,2.4815014439569425
18,14,2.140210074744399
18,15,1.9272966027887855
18,16,1.5789687848590848
18,17,0.9899037871781348
18,18,0.0
18,19,1.2637725044318848
18,20,58.131817920627995
18,21,58.131817920627995
18,22,1.7945932924178314
18,23,1.934106295204276
18,24,0.64212889699185
18,25,1.5293558609224573
18,26,2.145636262722485
18,27,1.6738857770621738
18,28,0.5823595612376309
18,29,1.2863845242900138
18,30,1.3299826809174888
18,31,0.8549542724940394
18,32,4.129397821605926
18,33,3.947053702283227
18,34,3.3364684305887318
18,35,2.8026752345831647
18,36,2.5323129688170294
18,37,3.0146686777962155
18,38,3.826292575056683
18,39,4.3114235885182275
18,40,4.4697866680390925
18,41,3.217296639204808
19,0,2.502336096196444
19,1,2.2039281182905257
19,2,2.0981739590069637
19,3,1.521222518480273
19,4,2.174158658102698
19,5,2.047939634114023
19,6,2.5808233916696786
19,7,2.74263523738808
19,8,2.830905735951171
19,9,3.5298551811673584
19,10,0.8468978822662211
19,11,1.0491350853011403
19,12,1.3492376638249757
19,13,1.6502047757259575
19,14,1.5269020616796387
19,15,1.6041320587483243
19,16,1.750063900577487
19,17,1.6032697454548674
19,18,1.2637725044318848
19,19,0.0
19,20,57.197769750164944
19,21,57.197769750164944
19,22,0.6309246747826492
19,23,1.1111124557647254
19,24,1.9035117294880888
19,25,2.333387459089609
19,26,2.9996310617157995
19,27,2.381060223278412
19,28,1.0474721548953438
19,29,1.6515176012914603
19,30,1.9198403504299915
19,31,2.003836259205367
19,32,2.8729221436750976
19,33,2.7780767544888714
19,34,2.4810335115173148
19,35,2.0045682205268998
19,36,1.402619644400589
19,37,1.9884657429035602
19,38,2.7106340522895174
19,39,3.071338210538289
19,40,3.208971151866754
19,41,1.954740534500076
20,0,54.70388036015777
20,1,55.056364709952675
20,2,55.18275614649324
20,3,55.68097766812886
20,4,55.82810453342642
20,5,56.328187449236
20,6,55.0658640375682
20,7,55.2634074306894
20,8,56.189927531252636
20,9,56.812804004704965
20,10,57.16095374802886
20,11,56.24953268452112
20,12,56.27228544097926
20,13,55.66162425194163
20,14,55.9939426881589
20,15,56.261114425629714
20,16,56.81277771129721
20,17,57.47027351126798
20,18,58.131817920627995
20,19,57.197769750164944
20,20,0.0
20,21,0.0
20,22,57.11717198037353
20,23,57.651842485495784
20,24,58.56188588651154
20,25,57.644963371508375
20,26,57.749787775425006
20,27,57.45016032287561
20,28,58.2077874740492
20,29,58.835092828285205
20,30,59.11734957796514
20,31,58.98529737001994
20,32,54.869932803182614
20,33,54.528382601067605
20,34,57.66711716739013
20,35,57.78699603721872
20,36,56.946692033364606
20,37,57.15015818590602
20,38,56.60463825671889
20,39,55.51487821649177
20,40,55.056876634458504
20,41,55.69771309777842
21,0,54.70388036015777
21,1,55.056364709952675
21,2,55.18275614649324
21,3,55.68097766812886
21,4,55.82810453342642
21,5,56.328187449236
21,6,55.0658640375682
21,7,55.2634074306894
21,8,56.189927531252636
21,9,56.812804004704965
21,10,57.16095374802886
21,11,56.24953268452112
21,12,56.27228544097926
21,13,55.66162425194163
21,14,55.9939426881589
21,15,56.261114425629714
21,16,56.81277771129721
21,17,57.47027351126798
21,18,58.131817920627995
21,19,57.197769750164944
21,20,0.0
21,21,0.0
21,22,57.11717198037353
21,23,57.651842485495784
21,24,58.56188588651154
21,25,57.644963371508375
21,26,57.749787775425006
21,27,57.45016032287561
21,28,58.2077874740492
21,29,58.835092828285205
21,30,59.11734957796514
21,31,58.98529737001994
21,32,54.869932803182614
21,33,54.528382601067605
21,34,57.66711716739013
21,35,57.78699603721872
21,36,56.946692033364606
21,37,57.15015818590602
21,38,56.60463825671889
21,39,55.51487821649177
21,40,55.056876634458504
21,41,55.69771309777842
22,0,2.549138781200705
22,1,2.354205168437719
22,2,1.9346996996455221
22,3,1.613650799524765
22,4,2.6434882313232966
22,5,2.5981607087705965
22,6,2.9149116151845385
22,7,3.161724352137852
22,8,3.3948201006818786
22,9,4.142278677733901
22,10,1.4719165172765831
22,11,0.8847789891832675
22,12,0.918075982422528
22,13,1.900613799447945
22,14,1.9221003215647172
22,15,2.1055110896213205
22,16,2.350311901407427
22,17,2.2340052966357766
22,18,1.7945932924178314
22,19,0.6309246747826492
22,20,57.11717198037353
22,21,57.11717198037353
22,22,0.0
22,23,0.6594806556450724
22,24,2.4332620603010096
22,25,2.9637744047238304
22,26,3.630242159618729
22,27,3.0115733610715956
22,28,1.41856996169545
22,29,1.76760029229278
22,30,2.0886735902198077
22,31,2.4196377508577527
22,32,2.4874473706485896
22,33,2.5933697653038617
22,34,1.8892845404344532
22,35,1.4508949084030076
22,36,0.7735306314602706
22,37,1.3617548801760868
22,38,2.084254542793789
22,39,2.52304122502191
22,40,2.7175392310888107
22,41,1.5541711684333084
23,0,3.1843228374128856
23,1,3.0093022488687624
23,2,2.5036449268434793
23,3,2.2672119206348804
23,4,3.2569972383040193
23,5,3.1585959025662467
23,6,3.568419045279472
23,7,3.7967311637754904
23,8,3.941558943692601
23,9,4.607143799685074
23,10,1.9259354555283834
23,11,1.509189609533643
23,12,1.3797586585063282
23,13,2.5591262132143098
23,14,2.558218617925788
23,15,2.6997898834968512
23,16,2.849912142717201
23,17,2.6064777547777487
23,18,1.934106295204276
23,19,1.1111124557647254
23,20,57.651842485495784
23,21,57.651842485495784
23,22,0.6594806556450724
23,23,0.0
23,24,2.523692468044529
23,25,3.313378527281189
23,26,3.9752760681223487
23,27,3.3958697219773857
23,28,1.4127890643682737
23,29,1.4326067743873467
23,30,1.770982388728764
23,31,2.348583282211483
23,32,2.866097724455983
23,33,3.131557287304424
23,34,1.426209705414804
23,35,0.9136978494347202
23,36,0.7969739187013484
23,37,1.1007471106452327
23,38,1.9477123526469902
23,39,2.6537300988431585
23,40,2.9471590223181123
23,41,1.9703714512491424
24,0,4.01158040059468
24,1,3.592098454486757
24,2,3.876902013204618
24,3,3.1200369360807723
24,4,2.760997650919254
24,5,2.3003036115735256
24,6,3.499559350592399
24,7,3.3618340260235153
24,8,2.7286205473514613
24,9,2.8217412242284383
24,10,1.4789730340989162
24,11,2.9135003214603388
24,12,3.252425049642444
24,13,2.9851368554869318
24,14,2.5945069343241993
24,15,2.300780605541518
24,16,1.7936465321706216
24,17,1.1229429301504155
24,18,0.64212889699185
24,19,1.9035117294880888
24,20,58.56188588651154
24,21,58.56188588651154
24,22,2.4332620603010096
24,23,2.523692468044529
24,24,0.0
24,25,1.3407350765555326
24,26,1.8311033061942652
24,27,1.534674008550905
24,28,1.1137248423608928
24,29,1.5825131520452966
24,30,1.4829855272321348
24,31,0.6027270808579704
24,32,4.760917517002291
24,33,4.538711686897078
24,34,3.8921989202275977
24,35,3.3551066449693128
24,36,3.1608993284467832
24,37,3.618471183369321
24,38,4.443991763822641
24,39,4.952633129715739
24,40,5.1112689670445635
24,41,3.854171727834002
25,0,3.5836497347435006
25,1,3.116916906281442
25,2,3.7641440010072467
25,3,2.913310971398271
25,4,1.9063042450106171
25,5,1.3816093817472144
25,6,2.700445755532851
25,7,2.4019277084018373
25,8,1.5031661475877107
25,9,1.4885409319249707
25,10,1.520306419103033
25,11,3.0629058806011424
25,12,3.538293046175636
25,13,2.5884849151081144
25,14,2.1206208220934712
25,15,1.690375301625813
25,16,1.0101964104043446
25,17,0.7309133907046654
25,18,1.5293558609224573
25,19,2.333387459089609
25,20,57.644963371508375
25,21,57.644963371508375
25,22,2.9637744047238304
25,23,3.313378527281189
25,24,1.3407350765555326
25,25,0.0
25,26,0.6669803657878643
25,27,0.21078550171214125
25,28,2.10282026483302
25,29,2.795791940276431
25,30,2.7721496461728443
25,31,1.9433997424174254
25,32,4.822620402926775
25,33,4.341476967600965
25,34,4.7393758103830885
25,35,4.221891582966327
25,36,3.735962489923596
25,37,4.311007869360593
25,38,5.041858775960563
25,39,5.289425979563079
25,40,5.326532153547017
25,41,4.027095882007153
26,0,4.067169906152078
26,1,3.597714643183518
26,2,4.338318984794291
26,3,3.4843193064388687
26,4,2.280871446300081
26,5,1.7803666993893315
26,6,3.0500226502691654
26,7,2.665688620457929
26,8,1.5839356948901067
26,9,1.1018319301531916
26,10,2.17985036059133
26,11,3.699062127566979
26,12,4.185623436270788
26,13,3.1175065393913197
26,14,2.6490545201951248
26,15,2.203321940328036
26,16,1.5449179757049385
26,17,1.3964188422451251
26,18,2.145636262722485
26,19,2.9996310617157995
26,20,57.749787775425006
26,21,57.749787775425006
26,22,3.630242159618729
26,23,3.9752760681223487
26,24,1.8311033061942652
26,25,0.6669803657878643
26,26,0.0
26,27,0.6504544613999657
26,28,2.7270409097796704
26,29,3.3741413788144823
26,30,3.3104915905657495
26,31,2.412545670034747
26,32,5.421753604377874
26,33,4.883233531810939
26,34,5.401483632284673
26,35,4.88138191855183
26,36,4.402020586794699
26,37,4.97794572064455
26,38,5.7067175961281045
26,39,5.931399650042271
26,40,5.950369917011818
26,41,4.654527230377642
27,0,3.4718418430276707
27,1,3.0030140170481623
27,2,3.6992632691952947
27,3,2.8455084050768225
27,4,1.7496732589660446
27,5,1.227368595583626
27,6,2.541032377419647
27,7,2.221448721460436
27,8,1.2947787169480567
27,9,1.3170990777964495
27,10,1.5470008607463084
27,11,3.049355679553012
27,12,3.538790204250358
27,13,2.4958358835177465
27,14,2.0262225854829605
27,15,1.5858769320382846
27,16,0.9118480932771409
27,17,0.7895552510831292
27,18,1.6738857770621738
27,19,2.381060223278412
27,20,57.45016032287561
27,21,57.45016032287561
27,22,3.0115733610715956
27,23,3.3958697219773857
27,24,1.534674008550905
27,25,0.21078550171214125
27,26,0.6504544613999657
27,27,0.0
27,28,2.236675197852118
27,29,2.9528201809640064
27,30,2.9446499111773567
27,31,2.1370505075480115
27,32,4.7755068166263195
27,33,4.258195952147178
27,34,4.818984145811045
27,35,4.3081618489041205
27,36,3.7795060629254054
27,37,4.367887226381603
27,38,5.078206377664713
27,39,5.282319412472799
27,40,5.300075045961476
27,41,4.0040728791768805
28,0,3.5045370717781332
28,1,3.1613807512254484
28,2,3.1456190399700237
28,3,2.531756686898651
28,4,2.7731925573255594
28,5,2.4617617733650095
28,6,3.359706674539758
28,7,3.391173429985112
28,8,3.125098685288768
28,9,3.540390965503522
28,10,1.193810714485047
28,11,2.0890922728193204
28,12,2.3116613322265356
28,13,2.5676868152523276
28,14,2.3129253022935776
28,15,2.2044909602940286
28,16,2.0056251062459265
28,17,1.5048782766209343
28,18,0.5823595612376309
28,19,1.0474721548953438
28,20,58.2077874740492
28,21,58.2077874740492
28,22,1.41856996169545
28,23,1.4127890643682737
28,24,1.1137248423608928
28,25,2.10282026483302
28,26,2.7270409097796704
28,27,2.236675197852118
28,28,0.0
28,29,0.8008148665165242
28,30,0.9618061457635747
28,31,1.0010704934245107
28,32,3.874770730481544
28,33,3.8255363137711726
28,34,2.782858031020731
28,35,2.246329932405241
28,36,2.089303311298228
28,37,2.511413040329776
28,38,3.3470308476395023
28,39,3.928369894757279
28,40,4.136109085106301
28,41,2.9428659328356894
29,0,4.15252541326932
29,1,3.8504479335636277
29,2,3.6717968568203534
29,3,3.1714565367078498
29,4,3.567623258218197
29,5,3.262473838501409
29,6,4.1277208353183505
29,7,4.183162037673126
29,8,3.9155629866793342
29,9,4.269185324685081
29,10,1.9872198145871847
29,11,2.5965554656042578
29,12,2.6779937929104842
29,13,3.2784439015850704
29,14,3.070066652658289
29,15,2.994523834079283
29,16,2.802391364473075
29,17,2.26872351726619
29,18,1.2863845242900138
29,19,1.6515176012914603
29,20,58.835092828285205
29,21,58.835092828285205
29,22,1.76760029229278
29,23,1.4326067743873467
29,24,1.5825131520452966
29,25,2.795791940276431
29,26,3.3741413788144823
29,27,2.9528201809640064
29,28,0.8008148665165242
29,29,0.0
29,30,0.33838600671711305
29,31,1.1429569965955229
29,32,4.235205347468912
29,33,4.343611845468453
29,34,2.529847843653655
29,35,2.01285447259608
29,36,2.2258081835998325
29,37,2.4597242231456735
29,38,3.3180492024228974
29,39,4.0861337584042685
29,40,4.372961414593887
29,41,3.3090874297385966
30,0,4.419936951500264
30,1,4.0992334933837755
30,2,3.974333916527571
30,3,3.439588805190587
30,4,3.7211011596703942
30,5,3.379122703640003
30,6,4.3213383442322195
30,7,4.341433304754477
30,8,3.9880691578636647
30,9,4.259210369756201
30,10,2.1483742834126924
30,11,2.8988183518297888
30,12,3.0033089618276443
30,13,3.5147388337252305
30,14,3.2740920701069025
30,15,3.1588585732579015
30,16,2.899131556864798
30,17,2.3174440605610402
30,18,1.3299826809174888
30,19,1.9198403504299915
30,20,59.11734957796514
30,21,59.11734957796514
30,22,2.0886735902198077
30,23,1.770982388728764
30,24,1.4829855272321348
30,25,2.7721496461728443
30,26,3.3104915905657495
30,27,2.9446499111773567
30,28,0.9618061457635747
30,29,0.33838600671711305
30,30,0.0
30,31,0.957282172102394
30,32,4.564931323855952
30,33,4.649469324702207
30,34,2.8326004889183833
30,35,2.3250288167555357
30,36,2.5640176634494014
30,37,2.790931207555965
30,38,3.6481051146627057
30,39,4.424442144471238
30,40,4.710549365047046
30,41,3.6364768762436377
31,0,4.335637237272503
31,1,3.9459692128131083
31,2,4.082380525000672
31,3,3.3950543035294984
31,4,3.2593083851768188
31,5,2.8300152494441075
31,6,3.9617343015888373
31,7,3.8730521872815338
31,8,3.311272145124792
31,9,3.4222625339820985
31,10,1.8250280198520266
31,11,3.052545152566985
31,12,3.3081522097949256
31,13,3.33606664882842
31,14,2.9917882387832644
31,15,2.755825583958228
31,16,2.323050505640336
31,17,1.6648351543061097
31,18,0.8549542724940394
31,19,2.003836259205367
31,20,58.98529737001994
31,21,58.98529737001994
31,22,2.4196377508577527
31,23,2.348583282211483
31,24,0.6027270808579704
31,25,1.9433997424174254
31,26,2.412545670034747
31,27,2.1370505075480115
31,28,1.0010704934245107
31,29,1.1429569965955229
31,30,0.957282172102394
31,31,0.0
31,32,4.865042217601346
31,33,4.758917486421304
31,34,3.6196124331159383
31,35,3.087812962307658
31,36,3.0729061988990813
31,37,3.4445719155660313
31,38,4.296189675061936
31,39,4.924395756209666
31,40,5.137176596838298
31,41,3.9360279859105973
32,0,1.8660604377658143
32,1,2.1815887809096695
32,2,1.1298795419606484
32,3,1.957416628131613
32,4,3.4667589547893165
32,5,3.792022413613292
32,6,3.098966001427802
32,7,3.598856517922698
32,8,4.477113603531053
32,9,5.49048596203756
32,10,3.40331950991725
32,11,1.8491547549184735
32,12,1.5703408766377387
32,13,2.3953474879755157
32,14,2.8286378487146746
32,15,3.267162482671732
32,16,3.8821527566096665
32,17,4.156659986758753
32,18,4.129397821605926
32,19,2.8729221436750976
32,20,54.869932803182614
32,21,54.869932803182614
32,22,2.4874473706485896
32,23,2.866097724455983
32,24,4.760917517002291
32,25,4.822620402926775
32,26,5.421753604377874
32,27,4.7755068166263195
32,28,3.874770730481544
32,29,4.235205347468912
32,30,4.564931323855952
32,31,4.865042217601346
32,32,0.0
32,33,0.9594612278866381
32,34,2.8862174674474175
32,35,2.923745941619704
32,36,2.1015248267238746
32,37,2.296754747251121
32,38,1.9673796645752732
32,39,1.0791250776124193
32,40,0.7187609946645994
32,41,0.934175360772624
33,0,0.9747197008938526
33,1,1.3762142459125775
33,2,0.6799426141932442
33,3,1.447660631983358
33,4,2.7485678121443335
33,5,3.1516842233322535
33,6,2.2530143746389264
33,7,2.769551873587358
33,8,3.7520139193430904
33,9,4.794902351686777
33,10,3.0810892332423685
33,11,1.7513079614207328
33,12,1.7553291792140184
33,13,1.7658255762343995
33,14,2.2343097344095657
33,15,2.680048676302456
33,16,3.346350357658589
33,17,3.748851738568105
33,18,3.947053702283227
33,19,2.7780767544888714
33,20,54.528382601067605
33,21,54.528382601067605
33,22,2.5933697653038617
33,23,3.131557287304424
33,24,4.538711686897078
33,25,4.341476967600965
33,26,4.883233531810939
33,27,4.258195952147178
33,28,3.8255363137711726
33,29,4.343611845468453
33,30,4.649469324702207
33,31,4.758917486421304
33,32,0.9594612278866381
33,33,0.0
33,34,3.5334482385989845
33,35,3.4427804580651746
33,36,2.4887720236187065
33,37,2.8769600620506037
33,38,2.7695459261698994
33,39,2.0208132427726633
33,40,1.6756641778217078
33,41,1.2601098725044557
34,0,3.9443946317085143
34,1,3.921162252687134
34,2,3.0787515489620283
34,3,3.2157975169396793
34,4,4.501069160747717
34,5,4.486563331187362
34,6,4.656067296433968
34,7,4.975084480302095
34,8,5.283997396653877
34,9,6.009492058229152
34,10,3.3228949321212777
34,11,2.42821543401385
34,12,2.002918916199874
34,13,3.622787773491063
34,14,3.7531758337127847
34,15,3.984063639301871
34,16,4.2294054246803645
34,17,4.0294427170024605
34,18,3.3364684305887318
34,19,2.4810335115173148
34,20,57.66711716739013
34,21,57.66711716739013
34,22,1.8892845404344532
34,23,1.426209705414804
34,24,3.8921989202275977
34,25,4.7393758103830885
34,26,5.401483632284673
34,27,4.818984145811045
34,28,2.782858031020731
34,29,2.529847843653655
34,30,2.8326004889183833
34,31,3.6196124331159383
34,32,2.8862174674474175
34,33,3.5334482385989845
34,34,0.0
34,35,0.5371454763911471
34,36,1.272118138076615
34,37,0.6800468817487232
34,38,1.0861645355290723
34,39,2.158682692723225
34,40,2.610246231975087
34,41,2.283664787943191
35,0,3.725657438211802
35,1,3.6440149907677717
35,2,2.912665022052748
35,3,2.9140466521041284
35,4,4.09310511027828
35,5,4.038914214732295
35,6,4.315692942289359
35,7,4.5980774280175
35,8,4.830251259274929
35,9,5.519054384504781
35,10,2.834685080265674
35,11,2.116115103723709
35,12,1.771933955895696
35,13,3.283166987524083
35,14,3.3621255655854045
35,15,3.555685899263048
35,16,3.753276059140858
35,17,3.519073108757543
35,18,2.8026752345831647
35,19,2.0045682205268998
35,20,57.78699603721872
35,21,57.78699603721872
35,22,1.4508949084030076
35,23,0.9136978494347202
35,24,3.3551066449693128
35,25,4.221891582966327
35,26,4.88138191855183
35,27,4.3081618489041205
35,28,2.246329932405241
35,29,2.01285447259608
35,30,2.3250288167555357
35,31,3.087812962307658
35,32,2.923745941619704
35,33,3.4427804580651746
35,34,0.5371454763911471
35,35,0.0
35,36,0.9924139579547768
35,37,0.6418129688580666
35,38,1.3979704265118016
35,39,2.372637456726132
35,40,2.777253115419174
35,41,2.1850686300067528
36,0,2.7336700120084205
36,1,2.6670219470813286
36,2,1.9279944231890134
36,3,1.9492871818769448
36,4,3.2520289000836473
36,5,3.2822175838086327
36,6,3.3840153656661767
36,7,3.7079938352521413
36,8,4.08282691849029
36,9,4.881234026579327
36,10,2.234652296986798
36,11,1.157083901058742
36,12,0.7798809687386531
36,13,2.3506778951563385
36,14,2.4961162419833145
36,15,2.7584424087032056
36,16,3.083874542903217
36,17,3.0056018758257896
36,18,2.5323129688170294
36,19,1.402619644400589
36,20,56.946692033364606
36,21,56.946692033364606
36,22,0.7735306314602706
36,23,0.7969739187013484
36,24,3.1608993284467832
36,25,3.735962489923596
36,26,4.402020586794699
36,27,3.7795060629254054
36,28,2.089303311298228
36,29,2.2258081835998325
36,30,2.5640176634494014
36,31,3.0729061988990813
36,32,2.1015248267238746
36,33,2.4887720236187065
36,34,1.272118138076615
36,35,0.9924139579547768
36,36,0.0
36,37,0.6385252447380718
36,38,1.3114448911717898
36,39,1.8682306995731681
36,40,2.1501887449744626
36,41,1.2543035142376058
37,0,3.264347761408819
37,1,3.2469494524550795
37,2,2.40178819401984
37,3,2.550375010875703
37,4,3.8898829385493627
37,5,3.9174851409952742
37,6,4.000515292310296
37,7,4.338478577515803
37,8,4.718102244098666
37,9,5.500425043999733
37,10,2.8332082263005853
37,11,1.772992255440514
37,12,1.3267575575912387
37,13,2.970886951391409
37,14,3.1327682367484893
37,15,3.396257784556
37,16,3.704906562945657
37,17,3.584855434183644
37,18,3.0146686777962155
37,19,1.9884657429035602
37,20,57.15015818590602
37,21,57.15015818590602
37,22,1.3617548801760868
37,23,1.1007471106452327
37,24,3.618471183369321
37,25,4.311007869360593
37,26,4.97794572064455
37,27,4.367887226381603
37,28,2.511413040329776
37,29,2.4597242231456735
37,30,2.790931207555965
37,31,3.4445719155660313
37,32,2.296754747251121
37,33,2.8769600620506037
37,34,0.6800468817487232
37,35,0.6418129688580666
37,36,0.6385252447380718
37,37,0.0
37,38,0.8591672630190841
37,39,1.742549875819364
37,40,2.136803726784518
37,41,1.6193429428256245
38,0,3.390051282530163
38,1,3.4899703708679213
38,2,2.476951206611728
38,3,2.886660028354999
38,4,4.373070590326456
38,5,4.4856162779153115
38,6,4.33940531094297
38,7,4.742222233434244
38,8,5.279044853032815
38,9,6.136548741361433
38,10,3.531206993718664
38,11,2.210550257634508
38,12,1.6845042937182384
38,13,3.3547425765795684
38,14,3.6122290884073287
38,15,3.941317724693881
38,16,4.343904305979129
38,17,4.310966916244681
38,18,3.826292575056683
38,19,2.7106340522895174
38,20,56.60463825671889
38,21,56.60463825671889
38,22,2.084254542793789
38,23,1.9477123526469902
