source_id,target_id,rtt
0,0,0.0
0,1,0.7621942236019044
0,2,1.5539780947183388
0,3,1.5977468568700244
0,4,0.8582992923003893
0,5,2.1763327948929696
0,6,1.8676692869750484
0,7,1.4864230815971438
0,8,7.322629433050003
0,9,8.026689908258778
0,10,5.83992180083545
0,11,6.7107297273730495
0,12,4.228121122512543
0,13,5.097787982406798
0,14,2.8931426385161347
0,15,3.4661131149141537
0,16,1.382115070525102
0,17,2.0806553191988435
1,0,0.7621942236019044
1,1,0.0
1,2,1.0961195925543967
1,3,0.9102196013963721
1,4,1.6199531406786951
1,5,1.8259498432880292
1,6,2.605262483117994
1,7,2.2329082728974132
1,8,6.564663443059321
1,9,7.270151017328129
1,10,5.077734832601716
1,11,5.9500972595371175
1,12,3.466128156019832
1,13,4.335724504128786
1,14,2.131631401829847
1,15,2.7039319835817346
1,16,0.6204451996390816
1,17,1.3194679021319284
2,0,1.5539780947183388
2,1,1.0961195925543967
2,2,0.0
2,3,0.6009816403256191
2,4,2.253702585993488
2,5,0.7405041890930564
2,6,2.995560540626678
2,7,2.69600706065724
2,8,6.11553728720888
2,9,6.7959480497249665
2,10,4.776752981754044
2,11,5.55482101667217
2,12,3.187591926559784
2,13,4.071599737353478
2,14,2.0473117011891424
2,15,2.4963972074681617
2,16,1.06864848690613
2,17,1.4221182734682618
3,0,1.5977468568700244
3,1,0.9102196013963721
3,2,0.6009816403256191
3,3,0.0
3,4,2.4157982319888434
3,5,1.2468950922255584
3,6,3.2956206560253736
3,7,2.9561606178275115
3,8,5.777883850967429
3,9,6.473676180556338
3,10,4.361054266437332
3,11,5.187437365855938
3,12,2.748403051856498
3,13,3.635059401435011
3,14,1.5122367582548832
3,15,2.0161862458276887
3,16,0.5652911842179611
3,17,0.8258539352118804
4,0,0.8582992923003893
4,1,1.6199531406786951
4,2,2.253702585993488
4,3,2.4157982319888434
4,4,0.0
4,5,2.747399214158391
4,6,1.0576484301231799
4,7,0.6666899398553505
4,8,8.17211734107266
4,9,8.874092588965691
4,10,6.697370541914677
4,11,7.564254231701584
4,12,5.084542632573381
4,13,5.955645985854298
4,14,3.7513634165267207
4,15,4.323297922033949
4,16,2.2402228930921275
4,17,2.938919089530555
5,0,2.1763327948929696
5,1,1.8259498432880292
5,2,0.7405041890930564
5,3,1.2468950922255584
5,4,2.747399214158391
5,5,0.0
5,6,3.3053290388344276
5,7,3.067518332736665
5,8,6.069839427278596
5,9,6.7204980389252205
5,10,4.870412906766259
5,11,5.560607288776594
5,12,3.3620680114877812
5,13,4.21417817188956
5,14,2.4389938837809004
5,15,2.7688511603194734
5,16,1.7807400528550974
5,17,1.9880713396901684
6,0,1.8676692869750484
6,1,2.605262483117994
6,2,2.995560540626678
6,3,3.2956206560253736
6,4,1.0576484301231799
6,5,3.3053290388344276
6,6,0.0
6,7,0.3909620578223826
6,8,9.07094189207589
6,9,9.762933447312628
6,10,7.6449769638609
6,11,8.482975227752634
6,12,6.028499899591282
6,13,6.910123031489913
6,14,4.720836673780669
6,15,5.276666959029608
6,16,3.2193424689301273
6,17,3.9148432138006943
7,0,1.4864230815971438
7,1,2.2329082728974132
7,2,2.69600706065724
7,3,2.9561606178275115
7,4,0.6666899398553505
7,5,3.067518332736665
7,6,0.3909620578223826
7,7,0.0
7,8,8.73388423313444
7,9,9.429634619656868
7,10,7.290606244877555
7,11,8.138815240714742
7,12,5.674324920777859
7,13,6.553064803935171
7,14,4.357190521673813
7,15,4.918742542589829
7,16,2.8504150567912734
7,17,3.548158410488535
8,0,7.322629433050003
8,1,6.564663443059321
8,2,6.11553728720888
8,3,5.777883850967429
8,4,8.17211734107266
8,5,6.069839427278596
8,6,9.07094189207589
8,7,8.73388423313444
8,8,0.0
8,9,0.7149141572179359
8,10,1.6302127574515377
8,11,0.6713493133738359
8,12,3.125456127977018
8,13,2.3361526774554138
8,14,4.473433822602534
8,15,3.885772815385417
8,16,5.953702824454333
8,17,5.270585986500318
9,0,8.026689908258778
9,1,7.270151017328129
9,2,6.7959480497249665
9,3,6.473676180556338
9,4,8.874092588965691
9,5,6.7204980389252205
9,6,9.762933447312628
9,7,9.429634619656868
9,8,0.7149141572179359
9,9,0.0
9,10,2.3354707134285624
9,11,1.3777325183284455
9,12,3.8386978271792103
9,13,3.049554856576793
9,14,5.185579023905132
9,15,4.5977678693808
9,16,6.66107477448566
9,17,5.980405082247083
10,0,5.83992180083545
10,1,5.077734832601716
10,2,4.776752981754044
10,3,4.361054266437332
10,4,6.697370541914677
10,5,4.870412906766259
10,6,7.6449769638609
10,7,7.290606244877555
10,8,1.6302127574515377
10,9,2.3354707134285624
10,10,0.0
10,11,0.9592161495572156
10,12,1.6165250373826556
10,13,0.7455155123025804
10,14,2.9497588045108714
10,15,2.3741725974193253
10,16,4.458197357427942
10,17,3.761459121060282
11,0,6.7107297273730495
11,1,5.9500972595371175
11,2,5.55482101667217
11,3,5.187437365855938
11,4,7.564254231701584
11,5,5.560607288776594
11,6,8.482975227752634
11,7,8.138815240714742
11,8,0.6713493133738359
11,9,1.3777325183284455
11,10,0.9592161495572156
11,11,0.0
11,12,2.4914811726333204
11,13,1.6750379205001884
11,14,3.841204899948551
11,15,3.255465012010007
11,16,5.334911882511619
11,17,4.645468210796074
12,0,4.228121122512543
12,1,3.466128156019832
12,2,3.187591926559784
12,3,2.748403051856498
12,4,5.084542632573381
12,5,3.3620680114877812
12,6,6.028499899591282
12,7,5.674324920777859
12,8,3.125456127977018
12,9,3.8386978271792103
12,10,1.6165250373826556
12,11,2.4914811726333204
12,12,0.0
12,13,0.8872504866142635
12,14,1.3498406018304494
12,15,0.7643514099333913
12,16,2.8481441575549438
12,17,2.155250966165574
13,0,5.097787982406798
13,1,4.335724504128786
13,2,4.071599737353478
13,3,3.635059401435011
13,4,5.955645985854298
13,5,4.21417817188956
13,6,6.910123031489913
13,7,6.553064803935171
13,8,2.3361526774554138
13,9,3.049554856576793
13,10,0.7455155123025804
13,11,1.6750379205001884
13,12,0.8872504866142635
13,13,0.0
13,14,2.2058836744944537
13,15,1.6343521244328383
13,16,3.715730037308536
13,17,3.018130950290021
14,0,2.8931426385161347
14,1,2.131631401829847
14,2,2.0473117011891424
14,3,1.5122367582548832
14,4,3.7513634165267207
14,5,2.4389938837809004
14,6,4.720836673780669
14,7,4.357190521673813
14,8,4.473433822602534
14,9,5.185579023905132
14,10,2.9497588045108714
14,11,3.841204899948551
14,12,1.3498406018304494
14,13,2.2058836744944537
14,14,0.0
14,15,0.5878468032308142
14,16,1.5112022151443731
14,17,0.8125652774166587
15,0,3.4661131149141537
15,1,2.7039319835817346
15,2,2.4963972074681617
15,3,2.0161862458276887
15,4,4.323297922033949
15,5,2.7688511603194734
15,6,5.276666959029608
15,7,4.918742542589829
15,8,3.885772815385417
15,9,4.5977678693808
15,10,2.3741725974193253
15,11,3.255465012010007
15,12,0.7643514099333913
15,13,1.6343521244328383
15,14,0.5878468032308142
15,15,0.0
15,16,2.085033568989053
15,17,1.390975310785232
16,0,1.382115070525102
16,1,0.6204451996390816
16,2,1.06864848690613
16,3,0.5652911842179611
16,4,2.2402228930921275
16,5,1.7807400528550974
16,6,3.2193424689301273
16,7,2.8504150567912734
16,8,5.953702824454333
16,9,6.66107477448566
16,10,4.458197357427942
16,11,5.334911882511619
16,12,2.8481441575549438
16,13,3.715730037308536
16,14,1.5112022151443731
16,15,2.085033568989053
16,16,0.0
16,17,0.6990721176512256
17,0,2.0806553191988435
17,1,1.3194679021319284
17,2,1.4221182734682618
17,3,0.8258539352118804
17,4,2.938919089530555
17,5,1.9880713396901684
17,6,3.9148432138006943
17,7,3.548158410488535
17,8,5.270585986500318
17,9,5.980405082247083
17,10,3.761459121060282
17,11,4.645468210796074
17,12,2.155250966165574
17,13,3.018130950290021
17,14,0.8125652774166587
17,15,1.390975310785232
17,16,0.6990721176512256
17,17,0.0
