source_id,target_id,rtt
0,0,0.0
0,1,1.2988416681142185
0,2,8.382413025725254
0,3,5.076164703001614
0,4,23.325743958802928
0,5,25.688802098409795
0,6,3.2946379419141403
0,7,12.029713200741703
0,8,25.2517202649652
0,9,18.78139964990093
0,10,12.225685031115178
0,11,44.87370184479738
0,12,45.25601165189194
0,13,47.055731842687884
0,14,39.50298926001372
0,15,35.21142949011458
0,16,29.231974900097093
0,17,20.29775518018627
0,18,16.41832587800066
1,0,1.2988416681142185
1,1,0.0
1,2,9.681254693839474
1,3,6.375006371115832
1,4,22.02690229068871
1,5,24.389960430295574
1,6,1.995796273799922
1,7,10.730871532627484
1,8,26.550561933079422
1,9,20.080241318015148
1,10,13.524526699229398
1,11,46.1725435129116
1,12,46.55485332000616
1,13,48.3545735108021
1,14,40.80183092812794
1,15,36.510271158228804
1,16,30.530816568211307
1,17,21.596596848300486
1,18,17.717167546114876
2,0,8.382413025725254
2,1,9.681254693839474
2,2,0.0
2,3,3.306248322723641
2,4,22.17261989147572
2,5,19.809561751868852
2,6,11.677050967639396
2,7,20.41212622646696
2,8,16.869307239239944
2,9,10.398986624175675
2,10,3.8432720053899234
2,11,36.491288819072125
2,12,36.87359862616668
2,13,38.67331881696263
2,14,31.120576234288464
2,15,26.829016464389326
2,16,20.849561874371837
2,17,11.915342154461014
2,18,8.035912852275402
3,0,5.076164703001614
3,1,6.375006371115832
3,2,3.306248322723641
3,3,0.0
3,4,25.47886821419936
3,5,23.115810074592495
3,6,8.370802644915754
3,7,17.105877903743316
3,8,20.175555561963588
3,9,13.705234946899317
3,10,7.149520328113565
3,11,39.797537141795765
3,12,40.17984694889033
3,13,41.97956713968627
3,14,34.426824557012104
3,15,30.135264787112966
3,16,24.155810197095477
3,17,15.221590477184655
3,18,11.342161174999044
4,0,23.325743958802928
4,1,22.02690229068871
4,2,22.17261989147572
4,3,25.47886821419936
4,4,0.0
4,5,2.3630581396068657
4,6,20.031106016888785
4,7,11.296030758061224
4,8,5.303312652235772
4,9,16.49978081110059
4,10,18.329347886085795
4,11,30.90897158746068
4,12,25.30760403916251
4,13,27.10732422995845
4,14,19.554581647284287
4,15,32.92981065131424
4,16,26.950356061296752
4,17,18.01613634138593
4,18,14.136707039200317
5,0,25.688802098409795
5,1,24.389960430295574
5,2,19.809561751868852
5,3,23.115810074592495
5,4,2.3630581396068657
5,5,0.0
5,6,22.394164156495652
5,7,13.65908889766809
5,8,2.9402545126289064
5,9,14.136722671493724
5,10,15.966289746478928
5,11,28.545913447853817
5,12,22.944545899555646
5,13,24.744266090351587
5,14,17.191523507677424
5,15,30.566752511707374
5,16,24.58729792168988
5,17,15.653078201779062
5,18,11.77364889959345
6,0,3.2946379419141403
6,1,1.995796273799922
6,2,11.677050967639396
6,3,8.370802644915754
6,4,20.031106016888785
6,5,22.394164156495652
6,6,0.0
6,7,8.735075258827562
6,8,25.33441866912456
6,9,22.07603759181507
6,10,15.52032297302932
6,11,48.16833978671152
6,12,45.3387100560513
6,13,47.13843024684724
6,14,39.58568766417308
6,15,38.50606743202872
6,16,32.52661284201123
6,17,23.59239312210041
6,18,19.712963819914798
7,0,12.029713200741703
7,1,10.730871532627484
7,2,20.41212622646696
7,3,17.105877903743316
7,4,11.296030758061224
7,5,13.65908889766809
7,6,8.735075258827562
7,7,0.0
7,8,16.599343410296996
7,9,27.79581156916181
7,10,24.25539823185688
7,11,42.205002345521905
7,12,36.603634797223734
7,13,38.40335498801968
7,14,30.85061240534551
7,15,44.22584140937546
7,16,38.24638681935797
7,17,29.31216709944715
7,18,25.432737797261538
8,0,25.2517202649652
8,1,26.550561933079422
8,2,16.869307239239944
8,3,20.175555561963588
8,4,5.303312652235772
8,5,2.9402545126289064
8,6,25.33441866912456
8,7,16.599343410296996
8,8,0.0
8,9,11.196468158864818
8,10,13.026035233850024
8,11,25.60565893522491
8,12,20.004291386926738
8,13,21.804011577722683
8,14,14.251268995048516
8,15,27.626497999078467
8,16,21.647043409060977
8,17,12.712823689150156
8,18,8.833394386964544
9,0,18.78139964990093
9,1,20.080241318015148
9,2,10.398986624175675
9,3,13.705234946899317
9,4,16.49978081110059
9,5,14.136722671493724
9,6,22.07603759181507
9,7,27.79581156916181
9,8,11.196468158864818
9,9,0.0
9,10,6.555714618785752
9,11,30.818449738696994
9,12,31.200759545791556
9,13,33.0004797365875
9,14,25.447737153913334
9,15,21.156177384014196
9,16,15.176722793996706
9,17,6.242503074085885
9,18,2.363073771900273
10,0,12.225685031115178
10,1,13.524526699229398
10,2,3.8432720053899234
10,3,7.149520328113565
10,4,18.329347886085795
10,5,15.966289746478928
10,6,15.52032297302932
10,7,24.25539823185688
10,8,13.026035233850024
10,9,6.555714618785752
10,10,0.0
10,11,32.648016813682204
10,12,33.03032662077676
10,13,34.83004681157271
10,14,27.27730422889854
10,15,22.985744458999402
10,16,17.006289868981913
10,17,8.072070149071092
10,18,4.192640846885479
11,0,44.87370184479738
11,1,46.1725435129116
11,2,36.491288819072125
11,3,39.797537141795765
11,4,30.90897158746068
11,5,28.545913447853817
11,6,48.16833978671152
11,7,42.205002345521905
11,8,25.60565893522491
11,9,30.818449738696994
11,10,32.648016813682204
11,11,0.0
11,12,5.601367548298173
11,13,7.401087739094117
11,14,11.354389940176393
11,15,9.6622723546828
11,16,15.641726944700292
11,17,24.575946664611113
11,18,28.455375966796723
12,0,45.25601165189194
12,1,46.55485332000616
12,2,36.87359862616668
12,3,40.17984694889033
12,4,25.30760403916251
12,5,22.944545899555646
12,6,45.3387100560513
12,7,36.603634797223734
12,8,20.004291386926738
12,9,31.200759545791556
12,10,33.03032662077676
12,11,5.601367548298173
12,12,0.0
12,13,1.7997201907959441
12,14,5.753022391878221
12,15,15.263639902980973
12,16,21.243094492998466
12,17,30.177314212909288
12,18,28.837685773891284
13,0,47.055731842687884
13,1,48.3545735108021
13,2,38.67331881696263
13,3,41.97956713968627
13,4,27.10732422995845
13,5,24.744266090351587
13,6,47.13843024684724
13,7,38.40335498801968
13,8,21.804011577722683
13,9,33.0004797365875
13,10,34.83004681157271
13,11,7.401087739094117
13,12,1.7997201907959441
13,13,0.0
13,14,7.552742582674165
13,15,17.063360093776918
13,16,23.04281468379441
13,17,31.977034403705233
13,18,30.637405964687225
14,0,39.50298926001372
14,1,40.80183092812794
14,2,31.120576234288464
14,3,34.426824557012104
14,4,19.554581647284287
14,5,17.191523507677424
14,6,39.58568766417308
14,7,30.85061240534551
14,8,14.251268995048516
14,9,25.447737153913334
14,10,27.27730422889854
14,11,11.354389940176393
14,12,5.753022391878221
14,13,7.552742582674165
14,14,0.0
14,15,21.016662294859195
14,16,26.996116884876688
14,17,26.964092684198675
14,18,23.084663382013062
15,0,35.21142949011458
15,1,36.510271158228804
15,2,26.829016464389326
15,3,30.135264787112966
15,4,32.92981065131424
15,5,30.566752511707374
15,6,38.50606743202872
15,7,44.22584140937546
15,8,27.626497999078467
15,9,21.156177384014196
15,10,22.985744458999402
15,11,9.6622723546828
15,12,15.263639902980973
15,13,17.063360093776918
15,14,21.016662294859195
15,15,0.0
15,16,5.979454590017492
15,17,14.913674309928314
15,18,18.793103612113924
16,0,29.231974900097093
16,1,30.530816568211307
16,2,20.849561874371837
16,3,24.155810197095477
16,4,26.950356061296752
16,5,24.58729792168988
16,6,32.52661284201123
16,7,38.24638681935797
16,8,21.647043409060977
16,9,15.176722793996706
16,10,17.006289868981913
16,11,15.641726944700292
16,12,21.243094492998466
16,13,23.04281468379441
16,14,26.996116884876688
16,15,5.979454590017492
16,16,0.0
16,17,8.934219719910821
16,18,12.813649022096433
17,0,20.29775518018627
17,1,21.596596848300486
17,2,11.915342154461014
17,3,15.221590477184655
17,4,18.01613634138593
17,5,15.653078201779062
17,6,23.59239312210041
17,7,29.31216709944715
17,8,12.712823689150156
17,9,6.242503074085885
17,10,8.072070149071092
17,11,24.575946664611113
17,12,30.177314212909288
17,13,31.977034403705233
17,14,26.964092684198675
17,15,14.913674309928314
17,16,8.934219719910821
17,17,0.0
17,18,3.8794293021856117
18,0,16.41832587800066
18,1,17.717167546114876
18,2,8.035912852275402
18,3,11.342161174999044
18,4,14.136707039200317
18,5,11.77364889959345
18,6,19.712963819914798
18,7,25.432737797261538
18,8,8.833394386964544
18,9,2.363073771900273
18,10,4.192640846885479
18,11,28.455375966796723
18,12,28.837685773891284
18,13,30.637405964687225
18,14,23.084663382013062
18,15,18.793103612113924
18,16,12.813649022096433
18,17,3.8794293021856117
18,18,0.0
