source_id,target_id,rtt
0,0,0.0
0,1,1.183898973715752
0,2,0.8659323645577807
0,3,136.66479617835273
0,4,2.0803362080988625
0,5,2.0803362080988625
0,6,2.1905288572092925
0,7,3.0193444762564154
0,8,151.60447057269357
0,9,151.60447057269357
0,10,2.1905288572092925
0,11,3.4946584495391058
0,12,147.3536622066818
0,13,9.243527674588272
0,14,14.23646007962357
0,15,147.3536622066818
0,16,7.097760869680761
0,17,147.12745209111355
0,18,5.417397933484084
0,19,145.44625780751198
0,20,6.276152956782355
0,21,147.3536622066818
0,22,7.641432299329049
0,23,6.276152956782355
0,24,7.097760869680761
0,25,7.633283350769219
0,26,9.671187330272268
0,27,3.8670712593471395
0,28,8.75250549305035
0,29,151.60447057269357
0,30,151.60447057269357
0,31,151.60447057269357
0,32,151.60447057269357
0,33,151.60447057269357
0,36,151.60447057269357
0,37,151.60447057269357
0,38,8.895267343654739
0,39,151.60447057269357
0,40,9.675223166148522
0,41,7.790134664701384
0,42,152.41920880727278
0,43,152.41920880727278
0,44,9.554923821749755
0,45,9.554923821749755
0,46,9.736214211248669
0,47,151.60447057269357
0,48,8.75250549305035
0,49,5.176314488919694
0,50,5.176314488919694
0,51,11.743766384513272
0,52,5.917734572363968
0,53,4.883475319943423
0,54,5.1758321124445725
0,55,151.60447057269357
0,56,145.13871516225976
0,57,4.113835628301507
0,58,3.4664462986900246
0,59,4.883475319943423
0,60,151.60447057269357
0,61,9.086120829054096
0,62,151.60447057269357
0,63,151.60447057269357
0,64,1.0858344340701975
0,65,136.66479617835273
0,66,15.355974100902447
0,67,15.355974100902447
0,68,154.36602609142423
0,69,14.57085471848
0,70,11.959107104854489
0,71,22.52521913483819
0,72,136.66479617835273
0,73,2.2831956630179926
1,0,1.183898973715752
1,1,0.0
1,2,2.0498313382735325
1,3,137.84869515206847
1,4,3.2642351818146143
1,5,3.2642351818146143
1,6,3.374427830925044
1,7,4.203243449972167
1,8,152.78836954640934
1,9,152.78836954640934
1,10,3.374427830925044
1,11,4.6785574232548575
1,12,148.53756118039757
1,13,10.427426648304024
1,14,15.420359053339322
1,15,148.53756118039757
1,16,8.281659843396515
1,17,148.3113510648293
1,18,6.601296907199837
1,19,146.63015678122773
1,20,7.460051930498107
1,21,148.53756118039757
1,22,8.8253312730448
1,23,7.460051930498107
1,24,8.281659843396515
1,25,8.817182324484971
1,26,10.855086303988019
1,27,5.050970233062891
1,28,9.936404466766101
1,29,152.78836954640934
1,30,152.78836954640934
1,31,152.78836954640934
1,32,152.78836954640934
1,33,152.78836954640934
1,36,152.78836954640934
1,37,152.78836954640934
1,38,10.07916631737049
1,39,152.78836954640934
1,40,10.859122139864274
1,41,8.974033638417136
1,42,153.60310778098855
1,43,153.60310778098855
1,44,10.738822795465506
1,45,10.738822795465506
1,46,10.920113184964421
1,47,152.78836954640934
1,48,9.936404466766101
1,49,6.360213462635446
1,50,6.360213462635446
1,51,12.927665358229024
1,52,7.10163354607972
1,53,6.067374293659174
1,54,6.359731086160324
1,55,152.78836954640934
1,56,146.32261413597553
1,57,5.2977346020172575
1,58,4.650345272405776
1,59,6.067374293659174
1,60,152.78836954640934
1,61,10.270019802769848
1,62,152.78836954640934
1,63,152.78836954640934
1,64,2.2697334077859495
1,65,137.84869515206847
1,66,16.5398730746182
1,67,16.5398730746182
1,68,155.54992506513997
1,69,15.754753692195752
1,70,13.143006078570242
1,71,23.709118108553938
1,72,137.84869515206847
1,73,3.4670946367337443
2,0,0.8659323645577807
2,1,2.0498313382735325
2,2,0.0
2,3,137.5307285429105
2,4,2.9462685726566433
2,5,2.9462685726566433
2,6,3.0564612217670732
2,7,3.885276840814196
2,8,152.47040293725135
2,9,152.47040293725135
2,10,3.0564612217670732
2,11,4.360590814096886
2,12,148.21959457123958
2,13,10.109460039146054
2,14,15.102392444181351
2,15,148.21959457123958
2,16,7.9636932342385425
2,17,147.99338445567133
2,18,6.283330298041865
2,19,146.31219017206976
2,20,7.1420853213401365
2,21,148.21959457123958
2,22,8.507364663886829
2,23,7.1420853213401365
2,24,7.9636932342385425
2,25,8.499215715326999
2,26,10.537119694830048
2,27,4.733003623904921
2,28,9.61843785760813
2,29,152.47040293725135
2,30,152.47040293725135
2,31,152.47040293725135
2,32,152.47040293725135
2,33,152.47040293725135
2,36,152.47040293725135
2,37,152.47040293725135
2,38,9.76119970821252
2,39,152.47040293725135
2,40,10.541155530706302
2,41,8.656067029259166
2,42,153.28514117183056
2,43,153.28514117183056
2,44,10.420856186307535
2,45,10.420856186307535
2,46,10.60214657580645
2,47,152.47040293725135
2,48,9.61843785760813
2,49,6.042246853477475
2,50,6.042246853477475
2,51,12.609698749071054
2,52,6.783666936921749
2,53,5.749407684501204
2,54,6.041764477002354
2,55,152.47040293725135
2,56,146.00464752681754
2,57,4.979767992859287
2,58,4.332378663247805
2,59,5.749407684501204
2,60,152.47040293725135
2,61,9.952053193611878
2,62,152.47040293725135
2,63,152.47040293725135
2,64,1.951766798627978
2,65,137.5307285429105
2,66,16.22190646546023
2,67,16.22190646546023
2,68,155.231958455982
2,69,15.436787083037782
2,70,12.825039469412271
2,71,23.391151499395967
2,72,137.5307285429105
2,73,3.1491280275757734
3,0,136.66479617835273
3,1,137.84869515206847
3,2,137.5307285429105
3,3,0.0
3,4,138.7451323864516
3,5,138.7451323864516
3,6,138.85532503556203
3,7,139.68414065460914
3,8,288.2692667510463
3,9,288.2692667510463
3,10,138.85532503556203
3,11,140.15945462789185
3,12,284.0184583850346
3,13,145.908323852941
3,14,150.9012562579763
3,15,284.0184583850346
3,16,143.7625570480335
3,17,283.7922482694663
3,18,142.08219411183683
3,19,282.1110539858647
3,20,142.9409491351351
3,21,284.0184583850346
3,22,144.3062284776818
3,23,142.9409491351351
3,24,143.7625570480335
3,25,144.29807952912196
3,26,146.33598350862502
3,27,140.53186743769987
3,28,145.4173016714031
3,29,288.2692667510463
3,30,288.2692667510463
3,31,288.2692667510463
3,32,288.2692667510463
3,33,288.2692667510463
3,36,288.2692667510463
3,37,288.2692667510463
3,38,145.56006352200748
3,39,288.2692667510463
3,40,146.34001934450126
3,41,144.45493084305411
3,42,289.08400498562554
3,43,289.08400498562554
3,44,146.2197200001025
3,45,146.2197200001025
3,46,146.40101038960142
3,47,288.2692667510463
3,48,145.4173016714031
3,49,141.84111066727243
3,50,141.84111066727243
3,51,148.40856256286602
3,52,142.58253075071673
3,53,141.54827149829617
3,54,141.84062829079733
3,55,288.2692667510463
3,56,281.80351134061254
3,57,140.77863180665423
3,58,140.13124247704275
3,59,141.54827149829617
3,60,288.2692667510463
3,61,145.75091700740685
3,62,288.2692667510463
3,63,288.2692667510463
3,64,137.75063061242292
3,65,273.32959235670546
3,66,152.02077027925517
3,67,152.02077027925517
3,68,291.030822269777
3,69,151.23565089683277
3,70,148.62390328320726
3,71,159.19001531319094
3,72,273.32959235670546
3,73,138.94799184137074
4,0,2.0803362080988625
4,1,3.2642351818146143
4,2,2.9462685726566433
4,3,138.7451323864516
4,4,0.0
4,5,0.0
4,6,4.270865065308155
4,7,0.9390082681575529
4,8,150.2481126101629
4,9,150.2481126101629
4,10,4.270865065308155
4,11,5.574994657637968
4,12,145.99730424415114
4,13,7.8871697120576005
4,14,12.8801021170929
4,15,145.99730424415114
4,16,5.0174246615819
4,17,145.0471158830147
4,18,3.3370617253852215
4,19,143.36592159941313
4,20,4.919794994251685
4,21,145.99730424415114
4,22,6.2850743367983775
4,23,4.919794994251685
4,24,5.0174246615819
4,25,5.552947142670356
4,26,8.314829367741597
4,27,5.947407467446002
4,28,7.396147530519679
4,29,150.2481126101629
4,30,150.2481126101629
4,31,150.2481126101629
4,32,150.2481126101629
4,33,150.2481126101629
4,36,150.2481126101629
4,37,150.2481126101629
4,38,7.538909381124068
4,39,150.2481126101629
4,40,7.59488695804966
4,41,5.709798456602522
4,42,151.06285084474212
4,43,151.06285084474212
4,44,8.198565859219084
4,45,8.198565859219084
4,46,8.379856248718
4,47,150.2481126101629
4,48,7.396147530519679
4,49,3.0959782808208316
4,50,3.0959782808208316
4,51,10.387408421982602
4,52,4.561376609833298
4,53,3.527117357412752
4,54,3.8194741499139013
4,55,150.2481126101629
4,56,143.7823571997291
4,57,2.0334994202026437
4,58,1.386110090591162
4,59,3.527117357412752
4,60,150.2481126101629
4,61,7.729762866523425
4,62,150.2481126101629
4,63,150.2481126101629
4,64,3.1661706421690603
4,65,138.7451323864516
4,66,13.275637892803585
4,67,13.275637892803585
4,68,152.28568988332538
4,69,13.21449675594933
4,70,10.60274914232382
4,71,21.168861172307516
4,72,138.7451323864516
4,73,4.363531871116855
5,0,2.0803362080988625
5,1,3.2642351818146143
5,2,2.9462685726566433
5,3,138.7451323864516
5,4,0.0
5,5,0.0
5,6,4.270865065308155
5,7,0.9390082681575529
5,8,150.2481126101629
5,9,150.2481126101629
5,10,4.270865065308155
5,11,5.574994657637968
5,12,145.99730424415114
5,13,7.8871697120576005
5,14,12.8801021170929
5,15,145.99730424415114
5,16,5.0174246615819
5,17,145.0471158830147
5,18,3.3370617253852215
5,19,143.36592159941313
5,20,4.919794994251685
5,21,145.99730424415114
5,22,6.2850743367983775
5,23,4.919794994251685
5,24,5.0174246615819
5,25,5.552947142670356
5,26,8.314829367741597
5,27,5.947407467446002
5,28,7.396147530519679
5,29,150.2481126101629
5,30,150.2481126101629
5,31,150.2481126101629
5,32,150.2481126101629
5,33,150.2481126101629
5,36,150.2481126101629
5,37,150.2481126101629
5,38,7.538909381124068
5,39,150.2481126101629
5,40,7.59488695804966
5,41,5.709798456602522
5,42,151.06285084474212
5,43,151.06285084474212
5,44,8.198565859219084
5,45,8.198565859219084
5,46,8.379856248718
5,47,150.2481126101629
5,48,7.396147530519679
5,49,3.0959782808208316
5,50,3.0959782808208316
5,51,10.387408421982602
5,52,4.561376609833298
5,53,3.527117357412752
5,54,3.8194741499139013
5,55,150.2481126101629
5,56,143.7823571997291
5,57,2.0334994202026437
5,58,1.386110090591162
5,59,3.527117357412752
5,60,150.2481126101629
5,61,7.729762866523425
5,62,150.2481126101629
5,63,150.2481126101629
5,64,3.1661706421690603
5,65,138.7451323864516
5,66,13.275637892803585
5,67,13.275637892803585
5,68,152.28568988332538
5,69,13.21449675594933
5,70,10.60274914232382
5,71,21.168861172307516
5,72,138.7451323864516
5,73,4.363531871116855
6,0,2.1905288572092925
6,1,3.374427830925044
6,2,3.0564612217670732
6,3,138.85532503556203
6,4,4.270865065308155
6,5,4.270865065308155
6,6,0.0
6,7,5.209873333465708
6,8,149.4139417154843
6,9,149.4139417154843
6,10,0.0
6,11,1.304129592329813
6,12,145.16313334947253
6,13,7.052998817378979
6,14,12.045931222414278
6,15,145.16313334947253
6,16,5.045531920087118
6,17,145.07522314151993
6,18,3.365168983890441
6,19,143.39402885791836
6,20,4.085624099573063
6,21,145.16313334947253
6,22,5.450903442119756
6,23,4.085624099573063
6,24,5.045531920087118
6,25,5.5810544011755745
6,26,7.480658473062975
6,27,1.6765424021378472
6,28,6.561976635841057
6,29,149.4139417154843
6,30,149.4139417154843
6,31,149.4139417154843
6,32,149.4139417154843
6,33,149.4139417154843
6,36,149.4139417154843
6,37,149.4139417154843
6,38,6.7047384864454465
6,39,149.4139417154843
6,40,7.622994216554878
6,41,5.7379057151077415
6,42,150.2286799500635
6,43,150.2286799500635
6,44,7.3643949645404625
6,45,7.3643949645404625
6,46,7.545685354039377
6,47,149.4139417154843
6,48,6.561976635841057
6,49,3.1240855393260505
6,50,3.1240855393260505
6,51,9.553237527303981
6,52,3.7272057151546756
6,53,2.69294646273413
6,54,2.9853032552352796
6,55,149.4139417154843
6,56,142.94818630505048
6,57,6.304364485510799
6,58,5.6569751558993175
6,59,2.69294646273413
6,60,149.4139417154843
6,61,6.895591971844803
6,62,149.4139417154843
6,63,149.4139417154843
6,64,3.27636329127949
6,65,138.85532503556203
6,66,13.303745151308803
6,67,13.303745151308803
6,68,152.3137971418306
6,69,12.380325861270709
6,70,9.768578247645198
6,71,20.334690277628894
6,72,138.85532503556203
6,73,4.473724520227285
7,0,3.0193444762564154
7,1,4.203243449972167
7,2,3.885276840814196
7,3,139.68414065460914
7,4,0.9390082681575529
7,5,0.9390082681575529
7,6,5.209873333465708
7,7,0.0
7,8,151.18712087832046
7,9,151.18712087832046
7,10,5.209873333465708
7,11,6.514002925795522
7,12,146.9363125123087
7,13,8.826177980215153
7,14,13.819110385250452
7,15,146.9363125123087
7,16,5.956432929739452
7,17,145.98612415117225
7,18,4.276069993542775
7,19,144.30492986757068
7,20,5.858803262409237
7,21,146.9363125123087
7,22,7.22408260495593
7,23,5.858803262409237
7,24,5.956432929739452
7,25,6.491955410827909
7,26,9.25383763589915
7,27,6.886415735603555
7,28,8.335155798677231
7,29,151.18712087832046
7,30,151.18712087832046
7,31,151.18712087832046
7,32,151.18712087832046
7,33,151.18712087832046
7,36,151.18712087832046
7,37,151.18712087832046
7,38,8.477917649281622
7,39,151.18712087832046
7,40,8.533895226207212
7,41,6.648806724760075
7,42,152.00185911289967
7,43,152.00185911289967
7,44,9.137574127376638
7,45,9.137574127376638
7,46,9.318864516875552
7,47,151.18712087832046
7,48,8.335155798677231
7,49,4.0349865489783845
7,50,4.0349865489783845
7,51,11.326416690140155
7,52,5.50038487799085
7,53,4.466125625570305
7,54,4.758482418071455
7,55,151.18712087832046
7,56,144.72136546788664
7,57,2.9725076883601966
7,58,2.325118358748715
7,59,4.466125625570305
7,60,151.18712087832046
7,61,8.668771134680977
7,62,151.18712087832046
7,63,151.18712087832046
7,64,4.105178910326613
7,65,139.68414065460914
7,66,14.214646160961138
7,67,14.214646160961138
7,68,153.22469815148293
7,69,14.153505024106881
7,70,11.541757410481372
7,71,22.10786944046507
7,72,139.68414065460914
7,73,5.302540139274408
8,0,151.60447057269357
8,1,152.78836954640934
8,2,152.47040293725135
8,3,288.2692667510463
8,4,150.2481126101629
8,5,150.2481126101629
8,6,149.4139417154843
8,7,151.18712087832046
8,8,0.0
8,9,285.7039301592865
8,10,149.4139417154843
8,11,150.7180713078141
8,12,286.4058268658107
8,13,143.34298726118115
8,14,148.33591966621645
8,15,286.4058268658107
8,16,145.72711837654242
8,17,285.75680959797523
8,18,147.39321777390646
8,19,287.4220776479344
8,20,145.32831761591123
8,21,286.4058268658107
8,22,146.69359695845793
8,23,145.32831761591123
8,24,145.72711837654242
8,25,146.26264085763088
8,26,143.77064691686516
8,27,151.09048411762214
8,28,142.85196507964324
8,29,285.7039301592865
8,30,285.7039301592865
8,31,285.7039301592865
8,32,285.7039301592865
8,33,285.7039301592865
8,36,285.7039301592865
8,37,285.7039301592865
8,38,142.99472693024762
8,39,285.7039301592865
8,40,148.30458067301018
8,41,146.41949217156304
8,42,286.5186683938657
8,43,286.5186683938657
8,44,143.65438340834265
8,45,143.65438340834265
8,46,143.83567379784157
8,47,285.7039301592865
8,48,142.85196507964324
8,49,147.1521343293421
8,50,147.1521343293421
8,51,145.84322597110616
8,52,147.7552545051707
8,53,146.72099525275016
8,54,147.0133520452513
8,55,285.7039301592865
8,56,286.9762350950665
8,57,152.28161203036555
8,58,151.63422270075407
8,59,146.72099525275016
8,60,285.7039301592865
8,61,143.185580415647
8,62,285.7039301592865
8,63,285.7039301592865
8,64,152.69030500676377
8,65,288.2692667510463
8,66,151.41537195955132
8,67,151.41537195955132
8,68,290.4254239500731
8,69,148.67031430507288
8,70,146.05856669144737
8,71,156.62467872143105
8,72,288.2692667510463
8,73,153.88766623571158
9,0,151.60447057269357
9,1,152.78836954640934
9,2,152.47040293725135
9,3,288.2692667510463
9,4,150.2481126101629
9,5,150.2481126101629
9,6,149.4139417154843
9,7,151.18712087832046
9,8,285.7039301592865
9,9,0.0
9,10,149.4139417154843
9,11,150.7180713078141
9,12,286.4058268658107
9,13,143.34298726118115
9,14,148.33591966621645
9,15,286.4058268658107
9,16,145.72711837654242
9,17,285.75680959797523
9,18,147.39321777390646
9,19,287.4220776479344
9,20,145.32831761591123
9,21,286.4058268658107
9,22,146.69359695845793
9,23,145.32831761591123
9,24,145.72711837654242
9,25,146.26264085763088
9,26,143.77064691686516
9,27,151.09048411762214
9,28,142.85196507964324
9,29,285.7039301592865
9,30,285.7039301592865
9,31,285.7039301592865
9,32,285.7039301592865
9,33,285.7039301592865
9,36,285.7039301592865
9,37,285.7039301592865
9,38,142.99472693024762
9,39,285.7039301592865
9,40,148.30458067301018
9,41,146.41949217156304
9,42,286.5186683938657
9,43,286.5186683938657
9,44,143.65438340834265
9,45,143.65438340834265
9,46,143.83567379784157
9,47,285.7039301592865
9,48,142.85196507964324
9,49,147.1521343293421
9,50,147.1521343293421
9,51,145.84322597110616
9,52,147.7552545051707
9,53,146.72099525275016
9,54,147.0133520452513
9,55,285.7039301592865
9,56,286.9762350950665
9,57,152.28161203036555
9,58,151.63422270075407
9,59,146.72099525275016
9,60,285.7039301592865
9,61,143.185580415647
9,62,285.7039301592865
9,63,285.7039301592865
9,64,152.69030500676377
9,65,288.2692667510463
9,66,151.41537195955132
9,67,151.41537195955132
9,68,290.4254239500731
9,69,148.67031430507288
9,70,146.05856669144737
9,71,156.62467872143105
9,72,288.2692667510463
9,73,153.88766623571158
10,0,2.1905288572092925
10,1,3.374427830925044
10,2,3.0564612217670732
10,3,138.85532503556203
10,4,4.270865065308155
10,5,4.270865065308155
10,6,0.0
10,7,5.209873333465708
10,8,149.4139417154843
10,9,149.4139417154843
10,10,0.0
10,11,1.304129592329813
10,12,145.16313334947253
10,13,7.052998817378979
10,14,12.045931222414278
10,15,145.16313334947253
10,16,5.045531920087118
10,17,145.07522314151993
10,18,3.365168983890441
10,19,143.39402885791836
10,20,4.085624099573063
10,21,145.16313334947253
10,22,5.450903442119756
10,23,4.085624099573063
10,24,5.045531920087118
10,25,5.5810544011755745
10,26,7.480658473062975
10,27,1.6765424021378472
10,28,6.561976635841057
10,29,149.4139417154843
10,30,149.4139417154843
10,31,149.4139417154843
10,32,149.4139417154843
10,33,149.4139417154843
10,36,149.4139417154843
10,37,149.4139417154843
10,38,6.7047384864454465
10,39,149.4139417154843
10,40,7.622994216554878
10,41,5.7379057151077415
10,42,150.2286799500635
10,43,150.2286799500635
10,44,7.3643949645404625
10,45,7.3643949645404625
10,46,7.545685354039377
10,47,149.4139417154843
10,48,6.561976635841057
10,49,3.1240855393260505
10,50,3.1240855393260505
10,51,9.553237527303981
10,52,3.7272057151546756
10,53,2.69294646273413
10,54,2.9853032552352796
10,55,149.4139417154843
10,56,142.94818630505048
10,57,6.304364485510799
10,58,5.6569751558993175
10,59,2.69294646273413
10,60,149.4139417154843
10,61,6.895591971844803
10,62,149.4139417154843
10,63,149.4139417154843
10,64,3.27636329127949
10,65,138.85532503556203
10,66,13.303745151308803
10,67,13.303745151308803
10,68,152.3137971418306
10,69,12.380325861270709
10,70,9.768578247645198
10,71,20.334690277628894
10,72,138.85532503556203
10,73,4.473724520227285
11,0,3.4946584495391058
11,1,4.6785574232548575
11,2,4.360590814096886
11,3,140.15945462789185
11,4,5.574994657637968
11,5,5.574994657637968
11,6,1.304129592329813
11,7,6.514002925795522
11,8,150.7180713078141
11,9,150.7180713078141
11,10,1.304129592329813
11,11,0.0
11,12,146.46726294180235
11,13,8.357128409708793
11,14,13.35006081474409
11,15,146.46726294180235
11,16,6.349661512416931
11,17,146.37935273384974
11,18,4.669298576220254
11,19,144.69815845024817
11,20,5.389753691902876
11,21,146.46726294180235
11,22,6.7550330344495695
11,23,5.389753691902876
11,24,6.349661512416931
11,25,6.885183993505388
11,26,8.784788065392789
11,27,2.9806719944676603
11,28,7.86610622817087
11,29,150.7180713078141
11,30,150.7180713078141
11,31,150.7180713078141
11,32,150.7180713078141
11,33,150.7180713078141
11,36,150.7180713078141
11,37,150.7180713078141
11,38,8.00886807877526
11,39,150.7180713078141
11,40,8.92712380888469
11,41,7.042035307437555
11,42,151.53280954239332
11,43,151.53280954239332
11,44,8.668524556870276
11,45,8.668524556870276
11,46,8.84981494636919
11,47,150.7180713078141
11,48,7.86610622817087
11,49,4.428215131655864
11,50,4.428215131655864
11,51,10.857367119633793
11,52,5.031335307484489
11,53,3.9970760550639435
11,54,4.289432847565093
11,55,150.7180713078141
11,56,144.2523158973803
11,57,7.6084940778406125
11,58,6.961104748229131
11,59,3.9970760550639435
11,60,150.7180713078141
11,61,8.199721564174617
11,62,150.7180713078141
11,63,150.7180713078141
11,64,4.5804928836093035
11,65,140.15945462789185
11,66,14.607874743638618
11,67,14.607874743638618
11,68,153.6179267341604
11,69,13.68445545360052
11,70,11.07270783997501
11,71,21.63881986995871
11,72,140.15945462789185
11,73,5.777854112557098
12,0,147.3536622066818
12,1,148.53756118039757
12,2,148.21959457123958
12,3,284.0184583850346
12,4,145.99730424415114
12,5,145.99730424415114
12,6,145.16313334947253
12,7,146.9363125123087
12,8,286.4058268658107
12,9,286.4058268658107
12,10,145.16313334947253
12,11,146.46726294180235
12,12,0.0
12,13,144.04488396770537
12,14,149.03781637274068
12,15,282.1550184997989
12,16,144.8227723440914
12,17,284.8524635655242
12,18,143.1424094078947
12,19,283.1712692819226
12,20,141.07750924989946
12,21,282.1550184997989
12,22,142.44278859244616
12,23,141.07750924989946
12,24,144.8227723440914
12,25,145.35829482517983
12,26,144.47254362338938
12,27,146.83967575161037
12,28,143.55386178616746
12,29,286.4058268658107
12,30,286.4058268658107
12,31,286.4058268658107
12,32,286.4058268658107
12,33,286.4058268658107
12,36,286.4058268658107
12,37,286.4058268658107
12,38,143.69662363677185
12,39,286.4058268658107
12,40,147.40023464055915
12,41,145.515146139112
12,42,287.2205651003899
12,43,287.2205651003899
12,44,144.35628011486688
12,45,144.35628011486688
12,46,144.5375705043658
12,47,286.4058268658107
12,48,143.55386178616746
12,49,142.90132596333032
12,50,142.90132596333032
12,51,146.5451226776304
12,52,143.50444613915894
12,53,142.4701868867384
12,54,142.76254367923954
12,55,286.4058268658107
12,56,282.72542672905473
12,57,148.03080366435378
12,58,147.3834143347423
12,59,142.4701868867384
12,60,286.4058268658107
12,61,143.88747712217122
12,62,286.4058268658107
12,63,286.4058268658107
12,64,148.439496640752
12,65,284.0184583850346
12,66,152.11726866607555
12,67,152.11726866607555
12,68,291.12732065659736
12,69,149.3722110115971
12,70,146.7604633979716
12,71,157.32657542795528
12,72,284.0184583850346
12,73,149.6368578696998
13,0,9.243527674588272
13,1,10.427426648304024
13,2,10.109460039146054
13,3,145.908323852941
13,4,7.8871697120576005
13,5,7.8871697120576005
13,6,7.052998817378979
13,7,8.826177980215153
13,8,143.34298726118115
13,9,143.34298726118115
13,10,7.052998817378979
13,11,8.357128409708793
13,12,144.04488396770537
13,13,0.0
13,14,5.974976768111144
13,15,144.04488396770537
13,16,3.366175478437113
13,17,143.39586669986988
13,18,5.03227487580116
13,19,145.06113474982905
13,20,2.9673747178059164
13,21,144.04488396770537
13,22,4.332654060352609
13,23,2.9673747178059164
13,24,3.366175478437113
13,25,3.9016979595255696
13,26,1.409704018759841
13,27,8.729541219516825
13,28,0.49102218153792276
13,29,143.34298726118115
13,30,143.34298726118115
13,31,143.34298726118115
13,32,143.34298726118115
13,33,143.34298726118115
13,36,143.34298726118115
13,37,143.34298726118115
13,38,0.6337840321423127
13,39,143.34298726118115
13,40,5.9436377749048726
13,41,4.058549273457736
13,42,144.15772549576036
13,43,144.15772549576036
13,44,1.2934405102373288
13,45,1.2934405102373288
13,46,1.4747308997362432
13,47,143.34298726118115
13,48,0.49102218153792276
13,49,4.791191431236769
13,50,4.791191431236769
13,51,3.482283073000846
13,52,5.3943116070653945
13,53,4.360052354644849
13,54,4.652409147145999
13,55,143.34298726118115
13,56,144.61529219696118
13,57,9.920669132260244
13,58,9.273279802648762
13,59,4.360052354644849
13,60,143.34298726118115
13,61,0.8246375175416696
13,62,143.34298726118115
13,63,143.34298726118115
13,64,10.329362108658469
13,65,145.908323852941
13,66,9.054429061446022
13,67,9.054429061446022
13,68,148.06448105196782
13,69,6.309371406967574
13,70,3.697623793342064
13,71,14.263735823325762
13,72,145.908323852941
13,73,11.526723337606263
14,0,14.23646007962357
14,1,15.420359053339322
14,2,15.102392444181351
14,3,150.9012562579763
14,4,12.8801021170929
14,5,12.8801021170929
14,6,12.045931222414278
14,7,13.819110385250452
14,8,148.33591966621645
14,9,148.33591966621645
14,10,12.045931222414278
14,11,13.35006081474409
14,12,149.03781637274068
14,13,5.974976768111144
14,14,0.0
14,15,149.03781637274068
14,16,8.359107883472412
14,17,148.3887991049052
14,18,10.025207280836458
14,19,150.05406715486436
14,20,7.960307122841215
14,21,149.03781637274068
14,22,9.325586465387907
14,23,7.960307122841215
14,24,8.359107883472412
14,25,8.894630364560868
14,26,6.4026364237951405
14,27,13.722473624552125
14,28,5.483954586573222
14,29,148.33591966621645
14,30,148.33591966621645
14,31,148.33591966621645
14,32,148.33591966621645
14,33,148.33591966621645
14,36,148.33591966621645
14,37,148.33591966621645
14,38,5.6267164371776115
14,39,148.33591966621645
14,40,10.936570179940173
14,41,9.051481678493035
14,42,149.15065790079566
14,43,149.15065790079566
14,44,6.2863729152726275
14,45,6.2863729152726275
14,46,6.467663304771542
14,47,148.33591966621645
14,48,5.483954586573222
14,49,9.784123836272068
14,50,9.784123836272068
14,51,8.475215478036144
14,52,10.387244012100693
14,53,9.352984759680147
14,54,9.645341552181296
14,55,148.33591966621645
14,56,149.60822460199648
14,57,14.913601537295543
14,58,14.266212207684061
14,59,9.352984759680147
14,60,148.33591966621645
14,61,5.817569922576968
14,62,148.33591966621645
14,63,148.33591966621645
14,64,15.322294513693768
14,65,150.9012562579763
14,66,14.047361466481322
14,67,14.047361466481322
14,68,153.0574134570031
14,69,11.302303812002872
14,70,8.690556198377363
14,71,19.25666822836106
14,72,150.9012562579763
14,73,16.51965574264156
15,0,147.3536622066818
15,1,148.53756118039757
15,2,148.21959457123958
15,3,284.0184583850346
15,4,145.99730424415114
15,5,145.99730424415114
15,6,145.16313334947253
15,7,146.9363125123087
15,8,286.4058268658107
15,9,286.4058268658107
15,10,145.16313334947253
15,11,146.46726294180235
15,12,282.1550184997989
15,13,144.04488396770537
15,14,149.03781637274068
15,15,0.0
15,16,144.8227723440914
15,17,284.8524635655242
15,18,143.1424094078947
15,19,283.1712692819226
15,20,141.07750924989946
15,21,282.1550184997989
15,22,142.44278859244616
15,23,141.07750924989946
15,24,144.8227723440914
15,25,145.35829482517983
15,26,144.47254362338938
15,27,146.83967575161037
15,28,143.55386178616746
15,29,286.4058268658107
15,30,286.4058268658107
15,31,286.4058268658107
15,32,286.4058268658107
15,33,286.4058268658107
15,36,286.4058268658107
15,37,286.4058268658107
15,38,143.69662363677185
15,39,286.4058268658107
15,40,147.40023464055915
15,41,145.515146139112
15,42,287.2205651003899
15,43,287.2205651003899
15,44,144.35628011486688
15,45,144.35628011486688
15,46,144.5375705043658
15,47,286.4058268658107
15,48,143.55386178616746
15,49,142.90132596333032
15,50,142.90132596333032
15,51,146.5451226776304
15,52,143.50444613915894
15,53,142.4701868867384
15,54,142.76254367923954
15,55,286.4058268658107
15,56,282.72542672905473
15,57,148.03080366435378
15,58,147.3834143347423
15,59,142.4701868867384
15,60,286.4058268658107
15,61,143.88747712217122
15,62,286.4058268658107
15,63,286.4058268658107
15,64,148.439496640752
15,65,284.0184583850346
15,66,152.11726866607555
15,67,152.11726866607555
15,68,291.12732065659736
15,69,149.3722110115971
15,70,146.7604633979716
15,71,157.32657542795528
15,72,284.0184583850346
15,73,149.6368578696998
16,0,7.097760869680761
16,1,8.281659843396515
16,2,7.9636932342385425
16,3,143.7625570480335
16,4,5.0174246615819
16,5,5.0174246615819
16,6,5.045531920087118
16,7,5.956432929739452
16,8,145.72711837654242
16,9,145.72711837654242
16,10,5.045531920087118
16,11,6.349661512416931
16,12,144.8227723440914
16,13,3.366175478437113
16,14,8.359107883472412
16,15,144.8227723440914
16,16,0.0
16,17,140.02969122143278
16,18,2.162529825325458
16,19,142.19138969935335
16,20,3.7452630941919205
16,21,144.8227723440914
16,22,5.110542436738614
16,23,3.7452630941919205
16,24,0.0
16,25,0.5355224810884567
16,26,3.7938351341211085
16,27,6.722074322224965
16,28,2.87515329689919
16,29,145.72711837654242
16,30,145.72711837654242
16,31,145.72711837654242
16,32,145.72711837654242
16,33,145.72711837654242
16,36,145.72711837654242
16,37,145.72711837654242
16,38,3.0179151475035804
16,39,145.72711837654242
16,40,2.5774622964677603
16,41,0.6923737950206229
16,42,146.54185661112163
16,43,146.54185661112163
16,44,3.6775716255985964
16,45,3.6775716255985964
16,46,3.8588620150975106
16,47,145.72711837654242
16,48,2.87515329689919
16,49,1.9214463807610678
16,50,1.9214463807610678
16,51,5.866414188362114
16,52,3.3868447097735332
16,53,2.352585457352988
16,54,2.6449422498541373
16,55,145.72711837654242
16,56,142.60782529966934
16,57,7.050924081784543
16,58,6.403534752173061
16,59,2.352585457352988
16,60,145.72711837654242
16,61,3.2087686329029372
16,62,145.72711837654242
16,63,145.72711837654242
16,64,8.18359530375096
16,65,143.7625570480335
16,66,8.258213231221685
16,67,8.258213231221685
16,68,147.26826522174346
16,69,8.693502522328842
16,70,6.081754908703331
16,71,16.64786693868703
16,72,143.7625570480335
16,73,9.380956532698756
17,0,147.12745209111355
17,1,148.3113510648293
17,2,147.99338445567133
17,3,283.7922482694663
17,4,145.0471158830147
17,5,145.0471158830147
17,6,145.07522314151993
17,7,145.98612415117225
17,8,285.75680959797523
17,9,285.75680959797523
17,10,145.07522314151993
17,11,146.37935273384974
17,12,284.8524635655242
17,13,143.39586669986988
17,14,148.3887991049052
17,15,284.8524635655242
17,16,140.02969122143278
17,17,0.0
17,18,142.19222104675825
17,19,282.2210809207861
17,20,143.7749543156247
17,21,284.8524635655242
17,22,145.1402336581714
17,23,143.7749543156247
17,24,140.02969122143278
17,25,140.56521370252125
17,26,143.8235263555539
17,27,146.75176554365777
17,28,142.90484451833197
17,29,285.75680959797523
17,30,285.75680959797523
17,31,285.75680959797523
17,32,285.75680959797523
17,33,285.75680959797523
17,36,285.75680959797523
17,37,285.75680959797523
17,38,143.04760636893636
17,39,285.75680959797523
17,40,142.60715351790054
17,41,140.7220650164534
17,42,286.5715478325544
17,43,286.5715478325544
17,44,143.7072628470314
17,45,143.7072628470314
17,46,143.8885532365303
17,47,285.75680959797523
17,48,142.90484451833197
17,49,141.95113760219385
17,50,141.95113760219385
17,51,145.8961054097949
17,52,143.41653593120634
17,53,142.3822766787858
17,54,142.67463347128694
17,55,285.75680959797523
17,56,282.63751652110216
17,57,147.08061530321731
17,58,146.43322597360586
17,59,142.3822766787858
17,60,285.75680959797523
17,61,143.23845985433573
17,62,285.75680959797523
17,63,285.75680959797523
17,64,148.21328652518375
17,65,283.7922482694663
17,66,148.28790445265446
17,67,148.28790445265446
17,68,287.29795644317625
17,69,148.7231937437616
17,70,146.1114461301361
17,71,156.6775581601198
17,72,283.7922482694663
17,73,149.41064775413153
18,0,5.417397933484084
18,1,6.601296907199837
18,2,6.283330298041865
18,3,142.08219411183683
18,4,3.3370617253852215
18,5,3.3370617253852215
18,6,3.365168983890441
18,7,4.276069993542775
18,8,147.39321777390646
18,9,147.39321777390646
18,10,3.365168983890441
18,11,4.669298576220254
18,12,143.1424094078947
18,13,5.03227487580116
18,14,10.025207280836458
18,15,143.1424094078947
18,16,2.162529825325458
18,17,142.19222104675825
18,18,0.0
18,19,140.51102676315668
18,20,2.0649001579952433
18,21,143.1424094078947
18,22,3.4301795005419358
18,23,2.0649001579952433
18,24,2.162529825325458
18,25,2.6980523064139144
18,26,5.459934531485155
18,27,5.041711386028288
18,28,4.541252694263237
18,29,147.39321777390646
18,30,147.39321777390646
18,31,147.39321777390646
18,32,147.39321777390646
18,33,147.39321777390646
18,36,147.39321777390646
18,37,147.39321777390646
18,38,4.684014544867627
18,39,147.39321777390646
18,40,4.739992121793218
18,41,2.8549036203460805
18,42,148.20795600848567
18,43,148.20795600848567
18,44,5.343671022962643
18,45,5.343671022962643
18,46,5.524961412461558
18,47,147.39321777390646
18,48,4.541252694263237
18,49,0.24108344456439013
18,50,0.24108344456439013
18,51,7.532513585726161
18,52,1.706481773576856
18,53,0.6722225211563104
18,54,0.9645793136574601
18,55,147.39321777390646
18,56,140.92746236347264
18,57,5.370561145587866
18,58,4.723171815976384
18,59,0.6722225211563104
18,60,147.39321777390646
18,61,4.874868030266984
18,62,147.39321777390646
18,63,147.39321777390646
18,64,6.503232367554283
18,65,142.08219411183683
18,66,10.420743056547144
18,67,10.420743056547144
18,68,149.43079504706893
18,69,10.359601919692889
18,70,7.747854306067378
18,71,18.313966336051074
18,72,142.08219411183683
18,73,7.7005935965020775
19,0,145.44625780751198
19,1,146.63015678122773
19,2,146.31219017206976
19,3,282.1110539858647
19,4,143.36592159941313
19,5,143.36592159941313
19,6,143.39402885791836
19,7,144.30492986757068
19,8,287.4220776479344
19,9,287.4220776479344
19,10,143.39402885791836
19,11,144.69815845024817
19,12,283.1712692819226
19,13,145.06113474982905
19,14,150.05406715486436
19,15,283.1712692819226
19,16,142.19138969935335
19,17,282.2210809207861
19,18,140.51102676315668
19,19,0.0
19,20,142.09376003202314
19,21,283.1712692819226
19,22,143.45903937456984
19,23,142.09376003202314
19,24,142.19138969935335
19,25,142.72691218044181
19,26,145.48879440551306
19,27,145.0705712600562
19,28,144.57011256829114
19,29,287.4220776479344
19,30,287.4220776479344
19,31,287.4220776479344
19,32,287.4220776479344
19,33,287.4220776479344
19,36,287.4220776479344
19,37,287.4220776479344
19,38,144.71287441889552
19,39,287.4220776479344
19,40,144.7688519958211
19,41,142.88376349437397
19,42,288.2368158825136
19,43,288.2368158825136
19,44,145.37253089699055
19,45,145.37253089699055
19,46,145.55382128648947
19,47,287.4220776479344
19,48,144.57011256829114
19,49,140.26994331859228
19,50,140.26994331859228
19,51,147.56137345975407
19,52,141.73534164760477
19,53,140.70108239518422
19,54,140.99343918768537
19,55,287.4220776479344
19,56,280.95632223750056
19,57,145.39942101961577
19,58,144.7520316900043
19,59,140.70108239518422
19,60,287.4220776479344
19,61,144.9037279042949
19,62,287.4220776479344
19,63,287.4220776479344
19,64,146.53209224158218
19,65,282.1110539858647
19,66,150.44960293057503
19,67,150.44960293057503
19,68,289.4596549210968
19,69,150.38846179372078
19,70,147.77671418009527
19,71,158.34282621007895
19,72,282.1110539858647
19,73,147.72945347052996
20,0,6.276152956782355
20,1,7.460051930498107
20,2,7.1420853213401365
20,3,142.9409491351351
20,4,4.919794994251685
20,5,4.919794994251685
20,6,4.085624099573063
20,7,5.858803262409237
20,8,145.32831761591123
20,9,145.32831761591123
20,10,4.085624099573063
20,11,5.389753691902876
20,12,141.07750924989946
20,13,2.9673747178059164
20,14,7.960307122841215
20,15,141.07750924989946
20,16,3.7452630941919205
20,17,143.7749543156247
20,18,2.0649001579952433
20,19,142.09376003202314
20,20,0.0
20,21,141.07750924989946
20,22,1.3652793425466927
20,23,0.0
20,24,3.7452630941919205
20,25,4.280785575280378
20,26,3.3950343734899118
20,27,5.76216650171091
20,28,2.4763525362679935
20,29,145.32831761591123
20,30,145.32831761591123
20,31,145.32831761591123
20,32,145.32831761591123
20,33,145.32831761591123
20,36,145.32831761591123
20,37,145.32831761591123
20,38,2.6191143868723836
20,39,145.32831761591123
20,40,6.322725390659681
20,41,4.437636889212544
20,42,146.14305585049044
20,43,146.14305585049044
20,44,3.2787708649673997
20,45,3.2787708649673997
20,46,3.460061254466314
20,47,145.32831761591123
20,48,2.4763525362679935
20,49,1.8238167134308532
20,50,1.8238167134308532
20,51,5.467613427730917
20,52,2.4269368892594785
20,53,1.3926776368389329
20,54,1.6850344293400825
20,55,145.32831761591123
20,56,141.64791747915527
20,57,6.953294414454328
20,58,6.305905084842847
20,59,1.3926776368389329
20,60,145.32831761591123
20,61,2.8099678722717405
20,62,145.32831761591123
20,63,145.32831761591123
20,64,7.361987390852553
20,65,142.9409491351351
20,66,11.039759416176093
20,67,11.039759416176093
20,68,150.04981140669787
20,69,8.294701761697645
20,70,5.682954148072135
20,71,16.249066178055834
20,72,142.9409491351351
20,73,8.559348619800348
21,0,147.3536622066818
21,1,148.53756118039757
21,2,148.21959457123958
21,3,284.0184583850346
21,4,145.99730424415114
21,5,145.99730424415114
21,6,145.16313334947253
21,7,146.9363125123087
21,8,286.4058268658107
21,9,286.4058268658107
21,10,145.16313334947253
21,11,146.46726294180235
21,12,282.1550184997989
21,13,144.04488396770537
21,14,149.03781637274068
21,15,282.1550184997989
21,16,144.8227723440914
21,17,284.8524635655242
21,18,143.1424094078947
21,19,283.1712692819226
21,20,141.07750924989946
21,21,0.0
21,22,142.44278859244616
21,23,141.07750924989946
21,24,144.8227723440914
21,25,145.35829482517983
21,26,144.47254362338938
21,27,146.83967575161037
21,28,143.55386178616746
21,29,286.4058268658107
21,30,286.4058268658107
21,31,286.4058268658107
21,32,286.4058268658107
21,33,286.4058268658107
21,36,286.4058268658107
21,37,286.4058268658107
21,38,143.69662363677185
21,39,286.4058268658107
21,40,147.40023464055915
21,41,145.515146139112
21,42,287.2205651003899
21,43,287.2205651003899
21,44,144.35628011486688
21,45,144.35628011486688
21,46,144.5375705043658
21,47,286.4058268658107
21,48,143.55386178616746
21,49,142.90132596333032
21,50,142.90132596333032
21,51,146.5451226776304
21,52,143.50444613915894
21,53,142.4701868867384
21,54,142.76254367923954
21,55,286.4058268658107
21,56,282.72542672905473
21,57,148.03080366435378
21,58,147.3834143347423
21,59,142.4701868867384
21,60,286.4058268658107
21,61,143.88747712217122
21,62,286.4058268658107
21,63,286.4058268658107
21,64,148.439496640752
21,65,284.0184583850346
21,66,152.11726866607555
21,67,152.11726866607555
21,68,291.12732065659736
21,69,149.3722110115971
21,70,146.7604633979716
21,71,157.32657542795528
21,72,284.0184583850346
21,73,149.6368578696998
22,0,7.641432299329049
22,1,8.8253312730448
22,2,8.507364663886829
22,3,144.3062284776818
22,4,6.2850743367983775
22,5,6.2850743367983775
22,6,5.450903442119756
22,7,7.22408260495593
22,8,146.69359695845793
22,9,146.69359695845793
22,10,5.450903442119756
22,11,6.7550330344495695
22,12,142.44278859244616
22,13,4.332654060352609
22,14,9.325586465387907
22,15,142.44278859244616
22,16,5.110542436738614
22,17,145.1402336581714
22,18,3.4301795005419358
22,19,143.45903937456984
22,20,1.3652793425466927
22,21,142.44278859244616
22,22,0.0
22,23,1.3652793425466927
22,24,5.110542436738614
22,25,5.64606491782707
22,26,4.760313716036604
22,27,7.127445844257602
22,28,3.8416318788146864
22,29,146.69359695845793
22,30,146.69359695845793
22,31,146.69359695845793
22,32,146.69359695845793
22,33,146.69359695845793
22,36,146.69359695845793
22,37,146.69359695845793
22,38,3.984393729419076
22,39,146.69359695845793
22,40,7.688004733206373
