source_id,target_id,rtt
0,0,0.0
0,1,0.1617016192368677
0,2,0.4121884120198318
0,3,0.16625916527487508
0,4,1.2775541533425108
0,5,0.8548143646048463
0,6,0.6635698350934025
0,7,1.2482795274862961
0,8,1.2776676616540428
0,9,1.4321409932998104
0,10,1.4185092210177916
0,11,1.5599681089728967
0,12,1.339498319106866
0,13,1.1706253149897778
0,14,1.234470679870707
0,15,1.67594876152124
0,16,2.232450094062341
0,17,2.317764605511418
0,18,1.9689502286453662
0,19,1.749644633736752
0,20,2.3109688224755325
0,21,2.5999787094523246
0,22,1.5895426297027875
0,23,1.3828462232753767
0,24,1.7753237100901151
0,25,1.753989609112068
0,26,2.1868635460923596
0,27,1.8826221781921713
0,28,2.538584001631272
0,29,2.2690521620178536
0,30,1.3160815870506903
0,31,1.3242012485537344
0,32,1.62807116523658
0,33,1.6306939704475194
0,34,1.5369210643921996
0,35,1.3992570099032628
0,36,1.195246656392939
0,37,1.7783772442459063
0,38,1.7954263882613193
0,39,1.788604972273007
0,40,0.21597551365461318
0,41,0.43486252856092783
0,42,1.0787215085025186
0,43,0.8340997350045605
0,44,0.8394418645377021
0,45,0.7301269466207418
0,46,0.7279639761637559
0,47,0.5116540712421611
0,48,0.32756044729949013
0,49,0.16755329812307226
1,0,0.1617016192368677
1,1,0.0
1,2,0.4487719015670497
1,3,0.22267716910578988
1,4,1.1163187822301661
1,5,0.7048296000174401
1,6,0.5555090531179641
1,7,1.0909930614480179
1,8,1.1246640072912168
1,9,1.2761937313982785
1,10,1.3247046165104663
1,11,1.4580394844849243
1,12,1.2130792528317633
1,13,1.0746229965564573
1,14,1.1592986270387275
1,15,1.6368435141227011
1,16,2.189130240242911
1,17,2.261172496017969
1,18,1.9169013951490412
1,19,1.6675332184089646
1,20,2.1782622531178406
1,21,2.4608400326558084
1,22,1.449949848697482
1,23,1.2531446262007127
1,24,1.6704400586443375
1,25,1.6231415265723168
1,26,2.0592278070773746
1,27,1.7647398045882807
1,28,2.3983889042919073
1,29,2.1288587990529906
1,30,1.1841350292107298
1,31,1.183628928165289
1,32,1.4785106931860075
1,33,1.4800125981843437
1,34,1.384361926960955
1,35,1.2475390876028336
1,36,1.056730061133051
1,37,1.6380953158908562
1,38,1.6496289132979376
1,39,1.6394593631366166
1,40,0.3671000474173193
1,41,0.5641521893380539
1,42,1.00119116068421
1,43,0.7462898933692903
1,44,0.7834788595260004
1,45,0.7732360719518313
1,46,0.6600309935967101
1,47,0.4036126433321413
1,48,0.1940686687159532
1,49,0.14376416819054916
2,0,0.4121884120198318
2,1,0.4487719015670497
2,2,0.0
2,3,0.24787302256055957
2,4,1.3852181966477148
2,5,1.0798019733938413
2,6,0.5061244400256194
2,7,1.243112418385866
2,8,1.4703731732576037
2,9,1.6003692252792634
2,10,1.7691062355532152
2,11,1.897655199431272
2,12,1.6291170619632993
2,13,1.518934618227593
2,14,1.6080376554662914
2,15,2.077727136251666
2,16,2.6323604510401584
2,17,2.7086183145806584
2,18,2.3630397578763724
2,19,2.1150898306699757
2,20,2.5748408539138783
2,21,2.840051070406738
2,22,1.836724445564412
2,23,1.663404098305807
2,24,2.1071913438900864
2,25,2.027439066182913
2,26,2.466431006398037
2,27,2.1881611482185774
2,28,2.7749634343137446
2,29,2.5072341665595017
2,30,1.5913488202996566
2,31,1.5721144659408464
2,32,1.8320620901222442
2,33,1.8286337728818856
2,34,1.7258278727506247
2,35,1.5962312908028753
2,36,1.452719287450515
2,37,2.0207114318402564
2,38,2.0150524361160946
2,39,1.9921922138531727
2,40,0.5406290985194546
2,41,0.3234356444471234
2,42,1.449887985901233
2,43,1.1942297786186808
2,44,1.2290286550896874
2,45,1.1368057276974102
2,46,1.1078715309472502
2,47,0.8488424315683913
2,48,0.6342401444856665
2,49,0.5565781640122756
3,0,0.16625916527487508
3,1,0.22267716910578988
3,2,0.24787302256055957
3,3,0.0
3,4,1.287125010725645
3,5,0.9129790903172053
3,6,0.5534288868711316
3,7,1.210117753740632
3,8,1.325505057427724
3,9,1.4700633785172401
3,10,1.54490691495839
3,11,1.6799074102687632
3,12,1.4342690948552999
3,13,1.2950909824904109
3,14,1.3731264316211174
3,15,1.831964025929684
3,16,2.3873819059353045
3,17,2.467237187074768
3,18,2.1202170224551957
3,19,1.8845770938772755
3,20,2.3964759378470286
3,21,2.675067282366217
3,22,1.6649311104253195
3,23,1.4733441431690917
3,24,1.8927429047472948
3,25,1.8425513208821698
3,26,2.279502450548195
3,27,1.9871201744026887
3,28,2.6118666641257144
3,29,2.342557800630571
3,30,1.4036180750664842
3,31,1.398468847102819
3,32,1.6835345942249265
3,33,1.6834032909193541
3,34,1.5849580486082893
3,35,1.450052797941452
3,36,1.2732493160220595
3,37,1.8522875110378578
3,38,1.8588680198534118
3,39,1.8446736089208982
3,40,0.3351127121873328
3,41,0.3562178244984384
3,42,1.2156625917627102
3,43,0.9638011541710058
3,44,0.9869249228972902
3,45,0.8958831064278167
3,46,0.8690469656052605
3,47,0.6248812849165329
3,48,0.4166851201012659
3,49,0.31085864323341783
4,0,1.2775541533425108
4,1,1.1163187822301661
4,2,1.3852181966477148
4,3,1.287125010725645
4,4,0.0
4,5,0.5106380232197087
4,6,0.9537640617621603
4,7,0.3656859287570028
4,8,0.30252607131035775
4,9,0.2895126993124441
4,10,1.099114256333154
4,11,1.1059527235621982
4,12,0.7302390456719372
4,13,0.9666247865496779
4,14,1.1576499640167113
4,15,1.7095935840826586
4,16,2.1246466207960353
4,17,2.0897332164687494
4,18,1.8372377527044417
4,19,1.4175227201536125
4,20,1.356181601584038
4,21,1.550152854884537
4,22,0.6856374777571911
4,23,0.7081832416352994
4,24,1.2215278466892014
4,25,0.9167418452407037
4,26,1.3043011268628477
4,27,1.1643668770109208
4,28,1.4808556848704661
4,29,1.2317228861063003
4,30,0.6538900309783209
4,31,0.53781580343994
4,32,0.5551609815418027
4,33,0.5377245907773697
4,34,0.4339984242793168
4,35,0.36947016047709025
4,36,0.5397618062818151
4,37,0.8110535080644461
4,38,0.745895115959232
4,39,0.6899071545295833
4,40,1.46598037355436
4,41,1.6391265467068332
4,42,1.074197868137016
4,43,0.9531436871858566
4,44,1.1303208168705836
4,45,1.5294782378593748
4,46,1.0485803418806618
4,47,0.9207687381459979
4,48,0.9794128268019292
4,49,1.1713001726510361
5,0,0.8548143646048463
5,1,0.7048296000174401
5,2,1.0798019733938413
5,3,0.9129790903172053
5,4,0.5106380232197087
5,5,0.0
5,6,0.8039903528444418
5,7,0.6971689197767519
5,8,0.42467520907628714
5,9,0.5865609353487689
5,10,0.8285672082939137
5,11,0.9089228659530864
5,12,0.5741854282668252
5,13,0.613768576899506
5,14,0.7853242396058712
5,15,1.3544273122301216
5,16,1.8433097214975387
5,17,1.8550731108979759
5,18,1.551122229278382
5,19,1.1891597617208254
5,20,1.4951387429680068
5,21,1.7639815979815954
5,22,0.7570886782696999
5,23,0.5976680739166594
5,24,1.0934937639737128
5,25,0.9513443918156964
5,26,1.390210105381229
5,27,1.1329979202626401
5,28,1.7000669469739584
5,29,1.4311475394297195
5,30,0.5235012114843556
5,31,0.49240271089990706
5,32,0.7738050006736535
5,33,0.775922837107407
5,34,0.6827561140595184
5,35,0.5446365065595481
5,36,0.37689447315153224
5,37,0.9422342690655185
5,38,0.9459976330652239
5,39,0.9346746518286421
5,40,1.0137901399889446
5,41,1.2663915520825155
5,42,0.6594393191515299
5,43,0.47284997620732966
5,44,0.6437972109028891
5,45,1.0190519184047873
5,46,0.5468552000945098
5,47,0.4199914685341424
5,48,0.5296653605415527
5,49,0.7180815464983217
6,0,0.6635698350934025
6,1,0.5555090531179641
6,2,0.5061244400256194
6,3,0.5534288868711316
6,4,0.9537640617621603
6,5,0.8039903528444418
6,6,0.0
6,7,0.7518811658132545
6,8,1.1102360317521012
6,9,1.2076832691337762
6,10,1.6121782781639387
6,11,1.70809022820192
6,12,1.3766774164688942
6,13,1.3750841814419708
6,14,1.5140528650486214
6,15,2.054751363429433
6,16,2.584598321759381
6,17,2.6225105083311577
6,18,2.297720980037832
6,19,1.9740896707775812
6,20,2.248395254497046
6,21,2.480623537073838
6,22,1.5150986975926324
6,23,1.3955502975047567
6,24,1.8971998249311919
6,25,1.730443114177002
6,26,2.1629272687909418
6,27,1.9309193418712958
6,28,2.412693817746808
6,29,2.1523796294481654
6,30,1.321228783607231
6,31,1.2674482317114604
6,32,1.4626313100855923
6,33,1.4532615619055889
6,34,1.346291699894451
6,35,1.2319280841451288
6,36,1.170069786164262
6,37,1.6851821180164135
6,38,1.6544851619936802
6,39,1.6159870433301178
6,40,0.8738569368086756
6,41,0.8211731845044118
6,42,1.3623537359509919
6,43,1.109697138985528
6,44,1.2135702590963005
6,45,1.3181684797215463
6,46,1.081146441354448
6,47,0.7911173849359713
6,48,0.6198681506730012
6,49,0.696678882665068
7,0,1.2482795274862961
7,1,1.0909930614480179
7,2,1.243112418385866
7,3,1.210117753740632
7,4,0.3656859287570028
7,5,0.6971689197767519
7,6,0.7518811658132545
7,7,0.0
7,8,0.6585315590451992
7,9,0.6503165870684885
7,10,1.4275994977152675
7,11,1.4525299386829915
7,12,1.074098767565985
7,13,1.262960552235999
7,14,1.4496655215039966
7,15,2.015656014084517
7,16,2.460461927134205
7,17,2.4373567765975466
7,18,2.169977910879365
7,19,1.7618069629423927
7,20,1.7047416530168014
7,21,1.874100194093059
7,22,1.051272727851628
7,23,1.059419427324166
7,24,1.5807064755617695
7,25,1.2822516764521543
7,26,1.6627229377968253
7,27,1.529873161989836
7,28,1.8042416490312998
7,29,1.5672729079228338
7,30,0.998841772313441
7,31,0.8904661518246199
7,32,0.9109241017894574
7,33,0.8906527717039301
7,34,0.7915703110891572
7,35,0.7351106575497094
7,36,0.867672595262585
7,37,1.1711575767711726
7,38,1.096599412392533
7,39,1.0322364339463308
7,40,1.4580137593908409
7,41,1.537286690182701
7,42,1.3424916678333847
7,43,1.1698463757181252
7,44,1.3385091294953402
7,45,1.6651397943292416
7,46,1.2325825178079388
7,47,1.0292006702108414
7,48,1.0097036975829325
7,49,1.1851921076864707
8,0,1.2776676616540428
8,1,1.1246640072912168
8,2,1.4703731732576037
8,3,1.325505057427724
8,4,0.30252607131035775
8,5,0.42467520907628714
8,6,1.1102360317521012
8,7,0.6585315590451992
8,8,0.0
8,9,0.17211911054483447
8,10,0.8033744109887767
8,11,0.8036328769084556
8,12,0.4294417935026985
8,13,0.695939013277063
8,14,0.8858506298026796
8,15,1.422629363516049
8,16,1.823791783154675
8,17,1.7872072262536294
8,18,1.537530363447292
8,19,1.115344571188566
8,20,1.138814283144519
8,21,1.3764835231388646
8,22,0.41690352327968494
8,23,0.4056621511175744
8,24,0.9222426127305782
8,25,0.6454791714671876
8,26,1.0618545745003258
8,27,0.8806780509659223
8,28,1.3098109856434572
8,29,1.04547683714392
8,30,0.3531184381752458
8,31,0.23529571957046483
8,32,0.36173239819433106
8,33,0.35883125727825654
8,34,0.25976489116234136
8,35,0.1258610100173573
8,36,0.25754286695124473
8,37,0.5759670891034482
8,38,0.5481906857786253
8,39,0.5219204710109723
8,40,1.43817743303699
8,41,1.6812777948158604
8,42,0.8243117934930043
8,43,0.7580242504853837
8,44,0.932166005894595
8,45,1.3776562420972636
8,46,0.8777864003957715
8,47,0.8324475010401102
8,48,0.9539921458735059
8,49,1.1427424841707532
9,0,1.4321409932998104
9,1,1.2761937313982785
9,2,1.6003692252792634
9,3,1.4700633785172401
9,4,0.2895126993124441
9,5,0.5865609353487689
9,6,1.2076832691337762
9,7,0.6503165870684885
9,8,0.17211911054483447
9,9,0.0
9,10,0.9136071673675965
9,11,0.8863985900993915
9,12,0.5345303147364783
9,13,0.8392693502814783
9,14,1.025453584828669
9,15,1.5416645528853319
9,16,1.9094044059759556
9,17,1.8557477475705315
9,18,1.6293485765133753
9,19,1.195998479958235
9,20,1.0684960518513316
9,21,1.2752784719556347
9,22,0.40859962063344846
9,23,0.4952057481018752
9,24,0.9708518438541252
9,25,0.6363940518208918
9,26,1.014864420521707
9,27,0.8899340272487413
9,28,1.206744701101183
9,29,0.9511513467757653
9,30,0.4626207396173327
9,31,0.3387335430605154
9,32,0.2665406779353598
9,33,0.2511348608904912
9,34,0.14518736571718865
9,35,0.11849944297618663
9,36,0.40727422203116687
9,37,0.5218225404380344
9,38,0.4589348822857543
9,39,0.40995647155376663
9,40,1.5993517521032838
9,41,1.8262649905169246
9,42,0.9782396072682805
9,43,0.927611679226771
9,44,1.1004314832485262
9,45,1.5494368413665853
9,46,1.0492289369166854
9,47,1.000451872774463
9,48,1.1121316128677883
9,49,1.3027993951626742
10,0,1.4185092210177916
10,1,1.3247046165104663
10,2,1.7691062355532152
10,3,1.54490691495839
10,4,1.099114256333154
10,5,0.8285672082939137
10,6,1.6121782781639387
10,7,1.4275994977152675
10,8,0.8033744109887767
10,9,0.9136071673675965
10,10,0.0
10,11,0.16478409998806348
10,12,0.3793847899678684
10,13,0.25019770601769376
10,14,0.24619743656393164
10,15,0.6294294106982492
10,16,1.0334430393601803
10,17,1.0280445317953841
10,18,0.7424062564712691
10,19,0.36218803096972696
10,20,1.059553823287207
10,21,1.3924193928209168
10,22,0.6232906629837754
10,23,0.4207620519979762
10,24,0.3760635118126056
10,25,0.5840426571389088
10,26,0.8997685677849724
10,27,0.5498156204277707
10,28,1.349267812218233
10,29,1.1109122115275114
10,30,0.4535178024099911
10,31,0.5774794774793307
10,32,0.8288403256985047
10,33,0.8552992266076348
10,34,0.8592346681965982
10,35,0.795132616169634
10,36,0.5617798613001064
10,37,0.7361867437244839
10,38,0.8434115446530266
10,39,0.9068830630063579
10,40,1.4739281354076506
10,41,1.8493314210237886
10,42,0.36116423849537316
10,43,0.5844790387656464
10,44,0.626937033463237
10,45,1.0715186317144856
10,46,0.702874705494486
10,47,0.9212211721156435
10,48,1.1349575131449146
10,49,1.2509561794845703
11,0,1.5599681089728967
11,1,1.4580394844849243
11,2,1.897655199431272
11,3,1.6799074102687632
11,4,1.1059527235621982
11,5,0.9089228659530864
11,6,1.70809022820192
11,7,1.4525299386829915
11,8,0.8036328769084556
11,9,0.8863985900993915
11,10,0.16478409998806348
11,11,0.0
11,12,0.37843856660549363
11,13,0.3915152468024663
11,14,0.4104963542181409
11,15,0.7019909184812576
11,16,1.0236920820564956
11,17,0.9849936629222066
11,18,0.7433026091969845
11,19,0.31187797343927454
11,20,0.8978900582559866
11,21,1.2318166141457
11,22,0.5414224095784917
11,23,0.3984934525587871
11,24,0.21743796083156344
11,25,0.4520071612630987
11,26,0.7366150563237727
11,27,0.3860890417139204
11,28,1.1904076106340629
11,29,0.9581241931220262
11,30,0.45387028924553535
11,31,0.5685272518940699
11,32,0.7563334596238621
11,33,0.7845379675586989
11,34,0.8081810176620094
11,35,0.7696821100892568
11,36,0.590446945148275
11,37,0.6202669748560977
11,38,0.7371319611429316
11,39,0.8092005455553711
11,40,1.625587806008533
11,41,1.9931628331055966
11,42,0.5218942355152739
11,43,0.7296573818618968
11,44,0.7869712894693367
11,45,1.2361858448247156
11,46,0.855197933013379
11,47,1.055085342649015
11,48,1.265737896806096
11,49,1.3927005405465531
12,0,1.339498319106866
12,1,1.2130792528317633
12,2,1.6291170619632993
12,3,1.4342690948552999
12,4,0.7302390456719372
12,5,0.5741854282668252
12,6,1.3766774164688942
12,7,1.074098767565985
12,8,0.4294417935026985
12,9,0.5345303147364783
12,10,0.3793847899678684
12,11,0.37843856660549363
12,12,0.0
12,13,0.3480837002055447
12,14,0.5138180064845322
12,15,1.0072047918678717
12,16,1.394540859858588
12,17,1.363315540223878
12,18,1.1081172404179387
12,19,0.6884504212157623
12,20,0.974947122916055
12,21,1.2789433589357844
12,22,0.31540317376817406
12,23,0.05997849395415131
12,24,0.529353799743059
12,25,0.41780322531957537
12,26,0.8473849498955597
12,27,0.5613491399400319
12,28,1.2224541363967258
12,29,0.9571662945585468
12,30,0.07637456042098272
12,31,0.19849522459762964
12,32,0.48413070713029116
12,33,0.5069935055888708
12,34,0.4910511637605125
12,35,0.4161587507057115
12,36,0.21729797260241793
12,37,0.4871944543258422
12,38,0.5575349260464174
12,39,0.59801727609148
12,40,1.4477580962337344
12,41,1.7722230211557826
12,42,0.5123893374068929
12,43,0.5843040032168727
12,44,0.7178927304693379
12,45,1.2004562220093065
12,46,0.7261118939976677
12,47,0.8304559895732133
12,48,1.0199779908056013
12,49,1.1787811367382863
13,0,1.1706253149897778
13,1,1.0746229965564573
13,2,1.518934618227593
13,3,1.2950909824904109
13,4,0.9666247865496779
13,5,0.613768576899506
13,6,1.3750841814419708
13,7,1.262960552235999
13,8,0.695939013277063
13,9,0.8392693502814783
13,10,0.25019770601769376
13,11,0.3915152468024663
13,12,0.3480837002055447
13,13,0.0
13,14,0.19113511183162887
13,15,0.7528039992926449
13,16,1.229756148611537
13,17,1.2495971126556582
13,18,0.9377978745086072
13,19,0.6037266154913156
13,20,1.2357012595463908
13,21,1.5597208325769454
13,22,0.6593998290555327
13,23,0.40734004633882076
13,24,0.6087295545149044
13,25,0.7056133705896699
13,26,1.0862018706417527
13,27,0.747863132263439
13,28,1.5097862210312794
13,29,1.25502568448776
13,30,0.39667719438291377
13,31,0.5091502228195338
13,32,0.8306562782805469
13,33,0.8524300688831189
13,34,0.8249926549702317
13,35,0.7266190394677725
13,36,0.4384170641853905
13,37,0.8171014108114008
13,38,0.9003420842701463
13,39,0.9452454486006953
13,40,1.234446139965113
13,41,1.6028289631187413
13,42,0.16810625182512706
13,43,0.3382612362277466
13,44,0.41148740370652537
13,45,0.8855190837609409
13,46,0.4652879250942772
13,47,0.6710803048794434
13,48,0.8847651705063574
13,49,1.003131676690879
14,0,1.234470679870707
14,1,1.1592986270387275
14,2,1.6080376554662914
14,3,1.3731264316211174
14,4,1.1576499640167113
14,5,0.7853242396058712
14,6,1.5140528650486214
14,7,1.4496655215039966
14,8,0.8858506298026796
14,9,1.025453584828669
14,10,0.24619743656393164
14,11,0.4104963542181409
14,12,0.5138180064845322
14,13,0.19113511183162887
14,14,0.0
14,15,0.5697538106413277
14,16,1.0718733282101969
14,17,1.1133259705431522
14,18,0.7836960159083866
14,19,0.5171181490407761
14,20,1.3051109667376606
14,21,1.637283231638098
14,22,0.8097061442344944
14,23,0.5696717063113212
14,24,0.6153129776421599
14,25,0.8126382204436634
14,26,1.1458894417510845
14,27,0.7960115213253021
14,28,1.593029247336431
14,29,1.3505277393024198
14,30,0.5726535876971159
14,31,0.6908806083569774
14,32,0.9966640942882432
14,33,1.0202658070921435
14,34,1.002134798870165
14,35,0.9109857349037657
14,36,0.6283626313527386
14,37,0.9487082430524962
14,38,1.0446726981539716
14,39,1.098256149487023
14,40,1.2665227243888266
14,41,1.6568015309125408
14,42,0.15832817259555126
14,43,0.41711822298705276
14,44,0.40716718733774393
14,45,0.8284256034231428
14,46,0.5065326952117084
14,47,0.7643937065522342
14,48,0.9786943488326266
14,49,1.0684364175124768
15,0,1.67594876152124
15,1,1.6368435141227011
15,2,2.077727136251666
15,3,1.831964025929684
15,4,1.7095935840826586
15,5,1.3544273122301216
15,6,2.054751363429433
15,7,2.015656014084517
15,8,1.422629363516049
15,9,1.5416645528853319
15,10,0.6294294106982492
15,11,0.7019909184812576
15,12,1.0072047918678717
15,13,0.7528039992926449
15,14,0.5697538106413277
15,15,0.0
15,16,0.5572487582024234
15,17,0.670826794806326
15,18,0.3234916203206185
15,19,0.4861183838482183
15,20,1.477267602359506
15,21,1.8045588297906714
15,22,1.2388808259034627
15,23,1.0501835959847714
15,24,0.7753381392473695
15,25,1.1445247886884378
15,26,1.3105089870244484
15,27,0.9954804447595303
15,28,1.7795495616060133
15,29,1.5898129160888803
15,30,1.079536451731442
15,31,1.2038067869824118
15,32,1.4507134140810638
15,33,1.4780910480277125
15,34,1.4878661297532843
15,35,1.4233530732526036
15,36,1.170599993387375
15,37,1.3196723283579836
15,38,1.4386006627244574
15,39,1.5111738862096513
15,40,1.6492489205090597
15,41,2.062783432735197
15,42,0.7023178525288626
15,43,0.945685173358035
15,44,0.8562016748472268
15,45,1.0697817201973336
15,46,0.9858637001404859
15,47,1.2737092097182323
15,48,1.4770395699111607
15,49,1.521371149890316
16,0,2.232450094062341
16,1,2.189130240242911
16,2,2.6323604510401584
16,3,2.3873819059353045
16,4,2.1246466207960353
16,5,1.8433097214975387
16,6,2.584598321759381
16,7,2.460461927134205
16,8,1.823791783154675
16,9,1.9094044059759556
16,10,1.0334430393601803
16,11,1.0236920820564956
16,12,1.394540859858588
16,13,1.229756148611537
16,14,1.0718733282101969
16,15,0.5572487582024234
16,16,0.0
16,17,0.2094797339659705
16,18,0.29249741121781087
16,19,0.7135017103911723
16,20,1.509472990180523
16,21,1.793515708111198
16,22,1.5408109420336857
16,23,1.4210518615751555
16,24,0.9725878012147691
16,25,1.3758324733507725
16,26,1.3622226607669192
16,27,1.1489627795242756
16,28,1.7897664692753845
16,29,1.6716066572846464
16,30,1.470915391455412
16,31,1.5899555445008524
16,32,1.7551141588054047
16,33,1.7841163819125978
16,34,1.8229916549692555
16,35,1.793189993240271
16,36,1.5931280094848859
16,37,1.5585371834627433
16,38,1.684981529507055
16,39,1.768907131074058
16,40,2.205499774916204
16,41,2.6195451354394512
16,42,1.2222750755667076
16,43,1.477531987045601
16,44,1.4059548011961178
16,45,1.6160179248628228
16,46,1.5328440778275618
16,47,1.8161557705473945
16,48,2.024026650305957
16,49,2.0765695666409765
17,0,2.317764605511418
17,1,2.261172496017969
17,2,2.7086183145806584
17,3,2.467237187074768
17,4,2.0897332164687494
17,5,1.8550731108979759
17,6,2.6225105083311577
17,7,2.4373567765975466
17,8,1.7872072262536294
17,9,1.8557477475705315
17,10,1.0280445317953841
17,11,0.9849936629222066
17,12,1.363315540223878
17,13,1.2495971126556582
17,14,1.1133259705431522
17,15,0.670826794806326
17,16,0.2094797339659705
17,17,0.0
17,18,0.35242721666956434
17,19,0.6763120452624146
17,20,1.3509781397514804
17,21,1.6195810158869135
17,22,1.468849952825277
17,23,1.3815634714990095
17,24,0.8913781435596673
17,25,1.283336421543081
17,26,1.2129250286294557
17,27,1.0401968687793421
17,28,1.6207654093046053
17,29,1.5229959779536795
17,30,1.4388639332783515
17,31,1.551925889662419
17,32,1.6783700679679183
17,33,1.7073483674190264
17,34,1.7571080067721951
17,35,1.742825017042081
17,36,1.5723189670115927
17,37,1.4625218363573949
17,38,1.5882193251065968
17,39,1.6742507826449786
17,40,2.3085868638504725
17,41,2.7188453636741827
17,42,1.2700585769224007
17,43,1.5292597977072493
17,44,1.4803132889973911
17,45,1.7402180350248415
17,46,1.6011417056958306
17,47,1.874863283951791
17,48,2.087331568641135
17,49,2.1571005920358006
18,0,1.9689502286453662
18,1,1.9169013951490412
18,2,2.3630397578763724
18,3,2.1202170224551957
18,4,1.8372377527044417
18,5,1.551122229278382
18,6,2.297720980037832
18,7,2.169977910879365
18,8,1.537530363447292
18,9,1.6293485765133753
18,10,0.7424062564712691
18,11,0.7433026091969845
18,12,1.1081172404179387
18,13,0.9377978745086072
18,14,0.7836960159083866
18,15,0.3234916203206185
18,16,0.29249741121781087
18,17,0.35242721666956434
18,18,0.0
18,19,0.4402426634465721
18,20,1.3376488867533696
18,21,1.6460344488501057
18,22,1.2728444288509526
18,23,1.1373877281524136
18,24,0.7217415672124726
18,25,1.1252196688406284
18,26,1.1787854422382051
18,27,0.9190305844440319
18,28,1.6321880798622233
18,29,1.4806604757198811
18,30,1.1844135098234725
18,31,1.304946026900674
18,32,1.4885493143792994
18,33,1.517367898474182
18,34,1.5494348757146503
18,35,1.5121471362612724
18,36,1.3033111699332391
18,37,1.3084031846208182
18,38,1.4340792992400984
18,39,1.5154477510261746
18,40,1.9564706330673642
18,41,2.3672740824091956
18,42,0.9366799545714749
18,43,1.1941167948349962
18,44,1.1340160580761034
18,45,1.3896139786868513
18,46,1.2575545101828076
18,47,1.5364062704347874
18,48,1.7468078008232122
18,49,1.809605549858354
19,0,1.749644633736752
19,1,1.6675332184089646
19,2,2.1150898306699757
19,3,1.8845770938772755
19,4,1.4175227201536125
19,5,1.1891597617208254
19,6,1.9740896707775812
19,7,1.7618069629423927
19,8,1.115344571188566
19,9,1.195998479958235
19,10,0.36218803096972696
19,11,0.31187797343927454
19,12,0.6884504212157623
19,13,0.6037266154913156
19,14,0.5171181490407761
19,15,0.4861183838482183
19,16,0.7135017103911723
19,17,0.6763120452624146
19,18,0.4402426634465721
19,19,0.0
19,20,0.9924867130139955
19,21,1.3221190469545716
19,22,0.8326567361829664
19,23,0.7103710434834506
19,24,0.29690722781838363
19,25,0.6916536623938991
19,26,0.8252984671171933
19,27,0.5129036162656526
19,28,1.2950150545860128
19,29,1.1044051084063908
19,30,0.7644417265732252
19,31,0.880344866419424
19,32,1.048318179718712
19,33,1.077147320328415
19,34,1.1109297866676104
19,35,1.080073015838574
19,36,0.8960271863257251
19,37,0.8738463630900946
19,38,0.9984727215903476
19,39,1.0782860915245605
19,40,1.782798822774635
19,41,2.173732585064147
19,42,0.6709707856491022
19,43,0.9212664820954161
19,44,0.9231991692389457
19,45,1.3050130938511455
19,46,1.02248351514477
19,47,1.266563739252502
19,48,1.4816404596395483
19,49,1.5829235436827647
20,0,2.3109688224755325
20,1,2.1782622531178406
20,2,2.5748408539138783
20,3,2.3964759378470286
20,4,1.356181601584038
20,5,1.4951387429680068
20,6,2.248395254497046
20,7,1.7047416530168014
20,8,1.138814283144519
20,9,1.0684960518513316
20,10,1.059553823287207
20,11,0.8978900582559866
20,12,0.974947122916055
20,13,1.2357012595463908
20,14,1.3051109667376606
20,15,1.477267602359506
20,16,1.509472990180523
20,17,1.3509781397514804
20,18,1.3376488867533696
20,19,0.9924867130139955
20,20,0.0
20,21,0.33525142817695486
20,22,0.7396130329057009
20,23,0.9285799786364551
20,24,0.7251182722220649
20,25,0.5575479687612662
20,26,0.16763448507013698
20,27,0.5137826778075809
20,28,0.302564588301909
20,29,0.19736780395584733
20,30,0.9949849686362144
20,31,1.0027461552004602
20,32,0.8019866759260597
20,33,0.8184606475448479
20,34,0.9233119230304366
20,35,1.020131623357364
20,36,1.123961205432531
20,37,0.5632144148729892
20,38,0.610302085782658
20,39,0.6729184552164351
20,40,2.4225471483784786
20,41,2.741098744970241
20,42,1.3939778854106537
20,43,1.5437081514966453
20,44,1.646903975318218
20,45,2.118227793169132
20,46,1.6836902658278727
20,47,1.8045395993378321
20,48,1.9874921451949896
20,49,2.152294239917609
21,0,2.5999787094523246
21,1,2.4608400326558084
21,2,2.840051070406738
21,3,2.675067282366217
21,4,1.550152854884537
21,5,1.7639815979815954
21,6,2.480623537073838
21,7,1.874100194093059
21,8,1.3764835231388646
21,9,1.2752784719556347
21,10,1.3924193928209168
21,11,1.2318166141457
21,12,1.2789433589357844
21,13,1.5597208325769454
21,14,1.637283231638098
21,15,1.8045588297906714
21,16,1.793515708111198
21,17,1.6195810158869135
21,18,1.6460344488501057
21,19,1.3221190469545716
21,20,0.33525142817695486
21,21,0.0
21,22,1.0109427153263715
21,23,1.2279095291836057
21,24,1.0599625872305483
21,25,0.8638415167948347
21,26,0.5017053687778459
21,27,0.848813119267927
21,28,0.06988563156297324
21,29,0.3329045124693968
21,30,1.2888994827945037
21,31,1.2772131918563898
21,32,1.0183367967373833
21,33,1.0274048556478617
21,34,1.134500782890102
21,35,1.2518146531928553
21,36,1.4049026848277752
21,37,0.8228483106801803
21,38,0.828307798906666
21,39,0.8654104293545773
21,40,2.7230728656059844
21,41,3.0249918238719093
21,42,1.720859633737107
21,43,1.857770547812463
21,44,1.9694159902631534
21,45,2.4446494088029773
21,46,1.9989440020022597
21,47,2.10043862344614
21,48,2.2735328472418996
21,49,2.4454663936227012
22,0,1.5895426297027875
22,1,1.449949848697482
22,2,1.836724445564412
22,3,1.6649311104253195
22,4,0.6856374777571911
22,5,0.7570886782696999
22,6,1.5150986975926324
22,7,1.051272727851628
22,8,0.41690352327968494
22,9,0.40859962063344846
22,10,0.6232906629837754
22,11,0.5414224095784917
22,12,0.31540317376817406
22,13,0.6593998290555327
22,14,0.8097061442344944
22,15,1.2388808259034627
22,16,1.5408109420336857
22,17,1.468849952825277
22,18,1.2728444288509526
22,19,0.8326567361829664
22,20,0.7396130329057009
22,21,1.0109427153263715
22,22,0.0
22,23,0.25553355224250546
22,24,0.5775356434358095
22,25,0.2314561467718157
22,26,0.6482653717195968
22,27,0.4813872957491062
22,28,0.9490573886871797
22,29,0.6795113252362294
22,30,0.2953056137603557
22,31,0.266470275974312
22,32,0.21590239446726694
22,33,0.2445979012233966
22,34,0.29015097012058805
22,35,0.31690193389988736
22,36,0.39432256003789506
22,37,0.18904612813864585
22,38,0.24213179174251961
22,39,0.288550657484989
22,40,1.7188389382286455
22,41,2.0140985580602218
22,42,0.8259293856380927
22,43,0.8891721465451571
22,44,1.0311310669594775
22,45,1.5130110474686969
22,46,1.0300114809090417
22,47,1.0945513886323517
22,48,1.2627596277630886
22,49,1.4367155462538732
23,0,1.3828462232753767
23,1,1.2531446262007127
23,2,1.663404098305807
23,3,1.4733441431690917
23,4,0.7081832416352994
23,5,0.5976680739166594
23,6,1.3955502975047567
23,7,1.059419427324166
23,8,0.4056621511175744
23,9,0.4952057481018752
23,10,0.4207620519979762
23,11,0.3984934525587871
23,12,0.05997849395415131
23,13,0.40734004633882076
23,14,0.5696717063113212
23,15,1.0501835959847714
23,16,1.4210518615751555
23,17,1.3815634714990095
23,18,1.1373877281524136
23,19,0.7103710434834506
23,20,0.9285799786364551
23,21,1.2279095291836057
23,22,0.25553355224250546
23,23,0.0
23,24,0.5276928111136845
23,25,0.3711904628072367
23,26,0.8061672731045118
23,27,0.5358305773115692
23,28,1.1704075137092584
23,29,0.9039151840274764
23,30,0.07437783381799812
23,31,0.17036747505914324
23,32,0.42704448161312347
23,33,0.45063457907213245
23,34,0.44073415399236365
23,35,0.37687874142563643
23,36,0.22599867052436698
23,37,0.429437006510981
23,38,0.4976540431864525
23,39,0.5382516622629073
23,40,1.4961528741707064
23,41,1.814252185621569
23,42,0.5721787016044048
23,43,0.640483404352425
23,44,0.7768231445898858
23,45,1.2592342283427278
23,46,0.7821649620019867
23,47,0.8760848338514248
23,48,1.0609462026308925
23,49,1.2237142779047057
24,0,1.7753237100901151
24,1,1.6704400586443375
24,2,2.1071913438900864
24,3,1.8927429047472948
24,4,1.2215278466892014
24,5,1.0934937639737128
24,6,1.8971998249311919
24,7,1.5807064755617695
24,8,0.9222426127305782
24,9,0.9708518438541252
24,10,0.3760635118126056
24,11,0.21743796083156344
24,12,0.529353799743059
24,13,0.6087295545149044
24,14,0.6153129776421599
24,15,0.7753381392473695
24,16,0.9725878012147691
24,17,0.8913781435596673
24,18,0.7217415672124726
24,19,0.29690722781838363
24,20,0.7251182722220649
24,21,1.0599625872305483
24,22,0.5775356434358095
24,23,0.5276928111136845
24,24,0.0
24,25,0.4044660732275265
24,26,0.5582852391334532
24,27,0.22105724007829647
24,28,1.0257484339309082
24,29,0.8175990266462159
24,30,0.5967079290360565
24,31,0.691935482030616
24,32,0.7876187279059487
24,33,0.8166385604996809
24,34,0.866443883345864
24,35,0.8618356310672146
24,36,0.7462249756291882
24,37,0.5877296336778792
24,38,0.7139162612035085
24,39,0.7968757616973792
24,40,1.842992950825181
24,41,2.209040202022641
24,42,0.7368828998084885
24,43,0.9466446541624219
24,44,1.0025273820412495
24,45,1.4437355360698536
24,46,1.07262690732882
24,47,1.2684615229720413
24,48,1.477381092450697
24,49,1.6082661462771313
25,0,1.753989609112068
25,1,1.6231415265723168
25,2,2.027439066182913
25,3,1.8425513208821698
25,4,0.9167418452407037
25,5,0.9513443918156964
25,6,1.730443114177002
25,7,1.2822516764521543
25,8,0.6454791714671876
25,9,0.6363940518208918
25,10,0.5840426571389088
25,11,0.4520071612630987
25,12,0.41780322531957537
25,13,0.7056133705896699
25,14,0.8126382204436634
25,15,1.1445247886884378
25,16,1.3758324733507725
25,17,1.283336421543081
25,18,1.1252196688406284
25,19,0.6916536623938991
25,20,0.5575479687612662
25,21,0.8638415167948347
25,22,0.2314561467718157
25,23,0.3711904628072367
25,24,0.4044660732275265
25,25,0.0
25,26,0.4391021675655623
25,27,0.258741445033269
25,28,0.8096932095781176
25,29,0.5500191352123779
25,30,0.4390145699089525
25,31,0.4638127245247309
25,32,0.4073190791887345
25,33,0.43530773005316115
25,34,0.5076203201300762
25,35,0.548345336350051
25,36,0.5751600974945608
25,37,0.18328777281845546
25,38,0.3094697660891469
25,39,0.39313602300665873
25,40,1.8655452328787732
25,41,2.185018191225458
25,42,0.8715102569224387
25,43,0.9939647922941365
25,44,1.1103362055728938
25,45,1.5899494109982883
25,46,1.135244705210851
25,47,1.2469969441268436
25,48,1.43150094339151
25,49,1.5948333560840686
26,0,2.1868635460923596
26,1,2.0592278070773746
26,2,2.466431006398037
26,3,2.279502450548195
26,4,1.3043011268628477
26,5,1.390210105381229
26,6,2.1629272687909418
26,7,1.6627229377968253
26,8,1.0618545745003258
26,9,1.014864420521707
26,10,0.8997685677849724
26,11,0.7366150563237727
26,12,0.8473849498955597
26,13,1.0862018706417527
26,14,1.1458894417510845
26,15,1.3105089870244484
26,16,1.3622226607669192
26,17,1.2129250286294557
26,18,1.1787854422382051
26,19,0.8252984671171933
26,20,0.16763448507013698
26,21,0.5017053687778459
26,22,0.6482653717195968
26,23,0.8061672731045118
26,24,0.5582852391334532
26,25,0.4391021675655623
26,26,0.0
26,27,0.35069383309971325
26,28,0.4700703284182579
26,29,0.3102097820436724
26,30,0.8763476661517552
26,31,0.9005859402943346
26,32,0.7518218237406398
26,33,0.7728140664917874
26,34,0.8714892045532111
26,35,0.9504712685406717
26,36,1.0142534607233882
26,37,0.4934943951729131
26,38,0.5716831540088071
26,39,0.6479779927505778
26,40,2.2896779109936025
26,41,2.6195018711469564
26,42,1.2409010444540678
26,43,1.4024880732389953
26,44,1.497613555021976
26,45,1.9644083599286548
26,46,1.540919237321396
26,47,1.677143299968849
26,48,1.8667127516295259
26,49,2.0256348882130735
27,0,1.8826221781921713
27,1,1.7647398045882807
27,2,2.1881611482185774
27,3,1.9871201744026887
27,4,1.1643668770109208
27,5,1.1329979202626401
27,6,1.9309193418712958
27,7,1.529873161989836
27,8,0.8806780509659223
27,9,0.8899340272487413
27,10,0.5498156204277707
27,11,0.3860890417139204
27,12,0.5613491399400319
27,13,0.747863132263439
27,14,0.7960115213253021
27,15,0.9954804447595303
27,16,1.1489627795242756
27,17,1.0401968687793421
27,18,0.9190305844440319
27,19,0.5129036162656526
27,20,0.5137826778075809
27,21,0.848813119267927
27,22,0.4813872957491062
27,23,0.5358305773115692
27,24,0.22105724007829647
27,25,0.258741445033269
27,26,0.35069383309971325
27,27,0.0
27,28,0.810828410338772
27,29,0.5966161787596044
27,30,0.6102044880096237
27,31,0.6726818960466809
27,32,0.6659872615294019
27,33,0.6938559949234254
27,34,0.7651288792669486
27,35,0.7949474760261235
27,36,0.7608532447436185
27,37,0.4265324768451177
27,38,0.550359445752377
27,39,0.6372268761334057
27,40,1.9704979449615492
27,41,2.31737636356357
27,42,0.8966724043316616
27,43,1.0748409643189187
27,44,1.1572793995666206
27,45,1.6180065268631652
27,46,1.20981372880364
27,47,1.3710022884544655
27,48,1.5707172808531253
27,49,1.7180052143911493
28,0,2.538584001631272
28,1,2.3983889042919073
28,2,2.7749634343137446
28,3,2.6118666641257144
28,4,1.4808556848704661
28,5,1.7000669469739584
28,6,2.412693817746808
28,7,1.8042416490312998
28,8,1.3098109856434572
28,9,1.206744701101183
28,10,1.349267812218233
28,11,1.1904076106340629
28,12,1.2224541363967258
28,13,1.5097862210312794
28,14,1.593029247336431
28,15,1.7795495616060133
28,16,1.7897664692753845
28,17,1.6207654093046053
28,18,1.6321880798622233
28,19,1.2950150545860128
28,20,0.302564588301909
28,21,0.06988563156297324
28,22,0.9490573886871797
28,23,1.1704075137092584
28,24,1.0257484339309082
28,25,0.8096932095781176
28,26,0.4700703284182579
28,27,0.810828410338772
28,28,0.0
28,29,0.26957134177407865
28,30,1.2300265797824375
28,31,1.2149161061930724
28,32,0.9508516694480095
28,33,0.9594379673080116
28,34,1.066426504411431
28,35,1.184880819928565
28,36,1.3433377211303523
28,37,0.760399714370437
28,38,0.7616662171678281
28,39,0.797033954859062
28,40,2.664057830812828
28,41,2.9624948380211036
28,42,1.6723209950035578
28,43,1.8032939320406594
28,44,1.9182495695740092
28,45,2.3952516965083612
28,46,1.944742498482381
28,47,2.0407763006528525
28,48,2.2117970715531947
28,49,2.3849761742231856
29,0,2.2690521620178536
29,1,2.1288587990529906
29,2,2.5072341665595017
29,3,2.342557800630571
29,4,1.2317228861063003
29,5,1.4311475394297195
29,6,2.1523796294481654
29,7,1.5672729079228338
29,8,1.04547683714392
29,9,0.9511513467757653
29,10,1.1109122115275114
29,11,0.9581241931220262
29,12,0.9571662945585468
29,13,1.25502568448776
29,14,1.3505277393024198
29,15,1.5898129160888803
29,16,1.6716066572846464
29,17,1.5229959779536795
29,18,1.4806604757198811
29,19,1.1044051084063908
29,20,0.19736780395584733
29,21,0.3329045124693968
29,22,0.6795113252362294
29,23,0.9039151840274764
29,24,0.8175990266462159
29,25,0.5500191352123779
29,26,0.3102097820436724
29,27,0.5966161787596044
29,28,0.26957134177407865
29,29,0.0
29,30,0.9620350139502652
29,31,0.94534947726398
29,32,0.6899819571901503
29,33,0.7009928959209973
29,34,0.8082539988414145
29,35,0.9214624088100078
29,36,1.0738133979348714
29,37,0.4908298625246667
29,38,0.4980045542765929
29,39,0.5421626064746352
29,40,2.395539006965915
29,41,2.692978098131843
29,42,1.4199332452811682
29,43,1.5400606526996716
29,44,1.6602718089092097
29,45,2.1398911863916523
29,46,1.6817751077885978
29,47,1.7719256631365163
29,48,1.9422325970264704
29,49,2.115690869214678
30,0,1.3160815870506903
30,1,1.1841350292107298
30,2,1.5913488202996566
30,3,1.4036180750664842
30,4,0.6538900309783209
30,5,0.5235012114843556
30,6,1.321228783607231
30,7,0.998841772313441
30,8,0.3531184381752458
30,9,0.4626207396173327
30,10,0.4535178024099911
30,11,0.45387028924553535
30,12,0.07637456042098272
30,13,0.39667719438291377
30,14,0.5726535876971159
30,15,1.079536451731442
30,16,1.470915391455412
30,17,1.4388639332783515
30,18,1.1844135098234725
30,19,0.7644417265732252
30,20,0.9949849686362144
30,21,1.2888994827945037
30,22,0.2953056137603557
30,23,0.07437783381799812
30,24,0.5967079290360565
30,25,0.4390145699089525
30,26,0.8763476661517552
30,27,0.6102044880096237
30,28,1.2300265797824375
30,29,0.9620350139502652
30,30,0.0
30,31,0.12427949819515653
30,32,0.436811214250423
30,33,0.45725561800535364
30,34,0.4296898141917439
30,35,0.3448052214447717
30,36,0.15217232097133337
30,37,0.4791661931963136
30,38,0.5335212649231987
30,39,0.5640130818724113
30,40,1.4341937920054493
30,41,1.7462859596844797
30,42,0.5545281243301355
30,43,0.5941082067203088
30,44,0.7401135650412634
30,45,1.2204434324244298
30,46,0.7347567045685257
30,47,0.811927685639923
30,48,0.992688323643066
30,49,1.1584234404843017
31,0,1.3242012485537344
31,1,1.183628928165289
31,2,1.5721144659408464
31,3,1.398468847102819
31,4,0.53781580343994
31,5,0.49240271089990706
31,6,1.2674482317114604
31,7,0.8904661518246199
31,8,0.23529571957046483
31,9,0.3387335430605154
31,10,0.5774794774793307
31,11,0.5685272518940699
31,12,0.19849522459762964
31,13,0.5091502228195338
31,14,0.6908806083569774
31,15,1.2038067869824118
31,16,1.5899555445008524
31,17,1.551925889662419
31,18,1.304946026900674
31,19,0.880344866419424
31,20,1.0027461552004602
31,21,1.2772131918563898
31,22,0.266470275974312
31,23,0.17036747505914324
31,24,0.691935482030616
31,25,0.4638127245247309
31,26,0.9005859402943346
31,27,0.6726818960466809
31,28,1.2149161061930724
31,29,0.94534947726398
31,30,0.12427949819515653
31,31,0.0
31,32,0.34777674854058854
31,33,0.3634372200474473
31,34,0.31804594230110506
31,35,0.22149081741403823
31,36,0.1314374519222928
31,37,0.4545229732415465
31,38,0.4797971845262034
31,39,0.4927498688914932
31,40,1.457958282603804
31,41,1.747779755349113
31,42,0.6593182260759973
31,43,0.6622598337468458
31,44,0.8210769120079302
