source_id,target_id,rtt
0,0,0.0
0,1,0.9007591000475216
0,2,0.6435877287472855
0,3,0.27786891131584607
0,4,1.8039878766037072
0,5,1.8222239065567687
0,6,1.1402210274490359
0,7,1.233171085166208
0,8,0.9564549252720671
0,9,1.8159291265940567
0,10,52.600854023129
0,11,52.600854023129
0,13,52.600854023129
0,14,52.600854023129
0,15,52.600854023129
0,16,52.600854023129
0,17,52.600854023129
0,18,52.600854023129
0,19,52.600854023129
0,21,52.600854023129
0,22,0.26951526670205933
0,23,1.233171085166208
0,24,0.8360028400774905
0,25,0.7816860726519784
0,26,0.47224144981457206
0,27,2.0479778019542727
0,28,1.8550711692976893
0,29,1.3538580470880515
0,30,1.6042769977193387
0,31,1.233171085166208
0,32,0.9132758670250875
0,33,0.37086048317407316
0,35,0.5088115054085618
0,36,1.020515511746982
0,37,0.5088115054085618
0,38,0.3899801342159991
0,39,1.157013468179275
0,40,1.2020227872708378
0,41,1.4389838237675916
1,0,0.9007591000475216
1,1,0.0
1,2,0.275909072610644
1,3,0.6864889500251145
1,4,1.213574016586375
1,5,1.3642283789742384
1,6,0.48373796469640357
1,7,0.7659691211036861
1,8,0.42200708642439777
1,9,1.6799371040847901
1,10,53.485698071041355
1,11,53.485698071041355
1,13,53.485698071041355
1,14,53.485698071041355
1,15,53.485698071041355
1,16,53.485698071041355
1,17,53.485698071041355
1,18,53.485698071041355
1,19,53.485698071041355
1,21,53.485698071041355
1,22,0.7962566907411162
1,23,0.7659691211036861
1,24,1.4179658544738127
1,25,1.6658392019277755
1,26,0.42943236707393634
1,27,1.9088090398159432
1,28,1.5419516744758532
1,29,1.012245970606418
1,30,1.9833323047836227
1,31,0.7659691211036861
1,32,0.8205846945377108
1,33,0.5327987787920263
1,35,1.3631154862918786
1,36,1.861076079178811
1,37,1.3631154862918786
1,38,1.1193842797726774
1,39,0.6927894498580585
1,40,0.7884844160314554
1,41,0.8874747734024447
2,0,0.6435877287472855
2,1,0.275909072610644
2,2,0.0
2,3,0.47084319969312594
2,4,1.419590499202508
2,5,1.5323620784924992
2,6,0.6800161055151691
2,7,0.9095271334959847
2,8,0.5506823200077134
2,9,1.7555200647550022
2,10,53.243365447406774
2,11,53.243365447406774
2,13,53.243365447406774
2,14,53.243365447406774
2,15,53.243365447406774
2,16,53.243365447406774
2,17,53.243365447406774
2,18,53.243365447406774
2,19,53.243365447406774
2,21,53.243365447406774
2,22,0.5204022198404239
2,23,0.9095271334959847
2,24,1.2651019400034018
2,25,1.4212741914405203
2,26,0.1963960172651758
2,27,1.9911264770051142
2,28,1.669207905085231
2,29,1.1271850193543076
2,30,1.9084177807872538
2,31,0.9095271334959847
2,32,0.8270130903371053
2,33,0.2732710227699451
2,35,1.0896297786477416
2,36,1.5854660647034304
2,37,1.0896297786477416
2,38,0.8435039232686236
2,39,0.8286252593242459
2,40,0.9133514243129024
2,41,1.0697136578952913
3,0,0.27786891131584607
3,1,0.6864889500251145
3,2,0.47084319969312594
3,3,0.0
3,4,1.5267493679303425
3,5,1.5523694407080488
3,6,0.8674691675635194
3,7,0.9565055336342874
3,8,0.6819094714385262
3,9,1.5910614465603303
3,10,52.79972025673269
3,11,52.79972025673269
3,13,52.79972025673269
3,14,52.79972025673269
3,15,52.79972025673269
3,16,52.79972025673269
3,17,52.79972025673269
3,18,52.79972025673269
3,19,52.79972025673269
3,21,52.79972025673269
3,22,0.39557787340181116
3,23,0.9565055336342874
3,24,0.8141071621793103
3,25,0.9845490819629692
3,26,0.27462149817027615
3,27,1.8267452789579408
3,28,1.6015616818414093
3,29,1.0876285862754222
3,30,1.5193920089086688
3,31,0.9565055336342874
3,32,0.6596543055692021
3,33,0.23376797679468342
3,35,0.7864682567594433
3,36,1.2976473162441142
3,37,0.7864682567594433
3,38,0.6425130137505876
3,39,0.8797243783598335
3,40,0.9272139835687253
3,41,1.1614646645962345
4,0,1.8039878766037072
4,1,1.213574016586375
4,2,1.419590499202508
4,3,1.5267493679303425
4,4,0.0
4,5,0.2901031801198858
4,6,0.7404472544367786
4,7,0.5715947148313387
4,8,0.8843331273704849
4,9,0.9296882225096739
4,10,53.82223735673147
4,11,53.82223735673147
4,13,53.82223735673147
4,14,53.82223735673147
4,15,53.82223735673147
4,16,53.82223735673147
4,17,53.82223735673147
4,18,53.82223735673147
4,19,53.82223735673147
4,21,53.82223735673147
4,22,1.8520624774911814
4,23,0.5715947148313387
4,24,1.7428540232081693
4,25,2.3565979786214024
4,26,1.4405302152752721
4,27,1.0640539247050445
4,28,0.5995921599128926
4,29,0.5454773978481405
4,30,1.8105736874189335
4,31,0.5715947148313387
4,32,0.9656533982901487
4,33,1.5513428064726948
4,35,2.310374601272509
4,36,2.8177348128913797
4,37,2.310374601272509
4,38,2.1545331490657635
4,39,0.6470257734794133
4,40,0.6103189235161272
4,41,0.3660175113971507
5,0,1.8222239065567687
5,1,1.3642283789742384
5,2,1.5323620784924992
5,3,1.5523694407080488
5,4,0.2901031801198858
5,5,0.0
5,6,0.8808227290752946
5,7,0.6252028288377803
5,8,0.9816895809521438
5,9,0.6505972815281815
5,10,53.607471288924216
5,11,53.607471288924216
5,13,53.607471288924216
5,14,53.607471288924216
5,15,53.607471288924216
5,16,53.607471288924216
5,17,53.607471288924216
5,18,53.607471288924216
5,19,53.607471288924216
5,21,53.607471288924216
5,22,1.9108813768403086
5,23,0.6252028288377803
5,24,1.6260578054388157
5,25,2.2916531081366864
5,26,1.5168318066430264
5,27,0.7741658064740907
5,28,0.31058844264340196
5,29,0.4720751447886391
5,30,1.5861304023694098
5,31,0.6252028288377803
5,32,0.9246789334029804
5,33,1.6189852098541961
5,35,2.3165318330074913
5,36,2.812575079476581
5,37,2.3165318330074913
5,38,2.1938477140664294
5,39,0.7071973099114666
5,40,0.6348072503584503
5,41,0.4781047800348675
6,0,1.1402210274490359
6,1,0.48373796469640357
6,2,0.6800161055151691
6,3,0.8674691675635194
6,4,0.7404472544367786
6,5,0.8808227290752946
6,6,0.0
6,7,0.30914620307216717
6,8,0.1877439462606934
6,9,1.2506739218443217
6,10,53.54023530775713
6,11,53.54023530775713
6,13,53.54023530775713
6,14,53.54023530775713
6,15,53.54023530775713
6,16,53.54023530775713
6,17,53.54023530775713
6,18,53.54023530775713
6,19,53.54023530775713
6,21,53.54023530775713
6,22,1.1389907139308808
6,23,0.30914620307216717
6,24,1.3595242532229803
6,25,1.8096498525255706
6,26,0.7217776630260466
6,27,1.4688251472493763
6,28,1.0729620086417313
6,29,0.5679524462689575
6,30,1.7467132934414789
6,31,0.30914620307216717
6,32,0.5725032013014341
6,33,0.8373411734225855
6,35,1.6465527944078653
6,36,2.1587832328079655
6,37,1.6465527944078653
6,38,1.4546372180791989
6,39,0.25690844054473766
6,40,0.352646341236321
6,41,0.4037411689692022
7,0,1.233171085166208
7,1,0.7659691211036861
7,2,0.9095271334959847
7,3,0.9565055336342874
7,4,0.5715947148313387
7,5,0.6252028288377803
7,6,0.30914620307216717
7,7,0.0
7,8,0.3600314660872064
7,9,0.9416637365397401
7,10,53.4148230107459
7,11,53.4148230107459
7,13,53.4148230107459
7,14,53.4148230107459
7,15,53.4148230107459
7,16,53.4148230107459
7,17,53.4148230107459
7,18,53.4148230107459
7,19,53.4148230107459
7,21,53.4148230107459
7,22,1.2950076934652721
7,23,0.0
7,24,1.2468075044062648
7,25,1.8040654409931898
7,26,0.8936368939569735
7,27,1.1600491288613684
7,28,0.7759855740313119
7,29,0.2588849031977155
7,30,1.510239710960992
7,31,0.0
7,32,0.430026781762074
7,33,0.9986302303338892
7,35,1.738914458214233
7,36,2.2461686759758956
7,37,1.738914458214233
7,38,1.5894744092353996
7,39,0.08208099380748278
7,40,0.06661179740802874
7,41,0.21159509603787696
8,0,0.9564549252720671
8,1,0.42200708642439777
8,2,0.5506823200077134
8,3,0.6819094714385262
8,4,0.8843331273704849
8,5,0.9816895809521438
8,6,0.1877439462606934
8,7,0.3600314660872064
8,8,0.0
8,9,1.2579764711662422
8,10,53.36804605933602
8,11,53.36804605933602
8,13,53.36804605933602
8,14,53.36804605933602
8,15,53.36804605933602
8,16,53.36804605933602
8,17,53.36804605933602
8,18,53.36804605933602
8,19,53.36804605933602
8,21,53.36804605933602
8,22,0.9711010251433692
8,23,0.3600314660872064
8,24,1.1952884470448453
8,25,1.6228168820238
8,26,0.5567061953671947
8,27,1.486939297066138
8,28,1.1302805787511545
8,29,0.5936092283064005
8,30,1.6397443954408646
8,31,0.3600314660872064
8,32,0.4501387689654609
8,33,0.6691756611806959
8,35,1.4641516900225464
8,36,1.9763931025382866
8,37,1.4641516900225464
8,38,1.2812451713581612
8,39,0.2806189671527732
8,40,0.37160112737510026
8,41,0.5245595488194749
9,0,1.8159291265940567
9,1,1.6799371040847901
9,2,1.7555200647550022
9,3,1.5910614465603303
9,4,0.9296882225096739
9,5,0.6505972815281815
9,6,1.2506739218443217
9,7,0.9416637365397401
9,8,1.2579764711662422
9,9,0.0
9,10,53.01043056782192
9,11,53.01043056782192
9,13,53.01043056782192
9,14,53.01043056782192
9,15,53.01043056782192
9,16,53.01043056782192
9,17,53.01043056782192
9,18,53.01043056782192
9,19,53.01043056782192
9,21,53.01043056782192
9,22,1.9858378608729346
9,23,0.9416637365397401
9,24,1.3267142860132728
9,25,2.0626934117910345
9,26,1.6670165412914446
9,27,0.23746568251932465
9,28,0.352915601003369
9,29,0.6827789401022123
9,30,1.0230141511939055
9,31,0.9416637365397401
9,32,0.9489503788847823
9,33,1.7397250831139806
9,35,2.2471257503548046
9,36,2.694188730962872
9,37,2.2471257503548046
9,38,2.205840840783188
9,39,1.0001508228454863
9,40,0.9019862085881417
9,41,0.9359075074758533
10,0,52.600854023129
10,1,53.485698071041355
10,2,53.243365447406774
10,3,52.79972025673269
10,4,53.82223735673147
10,5,53.607471288924216
10,6,53.54023530775713
10,7,53.4148230107459
10,8,53.36804605933602
10,9,53.01043056782192
10,10,0.0
10,11,0.0
10,13,0.0
10,14,0.0
10,15,0.0
10,16,0.0
10,17,0.0
10,18,0.0
10,19,0.0
10,21,0.0
10,22,52.78093713596635
10,23,53.4148230107459
10,24,52.18336322960375
10,25,51.82254550065323
10,26,53.060481907824865
10,27,53.013860366535205
10,28,53.3544747704497
10,29,53.30280355271315
10,30,52.021351374421286
10,31,53.4148230107459
10,32,52.99688923071781
10,33,52.97010733028007
10,35,52.221182388928725
10,36,51.81849218986278
10,37,52.221182388928725
10,38,52.510953363113686
10,39,53.38611299610044
10,40,53.349773240315905
10,41,53.590763499680556
11,0,52.600854023129
11,1,53.485698071041355
11,2,53.243365447406774
11,3,52.79972025673269
11,4,53.82223735673147
11,5,53.607471288924216
11,6,53.54023530775713
11,7,53.4148230107459
11,8,53.36804605933602
11,9,53.01043056782192
11,10,0.0
11,11,0.0
11,13,0.0
11,14,0.0
11,15,0.0
11,16,0.0
11,17,0.0
11,18,0.0
11,19,0.0
11,21,0.0
11,22,52.78093713596635
11,23,53.4148230107459
11,24,52.18336322960375
11,25,51.82254550065323
11,26,53.060481907824865
11,27,53.013860366535205
11,28,53.3544747704497
11,29,53.30280355271315
11,30,52.021351374421286
11,31,53.4148230107459
11,32,52.99688923071781
11,33,52.97010733028007
11,35,52.221182388928725
11,36,51.81849218986278
11,37,52.221182388928725
11,38,52.510953363113686
11,39,53.38611299610044
11,40,53.349773240315905
11,41,53.590763499680556
13,0,52.600854023129
13,1,53.485698071041355
13,2,53.243365447406774
13,3,52.79972025673269
13,4,53.82223735673147
13,5,53.607471288924216
13,6,53.54023530775713
13,7,53.4148230107459
13,8,53.36804605933602
13,9,53.01043056782192
13,10,0.0
13,11,0.0
13,13,0.0
13,14,0.0
13,15,0.0
13,16,0.0
13,17,0.0
13,18,0.0
13,19,0.0
13,21,0.0
13,22,52.78093713596635
13,23,53.4148230107459
13,24,52.18336322960375
13,25,51.82254550065323
13,26,53.060481907824865
13,27,53.013860366535205
13,28,53.3544747704497
13,29,53.30280355271315
13,30,52.021351374421286
13,31,53.4148230107459
13,32,52.99688923071781
13,33,52.97010733028007
13,35,52.221182388928725
13,36,51.81849218986278
13,37,52.221182388928725
13,38,52.510953363113686
13,39,53.38611299610044
13,40,53.349773240315905
13,41,53.590763499680556
14,0,52.600854023129
14,1,53.485698071041355
14,2,53.243365447406774
14,3,52.79972025673269
14,4,53.82223735673147
14,5,53.607471288924216
14,6,53.54023530775713
14,7,53.4148230107459
14,8,53.36804605933602
14,9,53.01043056782192
14,10,0.0
14,11,0.0
14,13,0.0
14,14,0.0
14,15,0.0
14,16,0.0
14,17,0.0
14,18,0.0
14,19,0.0
14,21,0.0
14,22,52.78093713596635
14,23,53.4148230107459
14,24,52.18336322960375
14,25,51.82254550065323
14,26,53.060481907824865
14,27,53.013860366535205
14,28,53.3544747704497
14,29,53.30280355271315
14,30,52.021351374421286
14,31,53.4148230107459
14,32,52.99688923071781
14,33,52.97010733028007
14,35,52.221182388928725
14,36,51.81849218986278
14,37,52.221182388928725
14,38,52.510953363113686
14,39,53.38611299610044
14,40,53.349773240315905
14,41,53.590763499680556
15,0,52.600854023129
15,1,53.485698071041355
15,2,53.243365447406774
15,3,52.79972025673269
15,4,53.82223735673147
15,5,53.607471288924216
15,6,53.54023530775713
15,7,53.4148230107459
15,8,53.36804605933602
15,9,53.01043056782192
15,10,0.0
15,11,0.0
15,13,0.0
15,14,0.0
15,15,0.0
15,16,0.0
15,17,0.0
15,18,0.0
15,19,0.0
15,21,0.0
15,22,52.78093713596635
15,23,53.4148230107459
15,24,52.18336322960375
15,25,51.82254550065323
15,26,53.060481907824865
15,27,53.013860366535205
15,28,53.3544747704497
15,29,53.30280355271315
15,30,52.021351374421286
15,31,53.4148230107459
15,32,52.99688923071781
15,33,52.97010733028007
15,35,52.221182388928725
15,36,51.81849218986278
15,37,52.221182388928725
15,38,52.510953363113686
15,39,53.38611299610044
15,40,53.349773240315905
15,41,53.590763499680556
16,0,52.600854023129
16,1,53.485698071041355
16,2,53.243365447406774
16,3,52.79972025673269
16,4,53.82223735673147
16,5,53.607471288924216
16,6,53.54023530775713
16,7,53.4148230107459
16,8,53.36804605933602
16,9,53.01043056782192
16,10,0.0
16,11,0.0
16,13,0.0
16,14,0.0
16,15,0.0
16,16,0.0
16,17,0.0
16,18,0.0
16,19,0.0
16,21,0.0
16,22,52.78093713596635
16,23,53.4148230107459
16,24,52.18336322960375
16,25,51.82254550065323
16,26,53.060481907824865
16,27,53.013860366535205
16,28,53.3544747704497
16,29,53.30280355271315
16,30,52.021351374421286
16,31,53.4148230107459
16,32,52.99688923071781
16,33,52.97010733028007
16,35,52.221182388928725
16,36,51.81849218986278
16,37,52.221182388928725
16,38,52.510953363113686
16,39,53.38611299610044
16,40,53.349773240315905
16,41,53.590763499680556
17,0,52.600854023129
17,1,53.485698071041355
17,2,53.243365447406774
17,3,52.79972025673269
17,4,53.82223735673147
17,5,53.607471288924216
17,6,53.54023530775713
17,7,53.4148230107459
17,8,53.36804605933602
17,9,53.01043056782192
17,10,0.0
17,11,0.0
17,13,0.0
17,14,0.0
17,15,0.0
17,16,0.0
17,17,0.0
17,18,0.0
17,19,0.0
17,21,0.0
17,22,52.78093713596635
17,23,53.4148230107459
17,24,52.18336322960375
17,25,51.82254550065323
17,26,53.060481907824865
17,27,53.013860366535205
17,28,53.3544747704497
17,29,53.30280355271315
17,30,52.021351374421286
17,31,53.4148230107459
17,32,52.99688923071781
17,33,52.97010733028007
17,35,52.221182388928725
17,36,51.81849218986278
17,37,52.221182388928725
17,38,52.510953363113686
17,39,53.38611299610044
17,40,53.349773240315905
17,41,53.590763499680556
18,0,52.600854023129
18,1,53.485698071041355
18,2,53.243365447406774
18,3,52.79972025673269
18,4,53.82223735673147
18,5,53.607471288924216
18,6,53.54023530775713
18,7,53.4148230107459
18,8,53.36804605933602
18,9,53.01043056782192
18,10,0.0
18,11,0.0
18,13,0.0
18,14,0.0
18,15,0.0
18,16,0.0
18,17,0.0
18,18,0.0
18,19,0.0
18,21,0.0
18,22,52.78093713596635
18,23,53.4148230107459
18,24,52.18336322960375
18,25,51.82254550065323
18,26,53.060481907824865
18,27,53.013860366535205
18,28,53.3544747704497
18,29,53.30280355271315
18,30,52.021351374421286
18,31,53.4148230107459
18,32,52.99688923071781
18,33,52.97010733028007
18,35,52.221182388928725
18,36,51.81849218986278
18,37,52.221182388928725
18,38,52.510953363113686
18,39,53.38611299610044
18,40,53.349773240315905
18,41,53.590763499680556
19,0,52.600854023129
19,1,53.485698071041355
19,2,53.243365447406774
19,3,52.79972025673269
19,4,53.82223735673147
19,5,53.607471288924216
19,6,53.54023530775713
19,7,53.4148230107459
19,8,53.36804605933602
19,9,53.01043056782192
19,10,0.0
19,11,0.0
19,13,0.0
19,14,0.0
19,15,0.0
19,16,0.0
19,17,0.0
19,18,0.0
19,19,0.0
19,21,0.0
19,22,52.78093713596635
19,23,53.4148230107459
19,24,52.18336322960375
19,25,51.82254550065323
19,26,53.060481907824865
19,27,53.013860366535205
19,28,53.3544747704497
19,29,53.30280355271315
19,30,52.021351374421286
19,31,53.4148230107459
19,32,52.99688923071781
19,33,52.97010733028007
19,35,52.221182388928725
19,36,51.81849218986278
19,37,52.221182388928725
19,38,52.510953363113686
19,39,53.38611299610044
19,40,53.349773240315905
19,41,53.590763499680556
21,0,52.600854023129
21,1,53.485698071041355
21,2,53.243365447406774
21,3,52.79972025673269
21,4,53.82223735673147
21,5,53.607471288924216
21,6,53.54023530775713
21,7,53.4148230107459
21,8,53.36804605933602
21,9,53.01043056782192
21,10,0.0
21,11,0.0
21,13,0.0
21,14,0.0
21,15,0.0
21,16,0.0
21,17,0.0
21,18,0.0
21,19,0.0
21,21,0.0
21,22,52.78093713596635
21,23,53.4148230107459
21,24,52.18336322960375
21,25,51.82254550065323
21,26,53.060481907824865
21,27,53.013860366535205
21,28,53.3544747704497
21,29,53.30280355271315
21,30,52.021351374421286
21,31,53.4148230107459
21,32,52.99688923071781
21,33,52.97010733028007
21,35,52.221182388928725
21,36,51.81849218986278
21,37,52.221182388928725
21,38,52.510953363113686
21,39,53.38611299610044
21,40,53.349773240315905
21,41,53.590763499680556
22,0,0.26951526670205933
22,1,0.7962566907411162
22,2,0.5204022198404239
22,3,0.39557787340181116
22,4,1.8520624774911814
22,5,1.9108813768403086
22,6,1.1389907139308808
22,7,1.2950076934652721
22,8,0.9711010251433692
22,9,1.9858378608729346
22,10,52.78093713596635
22,11,52.78093713596635
22,13,52.78093713596635
22,14,52.78093713596635
22,15,52.78093713596635
22,16,52.78093713596635
22,17,52.78093713596635
22,18,52.78093713596635
22,19,52.78093713596635
22,21,52.78093713596635
22,22,0.0
22,23,1.2950076934652721
22,24,1.1013606427027673
22,25,0.9962598907305704
22,26,0.417236027629456
22,27,2.221847293791536
22,28,1.9836103865877848
22,29,1.4573408627885596
22,30,1.8597640058430098
22,31,1.2950076934652721
22,32,1.0475984751409455
22,33,0.3021382187460398
22,35,0.5768047513272899
22,36,1.0653224322664756
22,37,0.5768047513272899
22,38,0.32425419877102224
22,39,1.2140686381627204
22,40,1.2767388197689202
22,41,1.4874585224906147
23,0,1.233171085166208
23,1,0.7659691211036861
23,2,0.9095271334959847
23,3,0.9565055336342874
23,4,0.5715947148313387
23,5,0.6252028288377803
23,6,0.30914620307216717
23,7,0.0
23,8,0.3600314660872064
23,9,0.9416637365397401
23,10,53.4148230107459
23,11,53.4148230107459
23,13,53.4148230107459
23,14,53.4148230107459
23,15,53.4148230107459
23,16,53.4148230107459
23,17,53.4148230107459
23,18,53.4148230107459
23,19,53.4148230107459
23,21,53.4148230107459
23,22,1.2950076934652721
23,23,0.0
23,24,1.2468075044062648
23,25,1.8040654409931898
23,26,0.8936368939569735
23,27,1.1600491288613684
23,28,0.7759855740313119
23,29,0.2588849031977155
23,30,1.510239710960992
23,31,0.0
23,32,0.430026781762074
23,33,0.9986302303338892
23,35,1.738914458214233
23,36,2.2461686759758956
23,37,1.738914458214233
23,38,1.5894744092353996
23,39,0.08208099380748278
23,40,0.06661179740802874
23,41,0.21159509603787696
24,0,0.8360028400774905
24,1,1.4179658544738127
24,2,1.2651019400034018
24,3,0.8141071621793103
24,4,1.7428540232081693
24,5,1.6260578054388157
24,6,1.3595242532229803
24,7,1.2468075044062648
24,8,1.1952884470448453
24,9,1.3267142860132728
24,10,52.18336322960375
24,11,52.18336322960375
24,13,52.18336322960375
24,14,52.18336322960375
24,15,52.18336322960375
24,16,52.18336322960375
24,17,52.18336322960375
24,18,52.18336322960375
24,19,52.18336322960375
24,21,52.18336322960375
24,22,1.1013606427027673
24,23,1.2468075044062648
24,24,0.0
24,25,0.7415109218922431
24,26,1.0733233948827183
24,27,1.5202948015015092
24,28,1.5154177083467442
24,29,1.197832162352342
24,30,0.7870448812409003
24,31,1.2468075044062648
24,32,0.8189472720925598
24,33,1.0476729580882342
24,35,1.0606560316838365
24,36,1.4210284120261405
24,37,1.0606560316838365
24,38,1.149790476700791
24,39,1.2085995906410019
24,40,1.1850134080156998
24,41,1.441521929154922
25,0,0.7816860726519784
25,1,1.6658392019277755
25,2,1.4212741914405203
25,3,0.9845490819629692
25,4,2.3565979786214024
25,5,2.2916531081366864
25,6,1.8096498525255706
25,7,1.8040654409931898
25,8,1.6228168820238
25,9,2.0626934117910345
25,10,51.82254550065323
25,11,51.82254550065323
25,13,51.82254550065323
25,14,51.82254550065323
25,15,51.82254550065323
25,16,51.82254550065323
25,17,51.82254550065323
25,18,51.82254550065323
25,19,51.82254550065323
25,21,51.82254550065323
25,22,0.9962598907305704
25,23,1.8040654409931898
25,24,0.7415109218922431
25,25,0.0
25,26,1.238430312148237
25,27,2.2610336309968573
25,28,2.2241936261034017
25,29,1.8312829186386475
25,30,1.4290462573221407
25,31,1.8040654409931898
25,32,1.390978101491947
25,33,1.1482070940739364
25,35,0.5712669658359246
25,36,0.7236984655851797
25,37,0.5712669658359246
25,38,0.8223612523346715
25,39,1.743736216724234
25,40,1.7536528415697037
25,41,2.014587378171148
26,0,0.47224144981457206
26,1,0.42943236707393634
26,2,0.1963960172651758
26,3,0.27462149817027615
26,4,1.4405302152752721
26,5,1.5168318066430264
26,6,0.7217776630260466
26,7,0.8936368939569735
26,8,0.5567061953671947
26,9,1.6670165412914446
26,10,53.060481907824865
26,11,53.060481907824865
26,13,53.060481907824865
26,14,53.060481907824865
26,15,53.060481907824865
26,16,53.060481907824865
26,17,53.060481907824865
26,18,53.060481907824865
26,19,53.060481907824865
26,21,53.060481907824865
26,22,0.417236027629456
26,23,0.8936368939569735
26,24,1.0733233948827183
26,25,1.238430312148237
26,26,0.0
26,27,1.9043832919574797
26,28,1.6186217623506147
26,29,1.0800693669910564
26,30,1.7378687754966042
26,31,0.8936368939569735
26,32,0.7197538460481674
26,33,0.11687032825573894
26,35,0.951370116327411
26,36,1.4588105440782833
26,37,0.951370116327411
26,38,0.7356511874539848
26,39,0.8116958470258534
26,40,0.8830417571979892
26,41,1.0780864422390168
27,0,2.0479778019542727
27,1,1.9088090398159432
27,2,1.9911264770051142
27,3,1.8267452789579408
27,4,1.0640539247050445
27,5,0.7741658064740907
27,6,1.4688251472493763
27,7,1.1600491288613684
27,8,1.486939297066138
27,9,0.23746568251932465
27,10,53.013860366535205
27,11,53.013860366535205
27,13,53.013860366535205
27,14,53.013860366535205
27,15,53.013860366535205
27,16,53.013860366535205
27,17,53.013860366535205
27,18,53.013860366535205
27,19,53.013860366535205
27,21,53.013860366535205
27,22,2.221847293791536
27,23,1.1600491288613684
27,24,1.5202948015015092
27,25,2.2610336309968573
27,26,1.9043832919574797
27,27,0.0
27,28,0.4650700669027998
27,29,0.9024672318221431
27,30,1.1100171612064988
27,31,1.1600491288613684
27,32,1.1864094918680137
27,33,1.9771360355298353
27,35,2.4706855788166484
27,36,2.9085836681407096
27,37,2.4706855788166484
27,38,2.4375991730512525
27,39,1.223032053756893
27,40,1.1250667992938141
27,41,1.1309075988907789
28,0,1.8550711692976893
28,1,1.5419516744758532
28,2,1.669207905085231
28,3,1.6015616818414093
28,4,0.5995921599128926
28,5,0.31058844264340196
28,6,1.0729620086417313
28,7,0.7759855740313119
28,8,1.1302805787511545
28,9,0.352915601003369
28,10,53.3544747704497
28,11,53.3544747704497
28,13,53.3544747704497
28,14,53.3544747704497
28,15,53.3544747704497
28,16,53.3544747704497
28,17,53.3544747704497
28,18,53.3544747704497
28,19,53.3544747704497
28,21,53.3544747704497
28,22,1.9836103865877848
28,23,0.7759855740313119
28,24,1.5154177083467442
28,25,2.2241936261034017
28,26,1.6186217623506147
28,27,0.4650700669027998
28,28,0.0
28,29,0.5421974036372241
28,30,1.3457448993980599
28,31,0.7759855740313119
28,32,0.9429889815072113
28,33,1.7087159443163165
28,35,2.325770268841884
28,36,2.802599291082373
28,37,2.325770268841884
28,38,2.2403589339676966
28,39,0.850928822890116
28,40,0.7589595223716203
28,41,0.6982927180103544
29,0,1.3538580470880515
29,1,1.012245970606418
29,2,1.1271850193543076
29,3,1.0876285862754222
29,4,0.5454773978481405
29,5,0.4720751447886391
29,6,0.5679524462689575
29,7,0.2588849031977155
29,8,0.5936092283064005
29,9,0.6827789401022123
29,10,53.30280355271315
29,11,53.30280355271315
29,13,53.30280355271315
29,14,53.30280355271315
29,15,53.30280355271315
29,16,53.30280355271315
29,17,53.30280355271315
29,18,53.30280355271315
29,19,53.30280355271315
29,21,53.30280355271315
29,22,1.4573408627885596
29,23,0.2588849031977155
29,24,1.197832162352342
29,25,1.8312829186386475
29,26,1.0800693669910564
29,27,0.9024672318221431
29,28,0.5421974036372241
29,29,0.0
29,30,1.328590461772833
29,31,0.2588849031977155
29,32,0.45283895719350675
29,33,1.1742023153333063
29,35,1.8451771479369432
29,36,2.340500129845739
29,37,1.8451771479369432
29,38,1.7301388677664604
29,39,0.3211752335642891
29,40,0.223938936807917
29,41,0.3105323633495073
30,0,1.6042769977193387
30,1,1.9833323047836227
30,2,1.9084177807872538
30,3,1.5193920089086688
30,4,1.8105736874189335
30,5,1.5861304023694098
30,6,1.7467132934414789
30,7,1.510239710960992
30,8,1.6397443954408646
30,9,1.0230141511939055
30,10,52.021351374421286
30,11,52.021351374421286
30,13,52.021351374421286
30,14,52.021351374421286
30,15,52.021351374421286
30,16,52.021351374421286
30,17,52.021351374421286
30,18,52.021351374421286
30,19,52.021351374421286
30,21,52.021351374421286
30,22,1.8597640058430098
30,23,1.510239710960992
30,24,0.7870448812409003
30,25,1.4290462573221407
30,26,1.7378687754966042
30,27,1.1100171612064988
30,28,1.3457448993980599
30,29,1.328590461772833
30,30,0.0
30,31,1.510239710960992
30,32,1.189605842303318
30,33,1.745901546758929
30,35,1.8399652810375224
30,36,2.1493954825548
30,37,1.8399652810375224
30,38,1.9357599798726137
30,39,1.5152330000510503
30,40,1.4446889461041001
30,41,1.6373178222144475
31,0,1.233171085166208
31,1,0.7659691211036861
31,2,0.9095271334959847
31,3,0.9565055336342874
31,4,0.5715947148313387
31,5,0.6252028288377803
31,6,0.30914620307216717
31,7,0.0
31,8,0.3600314660872064
31,9,0.9416637365397401
31,10,53.4148230107459
31,11,53.4148230107459
31,13,53.4148230107459
31,14,53.4148230107459
31,15,53.4148230107459
31,16,53.4148230107459
31,17,53.4148230107459
31,18,53.4148230107459
31,19,53.4148230107459
31,21,53.4148230107459
31,22,1.2950076934652721
31,23,0.0
31,24,1.2468075044062648
31,25,1.8040654409931898
31,26,0.8936368939569735
31,27,1.1600491288613684
31,28,0.7759855740313119
31,29,0.2588849031977155
31,30,1.510239710960992
31,31,0.0
31,32,0.430026781762074
31,33,0.9986302303338892
31,35,1.738914458214233
31,36,2.2461686759758956
31,37,1.738914458214233
31,38,1.5894744092353996
31,39,0.08208099380748278
31,40,0.06661179740802874
31,41,0.21159509603787696
32,0,0.9132758670250875
32,1,0.8205846945377108
32,2,0.8270130903371053
32,3,0.6596543055692021
32,4,0.9656533982901487
32,5,0.9246789334029804
32,6,0.5725032013014341
32,7,0.430026781762074
32,8,0.4501387689654609
32,9,0.9489503788847823
32,10,52.99688923071781
32,11,52.99688923071781
32,13,52.99688923071781
32,14,52.99688923071781
32,15,52.99688923071781
32,16,52.99688923071781
32,17,52.99688923071781
32,18,52.99688923071781
32,19,52.99688923071781
32,21,52.99688923071781
32,22,1.0475984751409455
32,23,0.430026781762074
32,24,0.8189472720925598
32,25,1.390978101491947
32,26,0.7197538460481674
32,27,1.1864094918680137
32,28,0.9429889815072113
32,29,0.45283895719350675
32,30,1.189605842303318
32,31,0.430026781762074
32,32,0.0
32,33,0.7909962647587419
32,35,1.395767564777537
32,36,1.8882072917387822
32,37,1.395767564777537
32,38,1.2973964484335596
32,39,0.3899988190053705
32,40,0.37130979744102927
32,41,0.6328253560130468
33,0,0.37086048317407316
33,1,0.5327987787920263
33,2,0.2732710227699451
33,3,0.23376797679468342
33,4,1.5513428064726948
33,5,1.6189852098541961
33,6,0.8373411734225855
33,7,0.9986302303338892
33,8,0.6691756611806959
33,9,1.7397250831139806
33,10,52.97010733028007
33,11,52.97010733028007
33,13,52.97010733028007
33,14,52.97010733028007
33,15,52.97010733028007
33,16,52.97010733028007
33,17,52.97010733028007
33,18,52.97010733028007
33,19,52.97010733028007
33,21,52.97010733028007
33,22,0.3021382187460398
33,23,0.9986302303338892
33,24,1.0476729580882342
33,25,1.1482070940739364
33,26,0.11687032825573894
33,27,1.9771360355298353
33,28,1.7087159443163165
33,29,1.1742023153333063
33,30,1.745901546758929
33,31,0.9986302303338892
33,32,0.7909962647587419
33,33,0.0
33,35,0.8371303530166653
33,36,1.3431752996001778
33,37,0.8371303530166653
33,38,0.6188785228965691
33,39,0.9170896510226884
33,40,0.9842031841845427
33,41,1.1875297902408795
35,0,0.5088115054085618
35,1,1.3631154862918786
35,2,1.0896297786477416
35,3,0.7864682567594433
35,4,2.310374601272509
35,5,2.3165318330074913
35,6,1.6465527944078653
35,7,1.738914458214233
35,8,1.4641516900225464
35,9,2.2471257503548046
35,10,52.221182388928725
35,11,52.221182388928725
35,13,52.221182388928725
35,14,52.221182388928725
35,15,52.221182388928725
35,16,52.221182388928725
35,17,52.221182388928725
35,18,52.221182388928725
35,19,52.221182388928725
35,21,52.221182388928725
35,22,0.5768047513272899
35,23,1.738914458214233
35,24,1.0606560316838365
35,25,0.5712669658359246
35,26,0.951370116327411
35,27,2.4706855788166484
35,28,2.325770268841884
35,29,1.8451771479369432
35,30,1.8399652810375224
35,31,1.738914458214233
35,32,1.395767564777537
35,33,0.8371303530166653
35,35,0.0
35,36,0.5122756510619708
35,37,0.0
35,38,0.2925076093439572
35,39,1.6638803430850164
35,40,1.7051174635710995
35,41,1.946146699668927
36,0,1.020515511746982
36,1,1.861076079178811
36,2,1.5854660647034304
36,3,1.2976473162441142
36,4,2.8177348128913797
36,5,2.812575079476581
36,6,2.1587832328079655
36,7,2.2461686759758956
36,8,1.9763931025382866
36,9,2.694188730962872
36,10,51.81849218986278
36,11,51.81849218986278
36,13,51.81849218986278
36,14,51.81849218986278
36,15,51.81849218986278
36,16,51.81849218986278
36,17,51.81849218986278
36,18,51.81849218986278
36,19,51.81849218986278
36,21,51.81849218986278
36,22,1.0653224322664756
36,23,2.2461686759758956
36,24,1.4210284120261405
36,25,0.7236984655851797
36,26,1.4588105440782833
36,27,2.9085836681407096
36,28,2.802599291082373
36,29,2.340500129845739
36,30,2.1493954825548
36,31,2.2461686759758956
36,32,1.8882072917387822
36,33,1.3431752996001778
36,35,0.5122756510619708
36,36,0.0
36,37,0.5122756510619708
36,38,0.746003395713354
36,39,2.172329959724658
36,40,2.210087365897602
36,41,2.4546667017163433
37,0,0.5088115054085618
37,1,1.3631154862918786
37,2,1.0896297786477416
37,3,0.7864682567594433
37,4,2.310374601272509
37,5,2.3165318330074913
37,6,1.6465527944078653
37,7,1.738914458214233
37,8,1.4641516900225464
37,9,2.2471257503548046
37,10,52.221182388928725
37,11,52.221182388928725
37,13,52.221182388928725
37,14,52.221182388928725
37,15,52.221182388928725
37,16,52.221182388928725
37,17,52.221182388928725
37,18,52.221182388928725
37,19,52.221182388928725
37,21,52.221182388928725
37,22,0.5768047513272899
37,23,1.738914458214233
37,24,1.0606560316838365
37,25,0.5712669658359246
37,26,0.951370116327411
37,27,2.4706855788166484
37,28,2.325770268841884
37,29,1.8451771479369432
37,30,1.8399652810375224
37,31,1.738914458214233
37,32,1.395767564777537
37,33,0.8371303530166653
37,35,0.0
37,36,0.5122756510619708
37,37,0.0
37,38,0.2925076093439572
37,39,1.6638803430850164
37,40,1.7051174635710995
37,41,1.946146699668927
38,0,0.3899801342159991
38,1,1.1193842797726774
38,2,0.8435039232686236
38,3,0.6425130137505876
38,4,2.1545331490657635
38,5,2.1938477140664294
38,6,1.4546372180791989
38,7,1.5894744092353996
38,8,1.2812451713581612
38,9,2.205840840783188
38,10,52.510953363113686
38,11,52.510953363113686
38,13,52.510953363113686
38,14,52.510953363113686
38,15,52.510953363113686
38,16,52.510953363113686
38,17,52.510953363113686
38,18,52.510953363113686
38,19,52.510953363113686
38,21,52.510953363113686
38,22,0.32425419877102224
38,23,1.5894744092353996
38,24,1.149790476700791
38,25,0.8223612523346715
38,26,0.7356511874539848
38,27,2.4375991730512525
38,28,2.2403589339676966
38,29,1.7301388677664604
38,30,1.9357599798726137
38,31,1.5894744092353996
38,32,1.2973964484335596
38,33,0.6188785228965691
38,35,0.2925076093439572
38,36,0.746003395713354
38,37,0.2925076093439572
38,38,0.0
38,39,1.5102183078213958
38,40,1.564905605817488
38,41,1.7886060779437565
39,0,1.157013468179275
39,1,0.6927894498580585
39,2,0.8286252593242459
39,3,0.8797243783598335
39,4,0.6470257734794133
39,5,0.7071973099114666
39,6,0.25690844054473766
39,7,0.08208099380748278
39,8,0.2806189671527732
39,9,1.0001508228454863
39,10,53.38611299610044
39,11,53.38611299610044
39,13,53.38611299610044
39,14,53.38611299610044
39,15,53.38611299610044
39,16,53.38611299610044
39,17,53.38611299610044
39,18,53.38611299610044
39,19,53.38611299610044
39,21,53.38611299610044
39,22,1.2140686381627204
39,23,0.08208099380748278
39,24,1.2085995906410019
39,25,1.743736216724234
39,26,0.8116958470258534
39,27,1.223032053756893
39,28,0.850928822890116
39,29,0.3211752335642891
39,30,1.5152330000510503
39,31,0.08208099380748278
39,32,0.3899988190053705
39,33,0.9170896510226884
39,35,1.6638803430850164
39,36,2.172329959724658
39,37,1.6638803430850164
39,38,1.5102183078213958
39,39,0.0
39,40,0.09817221908896204
39,41,0.28234384266888374
40,0,1.2020227872708378
40,1,0.7884844160314554
40,2,0.9133514243129024
40,3,0.9272139835687253
40,4,0.6103189235161272
40,5,0.6348072503584503
40,6,0.352646341236321
40,7,0.06661179740802874
40,8,0.37160112737510026
40,9,0.9019862085881417
40,10,53.349773240315905
40,11,53.349773240315905
40,13,53.349773240315905
40,14,53.349773240315905
40,15,53.349773240315905
40,16,53.349773240315905
40,17,53.349773240315905
40,18,53.349773240315905
40,19,53.349773240315905
40,21,53.349773240315905
40,22,1.2767388197689202
40,23,0.06661179740802874
40,24,1.1850134080156998
40,25,1.7536528415697037
40,26,0.8830417571979892
40,27,1.1250667992938141
40,28,0.7589595223716203
40,29,0.223938936807917
40,30,1.4446889461041001
40,31,0.06661179740802874
40,32,0.37130979744102927
40,33,0.9842031841845427
40,35,1.7051174635710995
40,36,2.210087365897602
40,37,1.7051174635710995
40,38,1.564905605817488
40,39,0.09817221908896204
40,40,0.0
40,41,0.2621318764690713
41,0,1.4389838237675916
41,1,0.8874747734024447
41,2,1.0697136578952913
41,3,1.1614646645962345
41,4,0.3660175113971507
41,5,0.4781047800348675
41,6,0.4037411689692022
41,7,0.21159509603787696
41,8,0.5245595488194749
41,9,0.9359075074758533
41,10,53.590763499680556
41,11,53.590763499680556
41,13,53.590763499680556
41,14,53.590763499680556
41,15,53.590763499680556
41,16,53.590763499680556
41,17,53.590763499680556
41,18,53.590763499680556
41,19,53.590763499680556
41,21,53.590763499680556
41,22,1.4874585224906147
41,23,0.21159509603787696
41,24,1.441521929154922
41,25,2.014587378171148
41,26,1.0780864422390168
41,27,1.1309075988907789
41,28,0.6982927180103544
41,29,0.3105323633495073
41,30,1.6373178222144475
41,31,0.21159509603787696
41,32,0.6328253560130468
41,33,1.1875297902408795
41,35,1.946146699668927
41,36,2.4546667017163433
41,37,1.946146699668927
41,38,1.7886060779437565
41,39,0.28234384266888374
41,40,0.2621318764690713
41,41,0.0
