source_id,target_id,rtt
0,0,0.0
0,1,0.9643578613409605
0,2,1.2402669339516046
0,3,0.27786891131584607
0,4,2.710130038637277
0,5,2.4200268585173914
0,6,1.4480958260373642
0,7,1.7303269824446468
0,8,3.401716439469535
0,9,2.6719908257445746
0,10,52.729993894337284
0,11,52.729993894337284
0,13,55.14514999319054
0,14,54.45005593238232
0,15,55.14514999319054
0,16,56.53236739536875
0,17,52.729993894337284
0,18,52.729993894337284
0,19,52.729993894337284
0,21,52.729993894337284
0,22,1.0856162567358516
0,23,1.7303269824446468
0,24,1.8215893931367295
0,25,1.0800784712444864
0,26,1.5028522843653076
0,27,2.909456508263899
0,28,2.531409289279586
0,29,1.9892118856423622
0,30,1.797260920224515
0,31,2.247725963622795
0,32,2.1603537642067208
0,33,1.497156640132987
0,35,0.5088115054085618
0,36,1.0210871564705326
0,37,0.5088115054085618
0,38,0.8013191147525189
0,39,1.8124079762521295
0,40,1.7969387798526755
0,41,1.9419220784825237
1,0,0.9643578613409605
1,1,0.0
1,2,0.275909072610644
1,3,0.6864889500251145
1,4,1.7457721772963164
1,5,1.4556689971764305
1,6,0.48373796469640357
1,7,0.7659691211036861
1,8,2.437358578128574
1,9,1.7076329644036141
1,10,53.594298432707085
1,11,53.594298432707085
1,13,54.180792131849586
1,14,53.485698071041355
1,15,54.180792131849586
1,16,55.56800953402779
1,17,53.594298432707085
1,18,53.594298432707085
1,19,53.594298432707085
1,21,53.594298432707085
1,22,0.7963112924510679
1,23,0.7659691211036861
1,24,2.6858939315065253
1,25,1.9443830096142825
1,26,1.213547320080524
1,27,1.9450986469229385
1,28,1.5670514279386258
1,29,1.0248540243014017
1,30,2.205880958933783
1,31,1.5314290091259155
1,32,1.19599590286576
1,33,0.5327987787920263
1,35,1.3731160437783578
1,36,1.8853916948403286
1,37,1.3731160437783578
1,38,1.1205654912220901
1,39,0.8480501149111689
1,40,0.8325809185117148
1,41,0.977564217141563
2,0,1.2402669339516046
2,1,0.275909072610644
2,2,0.0
2,3,0.9623980226357585
2,4,2.02168124990696
2,5,1.7315780697870744
2,6,0.7596470373070476
2,7,1.04187819371433
2,8,2.713267650739218
2,9,1.9835420370142578
2,10,53.31838936009644
2,11,53.31838936009644
2,13,54.45670120446023
2,14,53.761607143652
2,15,54.45670120446023
2,16,55.84391860663843
2,17,53.31838936009644
2,18,53.31838936009644
2,19,53.31838936009644
2,21,53.31838936009644
2,22,0.5204022198404239
2,23,1.04187819371433
2,24,2.409984858895881
2,25,1.6684739370036383
2,26,0.9376382474698799
2,27,2.2210077195335822
2,28,1.8429605005492695
2,29,1.3007630969120454
2,30,2.4817900315444272
2,31,1.8073380817365594
2,32,1.471904975476404
2,33,0.8087078514026703
2,35,1.0972069711677137
2,36,1.6094826222296845
2,37,1.0972069711677137
2,38,0.8446564186114461
2,39,1.1239591875218127
2,40,1.1084899911223587
2,41,1.253473289752207
3,0,0.27786891131584607
3,1,0.6864889500251145
3,2,0.9623980226357585
3,3,0.0
3,4,2.432261127321431
3,5,2.1421579472015453
3,6,1.170226914721518
3,7,1.4524580711288007
3,8,3.123847528153689
3,9,2.3941219144287285
3,10,53.007650645688166
3,11,53.007650645688166
3,13,54.8672810818747
3,14,54.17218702106647
3,15,54.8672810818747
3,16,56.2544984840529
3,17,53.007650645688166
3,18,53.007650645688166
3,19,53.007650645688166
3,21,53.007650645688166
3,22,1.3632730080867332
3,23,1.4524580711288007
3,24,2.099246144487611
3,25,1.3577352225953678
3,26,1.7805090357161892
3,27,2.631587596948053
3,28,2.2535403779637404
3,29,1.711342974326516
3,30,1.5193920089086688
3,31,2.21791795915103
3,32,1.8824848528908746
3,33,1.2192877288171409
3,35,0.7864682567594433
3,36,1.298743907821414
3,37,0.7864682567594433
3,38,1.0789758661034006
3,39,1.5345390649362833
3,40,1.5190698685368293
3,41,1.6640531671666776
4,0,2.710130038637277
4,1,1.7457721772963164
4,2,2.02168124990696
4,3,2.432261127321431
4,4,0.0
4,5,0.2901031801198858
4,6,1.2889492592647975
4,7,0.9798030561926303
4,8,1.2717927610720294
4,9,1.8256679665027242
4,10,53.98641772557724
4,11,53.98641772557724
4,13,54.39462606693853
4,14,54.39462606693853
4,15,54.39462606693853
4,16,53.82223735673147
4,17,53.98641772557724
4,18,53.98641772557724
4,19,53.98641772557724
4,21,53.98641772557724
4,22,1.8666024082966108
4,23,0.9798030561926303
4,24,3.2585243694142454
4,25,2.8817761388814964
4,26,1.4652316087883124
4,27,2.0631336490220487
4,28,0.6006916227632877
4,29,1.1428890264005118
4,30,2.471479488173345
4,31,0.5715947148313387
4,32,1.4098298379547043
4,33,1.570224945165228
4,35,2.310509173045572
4,36,2.8227848241075426
4,37,2.310509173045572
4,38,2.190856607067633
4,39,1.061884050000113
4,40,1.046414853600659
4,41,0.7682079601547533
5,0,2.4200268585173914
5,1,1.4556689971764305
5,2,1.7315780697870744
5,3,2.1421579472015453
5,4,0.2901031801198858
5,5,0.0
5,6,0.9988460791449116
5,7,0.6896998760727444
5,8,0.9816895809521438
5,9,1.5355647863828383
5,10,54.10452288681864
5,11,54.10452288681864
5,13,54.10452288681864
5,14,54.10452288681864
5,15,54.10452288681864
5,16,54.112340536851356
5,17,54.10452288681864
5,18,54.10452288681864
5,19,54.10452288681864
5,21,54.10452288681864
5,22,2.1567055884164965
5,23,0.6896998760727444
5,24,2.96842118929436
5,25,2.9998813001229023
5,26,1.755334788908198
5,27,1.7730304689021632
5,28,0.31058844264340196
5,29,0.8527858462806261
5,30,2.1813763080534594
5,31,0.8616978949512245
5,32,1.1197266578348184
5,33,1.8603281252851138
5,35,2.4286143342869777
5,36,2.940889985348948
5,37,2.4286143342869777
5,38,2.480959787187519
5,39,0.7717808698802273
5,40,0.7563116734807732
5,41,0.4781047800348675
6,0,1.4480958260373642
6,1,0.48373796469640357
6,2,0.7596470373070476
6,3,1.170226914721518
6,4,1.2889492592647975
6,5,0.9988460791449116
6,6,0.0
6,7,0.30914620307216717
6,8,1.9805356600970554
6,9,1.250810046372095
6,10,53.723969213818066
6,11,53.723969213818066
6,13,53.723969213818066
6,14,53.723969213818066
6,15,53.723969213818066
6,16,55.11118661599627
6,17,53.723969213818066
6,18,53.723969213818066
6,19,53.723969213818066
6,21,53.723969213818066
6,22,1.2800492571474715
6,23,0.30914620307216717
6,24,2.6064307952740595
6,25,2.428120974310686
6,26,1.6972852847769275
6,27,1.4882757288914195
6,28,1.1102285099071068
6,29,0.5680311062698826
6,30,1.8193859140331592
6,31,1.8605439740961363
6,32,0.7391729848342412
6,33,1.0165367434884298
6,35,1.8568540084747616
6,36,2.3691296595367324
6,37,1.8568540084747616
6,38,1.6043034559184939
6,39,0.39122719687964996
6,40,0.3757580004801959
6,41,0.5207412991100442
7,0,1.7303269824446468
7,1,0.7659691211036861
7,2,1.04187819371433
7,3,1.4524580711288007
7,4,0.9798030561926303
7,5,0.6896998760727444
7,6,0.30914620307216717
7,7,0.0
7,8,1.6713894570248882
7,9,0.9416638432999278
7,10,53.4148230107459
7,11,53.4148230107459
7,13,53.4148230107459
7,14,53.4148230107459
7,15,53.4148230107459
7,16,54.8020404129241
7,17,53.4148230107459
7,18,53.4148230107459
7,19,53.4148230107459
7,21,53.4148230107459
7,22,1.5622804135547539
7,23,0.0
7,24,2.2972845922018923
7,25,2.3101814240501577
7,26,1.9795164411842099
7,27,1.1791295258192525
7,28,0.8010823068349396
7,29,0.2588849031977155
7,30,1.510239710960992
7,31,1.551397771023969
7,32,0.430026781762074
7,33,1.2987678998957124
7,35,1.738914458214233
7,36,2.251190109276204
7,37,1.738914458214233
7,38,1.886534612325776
7,39,0.08208099380748278
7,40,0.06661179740802874
7,41,0.21159509603787696
8,0,3.401716439469535
8,1,2.437358578128574
8,2,2.713267650739218
8,3,3.123847528153689
8,4,1.2717927610720294
8,5,0.9816895809521438
8,6,1.9805356600970554
8,7,1.6713894570248882
8,8,0.0
8,9,1.2579764711662422
8,10,55.086212467770785
8,11,55.086212467770785
8,13,55.086212467770785
8,14,55.086212467770785
8,15,55.086212467770785
8,16,55.0940301178035
8,17,55.086212467770785
8,18,55.086212467770785
8,19,55.086212467770785
8,21,55.086212467770785
8,22,3.13839516936864
8,23,1.6713894570248882
8,24,3.7881133254021124
8,25,3.9815708810750463
8,26,2.737024369860342
8,27,1.486939297066138
8,28,1.1302805787511545
8,29,1.6724779823883786
8,30,3.001068444161212
8,31,1.8433874759033682
8,32,2.101416238786962
8,33,2.8420177062372574
8,35,3.4103039152391212
8,36,3.922579566301092
8,37,3.4103039152391212
8,38,3.4626493681396626
8,39,1.753470450832371
8,40,1.7380012544329169
8,41,1.4597943609870112
9,0,2.6719908257445746
9,1,1.7076329644036141
9,2,1.9835420370142578
9,3,2.3941219144287285
9,4,1.8256679665027242
9,5,1.5355647863828383
9,6,1.250810046372095
9,7,0.9416638432999278
9,8,1.2579764711662422
9,9,0.0
9,10,54.356486854045826
9,11,54.356486854045826
9,13,54.356486854045826
9,14,54.356486854045826
9,15,54.356486854045826
9,16,55.64790532323419
9,17,54.356486854045826
9,18,54.356486854045826
9,19,54.356486854045826
9,21,54.356486854045826
9,22,2.5039442568546817
9,23,0.9416638432999278
9,24,2.798414283115946
9,25,3.2518452673500855
9,26,2.9211802844841377
9,27,0.23746568251932465
9,28,1.2249763437394363
9,29,0.6827789401022123
9,30,2.0113694018750454
9,31,2.397262681334063
9,32,1.3716906250620018
9,33,2.24043174319564
9,35,2.680578301514161
9,36,3.1928539525761317
9,37,2.680578301514161
9,38,2.828198455625704
9,39,1.0237448371074107
9,40,1.0082756407079565
9,41,1.1532589393378048
10,0,52.729993894337284
10,1,53.594298432707085
10,2,53.31838936009644
10,3,53.007650645688166
10,4,53.98641772557724
10,5,54.10452288681864
10,6,53.723969213818066
10,7,53.4148230107459
10,8,55.086212467770785
10,9,54.356486854045826
10,10,0.0
10,11,0.0
10,13,106.8296460214918
10,14,106.8296460214918
10,15,106.8296460214918
10,16,107.80865508230872
10,17,0.0
10,18,0.0
10,19,0.0
10,21,0.0
10,22,52.79798714025601
10,23,53.4148230107459
10,24,53.53396027665689
10,25,52.79244935476465
10,26,53.21522316788547
10,27,54.593952536565155
10,28,54.21590531758084
10,29,53.673707913943616
10,30,54.061147669966246
10,31,53.4148230107459
10,32,53.84484979250797
10,33,54.127097211499105
10,35,52.221182388928725
10,36,51.81849218986278
10,37,52.221182388928725
10,38,52.51368999827268
10,39,53.49690400455338
10,40,53.48143480815393
10,41,53.626418106783774
11,0,52.729993894337284
11,1,53.594298432707085
11,2,53.31838936009644
11,3,53.007650645688166
11,4,53.98641772557724
11,5,54.10452288681864
11,6,53.723969213818066
11,7,53.4148230107459
11,8,55.086212467770785
11,9,54.356486854045826
11,10,0.0
11,11,0.0
11,13,106.8296460214918
11,14,106.8296460214918
11,15,106.8296460214918
11,16,107.80865508230872
11,17,0.0
11,18,0.0
11,19,0.0
11,21,0.0
11,22,52.79798714025601
11,23,53.4148230107459
11,24,53.53396027665689
11,25,52.79244935476465
11,26,53.21522316788547
11,27,54.593952536565155
11,28,54.21590531758084
11,29,53.673707913943616
11,30,54.061147669966246
11,31,53.4148230107459
11,32,53.84484979250797
11,33,54.127097211499105
11,35,52.221182388928725
11,36,51.81849218986278
11,37,52.221182388928725
11,38,52.51368999827268
11,39,53.49690400455338
11,40,53.48143480815393
11,41,53.626418106783774
13,0,55.14514999319054
13,1,54.180792131849586
13,2,54.45670120446023
13,3,54.8672810818747
13,4,54.39462606693853
13,5,54.10452288681864
13,6,53.723969213818066
13,7,53.4148230107459
13,8,55.086212467770785
13,9,54.356486854045826
13,10,106.8296460214918
13,11,106.8296460214918
13,13,0.0
13,14,106.8296460214918
13,15,106.8296460214918
13,16,108.21686342366999
13,17,106.8296460214918
13,18,106.8296460214918
13,19,106.8296460214918
13,21,106.8296460214918
13,22,54.97710342430065
13,23,53.4148230107459
13,24,55.712107602947796
13,25,55.725004434796055
13,26,55.39433945193011
13,27,54.593952536565155
13,28,54.21590531758084
13,29,53.673707913943616
13,30,54.925062721706894
13,31,54.96622078176986
13,32,53.84484979250797
13,33,54.713590910641614
13,35,55.15373746896013
13,36,55.6660131200221
13,37,55.15373746896013
13,38,55.301357623071674
13,39,53.49690400455338
13,40,53.48143480815393
13,41,53.626418106783774
14,0,54.45005593238232
14,1,53.485698071041355
14,2,53.761607143652
14,3,54.17218702106647
14,4,54.39462606693853
14,5,54.10452288681864
14,6,53.723969213818066
14,7,53.4148230107459
14,8,55.086212467770785
14,9,54.356486854045826
14,10,106.8296460214918
14,11,106.8296460214918
14,13,106.8296460214918
14,14,0.0
14,15,106.8296460214918
14,16,108.21686342366999
14,17,106.8296460214918
14,18,106.8296460214918
14,19,106.8296460214918
14,21,106.8296460214918
14,22,54.28200936349242
14,23,53.4148230107459
14,24,55.712107602947796
14,25,55.43008108065563
14,26,54.69924539112188
14,27,54.593952536565155
14,28,54.21590531758084
14,29,53.673707913943616
14,30,54.925062721706894
14,31,54.96622078176986
14,32,53.84484979250797
14,33,54.01849684983338
14,35,54.85881411481971
14,36,55.37108976588168
14,37,54.85881411481971
14,38,54.60626356226344
14,39,53.49690400455338
14,40,53.48143480815393
14,41,53.626418106783774
15,0,55.14514999319054
15,1,54.180792131849586
15,2,54.45670120446023
15,3,54.8672810818747
15,4,54.39462606693853
15,5,54.10452288681864
15,6,53.723969213818066
15,7,53.4148230107459
15,8,55.086212467770785
15,9,54.356486854045826
15,10,106.8296460214918
15,11,106.8296460214918
15,13,106.8296460214918
15,14,106.8296460214918
15,15,0.0
15,16,108.21686342366999
15,17,106.8296460214918
15,18,106.8296460214918
15,19,106.8296460214918
15,21,106.8296460214918
15,22,54.97710342430065
15,23,53.4148230107459
15,24,55.712107602947796
15,25,55.725004434796055
15,26,55.39433945193011
15,27,54.593952536565155
15,28,54.21590531758084
15,29,53.673707913943616
15,30,54.925062721706894
15,31,54.96622078176986
15,32,53.84484979250797
15,33,54.713590910641614
15,35,55.15373746896013
15,36,55.6660131200221
15,37,55.15373746896013
15,38,55.301357623071674
15,39,53.49690400455338
15,40,53.48143480815393
15,41,53.626418106783774
16,0,56.53236739536875
16,1,55.56800953402779
16,2,55.84391860663843
16,3,56.2544984840529
16,4,53.82223735673147
16,5,54.112340536851356
16,6,55.11118661599627
16,7,54.8020404129241
16,8,55.0940301178035
16,9,55.64790532323419
16,10,107.80865508230872
16,11,107.80865508230872
16,13,108.21686342366999
16,14,108.21686342366999
16,15,108.21686342366999
16,16,0.0
16,17,107.80865508230872
16,18,107.80865508230872
16,19,107.80865508230872
16,21,107.80865508230872
16,22,55.688839765028085
16,23,54.8020404129241
16,24,57.08076172614572
16,25,56.70401349561297
16,26,55.287468965519786
16,27,55.88537100575352
16,28,54.422928979494756
16,29,54.96512638313198
16,30,56.293716844904814
16,31,54.39383207156281
16,32,55.232067194686174
16,33,55.3924623018967
16,35,56.132746529777044
16,36,56.645022180839014
16,37,56.132746529777044
16,38,56.01309396379911
16,39,54.88412140673159
16,40,54.86865221033213
16,41,54.590445316886225
17,0,52.729993894337284
17,1,53.594298432707085
17,2,53.31838936009644
17,3,53.007650645688166
17,4,53.98641772557724
17,5,54.10452288681864
17,6,53.723969213818066
17,7,53.4148230107459
17,8,55.086212467770785
17,9,54.356486854045826
17,10,0.0
17,11,0.0
17,13,106.8296460214918
17,14,106.8296460214918
17,15,106.8296460214918
17,16,107.80865508230872
17,17,0.0
17,18,0.0
17,19,0.0
17,21,0.0
17,22,52.79798714025601
17,23,53.4148230107459
17,24,53.53396027665689
17,25,52.79244935476465
17,26,53.21522316788547
17,27,54.593952536565155
17,28,54.21590531758084
17,29,53.673707913943616
17,30,54.061147669966246
17,31,53.4148230107459
17,32,53.84484979250797
17,33,54.127097211499105
17,35,52.221182388928725
17,36,51.81849218986278
17,37,52.221182388928725
17,38,52.51368999827268
17,39,53.49690400455338
17,40,53.48143480815393
17,41,53.626418106783774
18,0,52.729993894337284
18,1,53.594298432707085
18,2,53.31838936009644
18,3,53.007650645688166
18,4,53.98641772557724
18,5,54.10452288681864
18,6,53.723969213818066
18,7,53.4148230107459
18,8,55.086212467770785
18,9,54.356486854045826
18,10,0.0
18,11,0.0
18,13,106.8296460214918
18,14,106.8296460214918
18,15,106.8296460214918
18,16,107.80865508230872
18,17,0.0
18,18,0.0
18,19,0.0
18,21,0.0
18,22,52.79798714025601
18,23,53.4148230107459
18,24,53.53396027665689
18,25,52.79244935476465
18,26,53.21522316788547
18,27,54.593952536565155
18,28,54.21590531758084
18,29,53.673707913943616
18,30,54.061147669966246
18,31,53.4148230107459
18,32,53.84484979250797
18,33,54.127097211499105
18,35,52.221182388928725
18,36,51.81849218986278
18,37,52.221182388928725
18,38,52.51368999827268
18,39,53.49690400455338
18,40,53.48143480815393
18,41,53.626418106783774
19,0,52.729993894337284
19,1,53.594298432707085
19,2,53.31838936009644
19,3,53.007650645688166
19,4,53.98641772557724
19,5,54.10452288681864
19,6,53.723969213818066
19,7,53.4148230107459
19,8,55.086212467770785
19,9,54.356486854045826
19,10,0.0
19,11,0.0
19,13,106.8296460214918
19,14,106.8296460214918
19,15,106.8296460214918
19,16,107.80865508230872
19,17,0.0
19,18,0.0
19,19,0.0
19,21,0.0
19,22,52.79798714025601
19,23,53.4148230107459
19,24,53.53396027665689
19,25,52.79244935476465
19,26,53.21522316788547
19,27,54.593952536565155
19,28,54.21590531758084
19,29,53.673707913943616
19,30,54.061147669966246
19,31,53.4148230107459
19,32,53.84484979250797
19,33,54.127097211499105
19,35,52.221182388928725
19,36,51.81849218986278
19,37,52.221182388928725
19,38,52.51368999827268
19,39,53.49690400455338
19,40,53.48143480815393
19,41,53.626418106783774
21,0,52.729993894337284
21,1,53.594298432707085
21,2,53.31838936009644
21,3,53.007650645688166
21,4,53.98641772557724
21,5,54.10452288681864
21,6,53.723969213818066
21,7,53.4148230107459
21,8,55.086212467770785
21,9,54.356486854045826
21,10,0.0
21,11,0.0
21,13,106.8296460214918
21,14,106.8296460214918
21,15,106.8296460214918
21,16,107.80865508230872
21,17,0.0
21,18,0.0
21,19,0.0
21,21,0.0
21,22,52.79798714025601
21,23,53.4148230107459
21,24,53.53396027665689
21,25,52.79244935476465
21,26,53.21522316788547
21,27,54.593952536565155
21,28,54.21590531758084
21,29,53.673707913943616
21,30,54.061147669966246
21,31,53.4148230107459
21,32,53.84484979250797
21,33,54.127097211499105
21,35,52.221182388928725
21,36,51.81849218986278
21,37,52.221182388928725
21,38,52.51368999827268
21,39,53.49690400455338
21,40,53.48143480815393
21,41,53.626418106783774
22,0,1.0856162567358516
22,1,0.7963112924510679
22,2,0.5204022198404239
22,3,1.3632730080867332
22,4,1.8666024082966108
22,5,2.1567055884164965
22,6,1.2800492571474715
22,7,1.5622804135547539
22,8,3.13839516936864
22,9,2.5039442568546817
22,10,52.79798714025601
22,11,52.79798714025601
22,13,54.97710342430065
22,14,54.28200936349242
22,15,54.97710342430065
22,16,55.688839765028085
22,17,52.79798714025601
22,18,52.79798714025601
22,19,52.79798714025601
22,21,52.79798714025601
22,22,0.0
22,23,1.5622804135547539
22,24,1.8895826390554578
22,25,1.1480717171632144
22,26,0.417236027629456
22,27,2.741409939374006
22,28,2.363362720389693
22,29,1.8211653167524693
22,30,2.4167700323648122
22,31,1.2950076934652721
22,32,1.9923071953168279
22,33,1.329110071243094
22,35,0.5768047513272899
22,36,1.0890804023892606
22,37,0.5768047513272899
22,38,0.32425419877102224
22,39,1.6443614073622366
22,40,1.6288922109627826
22,41,1.7738755095926309
23,0,1.7303269824446468
23,1,0.7659691211036861
23,2,1.04187819371433
23,3,1.4524580711288007
23,4,0.9798030561926303
23,5,0.6896998760727444
23,6,0.30914620307216717
23,7,0.0
23,8,1.6713894570248882
23,9,0.9416638432999278
23,10,53.4148230107459
23,11,53.4148230107459
23,13,53.4148230107459
23,14,53.4148230107459
23,15,53.4148230107459
23,16,54.8020404129241
23,17,53.4148230107459
23,18,53.4148230107459
23,19,53.4148230107459
23,21,53.4148230107459
23,22,1.5622804135547539
23,23,0.0
23,24,2.2972845922018923
23,25,2.3101814240501577
23,26,1.9795164411842099
23,27,1.1791295258192525
23,28,0.8010823068349396
23,29,0.2588849031977155
23,30,1.510239710960992
23,31,1.551397771023969
23,32,0.430026781762074
23,33,1.2987678998957124
23,35,1.738914458214233
23,36,2.251190109276204
23,37,1.738914458214233
23,38,1.886534612325776
23,39,0.08208099380748278
23,40,0.06661179740802874
23,41,0.21159509603787696
24,0,1.8215893931367295
24,1,2.6858939315065253
24,2,2.409984858895881
24,3,2.099246144487611
24,4,3.2585243694142454
24,5,2.96842118929436
24,6,2.6064307952740595
24,7,2.2972845922018923
24,8,3.7881133254021124
24,9,2.798414283115946
24,10,53.53396027665689
24,11,53.53396027665689
24,13,55.712107602947796
24,14,55.712107602947796
24,15,55.712107602947796
24,16,57.08076172614572
24,17,53.53396027665689
24,18,53.53396027665689
24,19,53.53396027665689
24,21,53.53396027665689
24,22,1.8895826390554578
24,23,2.2972845922018923
24,24,0.0
24,25,0.7415109218922431
24,26,2.3068186666849138
24,27,3.03587996563527
24,28,2.6578327466509575
24,29,2.115635343013733
24,30,0.7870448812409003
24,31,3.051692345942401
24,32,1.9766507235442183
24,33,3.2186927102985514
24,35,1.3127778877281677
24,36,1.8250535387901385
24,37,1.3127778877281677
24,38,1.6052854970721249
24,39,2.379365586009375
24,40,2.3638963896099208
24,41,2.5088796882397695
25,0,1.0800784712444864
25,1,1.9443830096142825
25,2,1.6684739370036383
25,3,1.3577352225953678
25,4,2.8817761388814964
25,5,2.9998813001229023
25,6,2.428120974310686
25,7,2.3101814240501577
25,8,3.9815708810750463
25,9,3.2518452673500855
25,10,52.79244935476465
25,11,52.79244935476465
25,13,55.725004434796055
25,14,55.43008108065563
25,15,55.725004434796055
25,16,56.70401349561297
25,17,52.79244935476465
25,18,52.79244935476465
25,19,52.79244935476465
25,21,52.79244935476465
25,22,1.1480717171632144
25,23,2.3101814240501577
25,24,0.7415109218922431
25,25,0.0
25,26,1.5653077447926704
25,27,3.48931094986941
25,28,3.1112637308850974
25,29,2.569066327247873
25,30,1.5285558031331434
25,31,2.3101814240501577
25,32,2.7181616454364614
25,33,2.4771817884063085
25,35,0.5712669658359246
25,36,1.0835426168978954
25,37,0.5712669658359246
25,38,0.8637745751798818
25,39,2.3922624178576406
25,40,2.376793221458186
25,41,2.521776520088035
26,0,1.5028522843653076
26,1,1.213547320080524
26,2,0.9376382474698799
26,3,1.7805090357161892
26,4,1.4652316087883124
26,5,1.755334788908198
26,6,1.6972852847769275
26,7,1.9795164411842099
26,8,2.737024369860342
26,9,2.9211802844841377
26,10,53.21522316788547
26,11,53.21522316788547
26,13,55.39433945193011
26,14,54.69924539112188
26,15,55.39433945193011
26,16,55.287468965519786
26,17,53.21522316788547
26,18,53.21522316788547
26,19,53.21522316788547
26,21,53.21522316788547
26,22,0.417236027629456
26,23,1.9795164411842099
26,24,2.3068186666849138
26,25,1.5653077447926704
26,26,0.0
26,27,3.158645967003462
26,28,2.0659232315516
26,29,2.2384013443819253
26,30,2.8340060599942682
26,31,0.8936368939569735
26,32,2.409543222946284
26,33,1.74634609887255
26,35,0.9940407789567459
26,36,1.5063164300187166
26,37,0.9940407789567459
26,38,0.7414902264004782
26,39,2.0615974349916923
26,40,2.046128238592239
26,41,2.1911115372220866
27,0,2.909456508263899
27,1,1.9450986469229385
27,2,2.2210077195335822
27,3,2.631587596948053
27,4,2.0631336490220487
27,5,1.7730304689021632
27,6,1.4882757288914195
27,7,1.1791295258192525
27,8,1.486939297066138
27,9,0.23746568251932465
27,10,54.593952536565155
27,11,54.593952536565155
27,13,54.593952536565155
27,14,54.593952536565155
27,15,54.593952536565155
27,16,55.88537100575352
27,17,54.593952536565155
27,18,54.593952536565155
27,19,54.593952536565155
27,21,54.593952536565155
27,22,2.741409939374006
27,23,1.1791295258192525
27,24,3.03587996563527
27,25,3.48931094986941
27,26,3.158645967003462
27,27,0.0
27,28,1.4624420262587612
27,29,0.920244622621537
27,30,2.24883508439437
27,31,2.6347283638533874
27,32,1.6091563075813264
27,33,2.4778974257149646
27,35,2.9180439840334853
27,36,3.430319635095456
27,37,2.9180439840334853
27,38,3.0656641381450283
27,39,1.2612105196267351
27,40,1.2457413232272811
27,41,1.3907246218571294
28,0,2.531409289279586
28,1,1.5670514279386258
28,2,1.8429605005492695
28,3,2.2535403779637404
28,4,0.6006916227632877
28,5,0.31058844264340196
28,6,1.1102285099071068
28,7,0.8010823068349396
28,8,1.1302805787511545
28,9,1.2249763437394363
28,10,54.21590531758084
28,11,54.21590531758084
28,13,54.21590531758084
28,14,54.21590531758084
28,15,54.21590531758084
28,16,54.422928979494756
28,17,54.21590531758084
28,18,54.21590531758084
28,19,54.21590531758084
28,21,54.21590531758084
28,22,2.363362720389693
28,23,0.8010823068349396
28,24,2.6578327466509575
28,25,3.1112637308850974
28,26,2.0659232315516
28,27,1.4624420262587612
28,28,0.0
28,29,0.5421974036372241
28,30,1.8707878654100571
28,31,1.1722863375946264
28,32,1.2311090885970137
28,33,2.099850206730652
28,35,2.539996765049173
28,36,3.0522724161111436
28,37,2.539996765049173
28,38,2.6876169191607158
28,39,0.8831633006424224
28,40,0.8676941042429684
28,41,0.7886932226782695
29,0,1.9892118856423622
29,1,1.0248540243014017
29,2,1.3007630969120454
29,3,1.711342974326516
29,4,1.1428890264005118
29,5,0.8527858462806261
29,6,0.5680311062698826
29,7,0.2588849031977155
29,8,1.6724779823883786
29,9,0.6827789401022123
29,10,53.673707913943616
29,11,53.673707913943616
29,13,53.673707913943616
29,14,53.673707913943616
29,15,53.673707913943616
29,16,54.96512638313198
29,17,53.673707913943616
29,18,53.673707913943616
29,19,53.673707913943616
29,21,53.673707913943616
29,22,1.8211653167524693
29,23,0.2588849031977155
29,24,2.115635343013733
29,25,2.569066327247873
29,26,2.2384013443819253
29,27,0.920244622621537
29,28,0.5421974036372241
29,29,0.0
29,30,1.328590461772833
29,31,1.7144837412318505
29,32,0.6889116849597895
29,33,1.5576528030934278
29,35,1.9977993614119485
29,36,2.5100750124739193
29,37,1.9977993614119485
29,38,2.1454195155234914
29,39,0.3409658970051983
29,40,0.32549670060574426
29,41,0.47047999923559247
30,0,1.797260920224515
30,1,2.205880958933783
30,2,2.4817900315444272
30,3,1.5193920089086688
30,4,2.471479488173345
30,5,2.1813763080534594
30,6,1.8193859140331592
30,7,1.510239710960992
30,8,3.001068444161212
30,9,2.0113694018750454
30,10,54.061147669966246
30,11,54.061147669966246
30,13,54.925062721706894
30,14,54.925062721706894
30,15,54.925062721706894
30,16,56.293716844904814
30,17,54.061147669966246
30,18,54.061147669966246
30,19,54.061147669966246
30,21,54.061147669966246
30,22,2.4167700323648122
30,23,1.510239710960992
30,24,0.7870448812409003
30,25,1.5285558031331434
30,26,2.8340060599942682
30,27,2.24883508439437
30,28,1.8707878654100571
30,29,1.328590461772833
30,30,0.0
30,31,3.0430742030046836
30,32,1.189605842303318
30,33,2.7386797377258096
30,35,1.8399652810375224
30,36,2.3522409320994933
30,37,1.8399652810375224
30,38,2.1324728903814796
30,39,1.5923207047684746
30,40,1.5768515083690207
30,41,1.721834806998869
31,0,2.247725963622795
31,1,1.5314290091259155
31,2,1.8073380817365594
31,3,2.21791795915103
31,4,0.5715947148313387
31,5,0.8616978949512245
31,6,1.8605439740961363
31,7,1.551397771023969
31,8,1.8433874759033682
31,9,2.397262681334063
31,10,53.4148230107459
31,11,53.4148230107459
31,13,54.96622078176986
31,14,54.96622078176986
31,15,54.96622078176986
31,16,54.39383207156281
31,17,53.4148230107459
31,18,53.4148230107459
31,19,53.4148230107459
31,21,53.4148230107459
31,22,1.2950076934652721
31,23,1.551397771023969
31,24,3.051692345942401
31,25,2.3101814240501577
31,26,0.8936368939569735
31,27,2.6347283638533874
31,28,1.1722863375946264
31,29,1.7144837412318505
31,30,3.0430742030046836
31,31,0.0
31,32,1.981424552786043
31,33,0.9986302303338892
31,35,1.738914458214233
31,36,2.251190109276204
31,37,1.738914458214233
31,38,1.6192618922362945
31,39,1.6334787648314517
31,40,1.6180095684319977
31,41,1.339802674986092
32,0,2.1603537642067208
32,1,1.19599590286576
32,2,1.471904975476404
32,3,1.8824848528908746
32,4,1.4098298379547043
32,5,1.1197266578348184
32,6,0.7391729848342412
32,7,0.430026781762074
32,8,2.101416238786962
32,9,1.3716906250620018
32,10,53.84484979250797
32,11,53.84484979250797
32,13,53.84484979250797
32,14,53.84484979250797
32,15,53.84484979250797
32,16,55.232067194686174
32,17,53.84484979250797
32,18,53.84484979250797
32,19,53.84484979250797
32,21,53.84484979250797
32,22,1.9923071953168279
32,23,0.430026781762074
32,24,1.9766507235442183
32,25,2.7181616454364614
32,26,2.409543222946284
32,27,1.6091563075813264
32,28,1.2311090885970137
32,29,0.6889116849597895
32,30,1.189605842303318
32,31,1.981424552786043
32,32,0.0
32,33,1.7287946816577864
32,35,2.168941239976307
32,36,2.681216891038278
32,37,2.168941239976307
32,38,2.31656139408785
32,39,0.5121077755695568
32,40,0.49663857917010273
32,41,0.641621877799951
33,0,1.497156640132987
33,1,0.5327987787920263
33,2,0.8087078514026703
33,3,1.2192877288171409
33,4,1.570224945165228
33,5,1.8603281252851138
33,6,1.0165367434884298
33,7,1.2987678998957124
33,8,2.8420177062372574
33,9,2.24043174319564
33,10,54.127097211499105
33,11,54.127097211499105
33,13,54.713590910641614
33,14,54.01849684983338
33,15,54.713590910641614
33,16,55.3924623018967
33,17,54.127097211499105
33,18,54.127097211499105
33,19,54.127097211499105
33,21,54.127097211499105
33,22,1.329110071243094
33,23,1.2987678998957124
33,24,3.2186927102985514
33,25,2.4771817884063085
33,26,1.74634609887255
33,27,2.4778974257149646
33,28,2.099850206730652
33,29,1.5576528030934278
33,30,2.7386797377258096
33,31,0.9986302303338892
33,32,1.7287946816577864
33,33,0.0
33,35,1.905914822570384
33,36,2.4181904736323547
33,37,1.905914822570384
33,38,1.6533642700141162
33,39,1.380848893703195
33,40,1.365379697303741
33,41,1.5103629959335894
35,0,0.5088115054085618
35,1,1.3731160437783578
35,2,1.0972069711677137
35,3,0.7864682567594433
35,4,2.310509173045572
35,5,2.4286143342869777
35,6,1.8568540084747616
35,7,1.738914458214233
35,8,3.4103039152391212
35,9,2.680578301514161
35,10,52.221182388928725
35,11,52.221182388928725
35,13,55.15373746896013
35,14,54.85881411481971
35,15,55.15373746896013
35,16,56.132746529777044
35,17,52.221182388928725
35,18,52.221182388928725
35,19,52.221182388928725
35,21,52.221182388928725
35,22,0.5768047513272899
35,23,1.738914458214233
35,24,1.3127778877281677
35,25,0.5712669658359246
35,26,0.9940407789567459
35,27,2.9180439840334853
35,28,2.539996765049173
35,29,1.9977993614119485
35,30,1.8399652810375224
35,31,1.738914458214233
35,32,2.168941239976307
35,33,1.905914822570384
35,35,0.0
35,36,0.5122756510619708
35,37,0.0
35,38,0.2925076093439572
35,39,1.8209954520217158
35,40,1.8055262556222618
35,41,1.95050955425211
36,0,1.0210871564705326
36,1,1.8853916948403286
36,2,1.6094826222296845
36,3,1.298743907821414
36,4,2.8227848241075426
36,5,2.940889985348948
36,6,2.3691296595367324
36,7,2.251190109276204
36,8,3.922579566301092
36,9,3.1928539525761317
36,10,51.81849218986278
36,11,51.81849218986278
36,13,55.6660131200221
36,14,55.37108976588168
36,15,55.6660131200221
36,16,56.645022180839014
36,17,51.81849218986278
36,18,51.81849218986278
36,19,51.81849218986278
36,21,51.81849218986278
36,22,1.0890804023892606
36,23,2.251190109276204
36,24,1.8250535387901385
36,25,1.0835426168978954
36,26,1.5063164300187166
36,27,3.430319635095456
36,28,3.0522724161111436
36,29,2.5100750124739193
36,30,2.3522409320994933
36,31,2.251190109276204
36,32,2.681216891038278
36,33,2.4181904736323547
36,35,0.5122756510619708
36,36,0.0
36,37,0.5122756510619708
36,38,0.804783260405928
36,39,2.3332711030836863
36,40,2.317801906684233
36,41,2.4627852053140806
37,0,0.5088115054085618
37,1,1.3731160437783578
37,2,1.0972069711677137
37,3,0.7864682567594433
37,4,2.310509173045572
37,5,2.4286143342869777
37,6,1.8568540084747616
37,7,1.738914458214233
37,8,3.4103039152391212
37,9,2.680578301514161
37,10,52.221182388928725
37,11,52.221182388928725
37,13,55.15373746896013
37,14,54.85881411481971
37,15,55.15373746896013
37,16,56.132746529777044
37,17,52.221182388928725
37,18,52.221182388928725
37,19,52.221182388928725
37,21,52.221182388928725
37,22,0.5768047513272899
37,23,1.738914458214233
37,24,1.3127778877281677
37,25,0.5712669658359246
37,26,0.9940407789567459
37,27,2.9180439840334853
37,28,2.539996765049173
37,29,1.9977993614119485
37,30,1.8399652810375224
37,31,1.738914458214233
37,32,2.168941239976307
37,33,1.905914822570384
37,35,0.0
37,36,0.5122756510619708
37,37,0.0
37,38,0.2925076093439572
37,39,1.8209954520217158
37,40,1.8055262556222618
37,41,1.95050955425211
38,0,0.8013191147525189
38,1,1.1205654912220901
38,2,0.8446564186114461
38,3,1.0789758661034006
38,4,2.190856607067633
38,5,2.480959787187519
38,6,1.6043034559184939
38,7,1.886534612325776
38,8,3.4626493681396626
38,9,2.828198455625704
38,10,52.51368999827268
38,11,52.51368999827268
38,13,55.301357623071674
38,14,54.60626356226344
38,15,55.301357623071674
38,16,56.01309396379911
38,17,52.51368999827268
38,18,52.51368999827268
38,19,52.51368999827268
38,21,52.51368999827268
38,22,0.32425419877102224
38,23,1.886534612325776
38,24,1.6052854970721249
38,25,0.8637745751798818
38,26,0.7414902264004782
38,27,3.0656641381450283
38,28,2.6876169191607158
38,29,2.1454195155234914
38,30,2.1324728903814796
38,31,1.6192618922362945
38,32,2.31656139408785
38,33,1.6533642700141162
38,35,0.2925076093439572
38,36,0.804783260405928
38,37,0.2925076093439572
38,38,0.0
38,39,1.9686156061332587
38,40,1.9531464097338047
38,41,2.098129708363653
39,0,1.8124079762521295
39,1,0.8480501149111689
39,2,1.1239591875218127
39,3,1.5345390649362833
39,4,1.061884050000113
39,5,0.7717808698802273
39,6,0.39122719687964996
39,7,0.08208099380748278
39,8,1.753470450832371
39,9,1.0237448371074107
39,10,53.49690400455338
39,11,53.49690400455338
39,13,53.49690400455338
39,14,53.49690400455338
39,15,53.49690400455338
39,16,54.88412140673159
39,17,53.49690400455338
39,18,53.49690400455338
39,19,53.49690400455338
39,21,53.49690400455338
39,22,1.6443614073622366
39,23,0.08208099380748278
39,24,2.379365586009375
39,25,2.3922624178576406
39,26,2.0615974349916923
39,27,1.2612105196267351
39,28,0.8831633006424224
39,29,0.3409658970051983
39,30,1.5923207047684746
39,31,1.6334787648314517
39,32,0.5121077755695568
39,33,1.380848893703195
39,35,1.8209954520217158
39,36,2.3332711030836863
39,37,1.8209954520217158
39,38,1.9686156061332587
39,39,0.0
39,40,0.09817221908896204
39,41,0.29367608984535976
40,0,1.7969387798526755
40,1,0.8325809185117148
40,2,1.1084899911223587
40,3,1.5190698685368293
40,4,1.046414853600659
40,5,0.7563116734807732
40,6,0.3757580004801959
40,7,0.06661179740802874
40,8,1.7380012544329169
40,9,1.0082756407079565
40,10,53.48143480815393
40,11,53.48143480815393
40,13,53.48143480815393
40,14,53.48143480815393
40,15,53.48143480815393
40,16,54.86865221033213
40,17,53.48143480815393
40,18,53.48143480815393
40,19,53.48143480815393
40,21,53.48143480815393
40,22,1.6288922109627826
40,23,0.06661179740802874
40,24,2.3638963896099208
40,25,2.376793221458186
40,26,2.046128238592239
40,27,1.2457413232272811
40,28,0.8676941042429684
40,29,0.32549670060574426
40,30,1.5768515083690207
40,31,1.6180095684319977
40,32,0.49663857917010273
40,33,1.365379697303741
40,35,1.8055262556222618
40,36,2.317801906684233
40,37,1.8055262556222618
40,38,1.9531464097338047
40,39,0.09817221908896204
40,40,0.0
40,41,0.2782068934459057
41,0,1.9419220784825237
41,1,0.977564217141563
41,2,1.253473289752207
41,3,1.6640531671666776
41,4,0.7682079601547533
41,5,0.4781047800348675
41,6,0.5207412991100442
41,7,0.21159509603787696
41,8,1.4597943609870112
41,9,1.1532589393378048
41,10,53.626418106783774
41,11,53.626418106783774
41,13,53.626418106783774
41,14,53.626418106783774
41,15,53.626418106783774
41,16,54.590445316886225
41,17,53.626418106783774
41,18,53.626418106783774
41,19,53.626418106783774
41,21,53.626418106783774
41,22,1.7738755095926309
41,23,0.21159509603787696
41,24,2.5088796882397695
41,25,2.521776520088035
41,26,2.1911115372220866
41,27,1.3907246218571294
41,28,0.7886932226782695
41,29,0.47047999923559247
41,30,1.721834806998869
41,31,1.339802674986092
41,32,0.641621877799951
41,33,1.5103629959335894
41,35,1.95050955425211
41,36,2.4627852053140806
41,37,1.95050955425211
41,38,2.098129708363653
41,39,0.29367608984535976
41,40,0.2782068934459057
41,41,0.0
