source_id,target_id,rtt
0,0,0.0
0,1,1.050344124350711
0,2,0.6844536401742494
0,3,0.7498690561925689
0,4,2.553708633081124
0,5,2.0706405639801475
0,6,2.7331452334318618
0,7,2.9069393120295373
0,8,12.115888733939032
0,9,11.667130292414777
0,10,2.212058205505255
0,11,1.7540116852458705
0,12,12.84145592067987
0,13,12.499424449328355
0,14,13.807301155345794
0,15,13.100150805535119
0,16,16.782397406254965
0,17,15.183379855558973
0,18,16.71045885666978
0,19,16.62799677685661
0,20,17.634176885431604
0,21,18.42706161747214
0,22,18.75594122815241
0,23,20.82813762457061
0,24,18.820947999166098
0,25,16.83215306462319
0,26,13.851356478141614
0,27,2.558821023290105
0,28,16.60082231678044
0,29,11.33061577700736
0,30,10.71940926860154
0,31,12.471008486177078
0,32,12.297092763330182
0,33,14.402001111520523
0,34,9.2713159089965
0,35,8.935050123830905
0,36,10.22858342990541
0,37,9.421371646257391
0,38,9.998702585780762
0,39,10.070598968884704
0,40,15.61151376283979
0,41,16.137585725292638
0,42,15.320938452848878
0,43,15.269538790498672
0,44,16.885716703029495
0,45,15.591311771252885
0,46,14.265551584931577
0,47,7.560548897773745
0,48,12.333973932780248
0,49,14.782685062467568
0,50,14.070171954489599
0,51,8.373788209314155
0,52,6.854458719295193
0,53,5.466117732125321
0,54,3.444623292967088
0,55,8.49989819565351
0,56,12.005020493807818
0,57,12.529728590409329
0,58,10.625732872834616
0,59,7.361815369148497
0,60,16.83215306462319
0,61,10.0945617643621
0,62,8.83793626977664
0,63,5.717708248268787
0,64,3.85377557868372
0,65,18.02929687052967
0,66,17.263695251242954
0,67,12.433238393553786
0,68,12.836939320779472
0,69,7.929031006817417
0,70,9.094712340419761
0,71,9.230101509772771
0,72,6.542709735264982
1,0,1.050344124350711
1,1,0.0
1,2,1.5985840712316348
1,3,1.7732012438199678
1,4,1.7821476432822092
1,5,2.034474956355046
1,6,1.7828579399681646
1,7,1.897585030425543
1,8,12.54114232360108
1,9,12.287459441190805
1,10,2.4405615938176783
1,11,2.1831384054708414
1,12,13.465877343873059
1,13,13.093467967020482
1,14,14.408450312850452
1,15,13.643612859410043
1,16,17.236736820594064
1,17,15.665603538319928
1,18,17.53454852854626
1,19,17.348997907720765
1,20,18.316789265097206
1,21,19.012295688154225
1,22,19.309000597456414
1,23,21.34081720378126
1,24,19.310653457975864
1,25,17.27888928921439
1,26,14.387711188467984
1,27,2.9943880651051473
1,28,17.23801549148843
1,29,11.997159978847794
1,30,11.338498326985414
1,31,13.101232772729201
1,32,13.066194125911839
1,33,14.92717090242135
1,34,9.808339440939173
1,35,9.633218445067142
1,36,11.034191261287182
1,37,10.161012191462419
1,38,10.666479041638576
1,39,10.706065976176257
1,40,16.08606664018482
1,41,16.64490280318629
1,42,15.88283316608072
1,43,15.799152478337586
1,44,17.41976532979831
1,45,16.20697473932158
1,46,14.83358111125546
1,47,8.256327908286767
1,48,12.856052269711995
1,49,15.487765689497415
1,50,14.898421306223964
1,51,9.184228039991348
1,52,7.630968643838996
1,53,6.126625818304177
1,54,4.137331647654842
1,55,9.277394008434111
1,56,12.901862005551664
1,57,13.467962220022319
1,58,11.62005006806206
1,59,8.308910967115091
1,60,17.27888928921439
1,61,10.638107107297715
1,62,9.258154311325056
1,63,6.7514658707112005
1,64,4.875927089399087
1,65,19.074817030640666
1,66,18.312312744179405
1,67,13.479668853401927
1,68,13.72052752261613
1,69,8.88653845424143
1,70,10.058659318652738
1,71,10.264604248405961
1,72,7.569950238422811
2,0,0.6844536401742494
2,1,1.5985840712316348
2,2,0.0
2,3,0.33681184669750835
2,4,2.747399214158391
2,5,1.8259498432880292
2,6,3.067518332736665
2,7,3.3053290388344276
2,8,11.481841077429864
2,9,10.991631361631173
2,10,1.7807400528550974
2,11,1.2468950922255584
2,12,12.164999295894297
2,13,11.827473825866361
2,14,13.133777765013898
2,15,12.43691323447212
2,16,16.13719228658761
2,17,14.5322532992536
2,18,16.031993024398464
2,19,15.943673843411185
2,20,16.95136369771869
2,21,17.75476851268157
2,22,18.08888435696664
2,23,20.168289235662854
2,24,18.16656822897598
2,25,16.188835752014867
2,26,13.189139828445741
2,27,1.9880713396901684
2,28,15.922024611782456
2,29,10.64987019831734
2,30,10.044501111316544
2,31,11.7939245644493
2,32,11.613212271172015
2,33,13.74178822074426
2,34,8.61251576268048
2,35,8.252371654655008
2,36,9.547003089958439
2,37,8.736961031998483
2,38,9.318222641584471
2,39,9.39377093276145
2,40,14.961974358712164
2,41,15.480354336020405
2,42,14.653296128862324
2,43,14.608025392217536
2,44,16.22272140618511
2,45,14.915288772996536
2,46,13.597215125730703
2,47,6.878509221320299
2,48,11.67561924154049
2,49,14.098898652722594
2,50,13.39203375244153
2,51,7.692286813612079
2,52,6.170312807589556
2,53,4.789968260257642
2,54,2.7688511603194734
2,55,7.816024466086464
2,56,11.34268821872273
2,57,11.884897574905334
2,58,10.021482535836126
2,59,6.7204980389252205
2,60,16.188835752014867
2,61,9.433474421367272
2,62,8.210510085608949
2,63,5.3853336903442965
2,64,3.292088251615993
2,65,17.62050059154722
2,66,16.77319058904541
2,67,12.023550822420868
2,68,12.74498554801033
2,69,7.751811482895991
2,70,8.901052926360892
2,71,8.879256934932698
2,72,6.226326411196637
3,0,0.7498690561925689
3,1,1.7732012438199678
3,2,0.33681184669750835
3,3,0.0
3,4,3.0540159932874174
3,5,2.1594471893919005
3,6,3.3412650116195137
3,7,3.559018396244362
3,8,11.629154778536362
3,9,11.066494429319588
3,10,2.082907099796079
3,11,1.5331499493939427
3,12,12.236226537152083
3,13,11.911763404725965
3,14,13.21327507109064
3,15,12.540141971725404
3,16,16.26806872422557
3,17,14.655154184905166
3,18,16.004305017498513
3,19,15.968174498919176
3,20,16.992609020797207
3,21,17.836063714594346
3,22,18.18237415518122
3,23,20.275342563817006
3,24,18.28327766242418
3,25,16.322264987236185
3,26,13.293960260092444
3,27,2.2237856218378544
3,28,15.983660213790705
3,29,10.705316863466505
3,30,10.121756964201545
3,31,11.863265387261555
3,32,11.618191500219776
3,33,13.8500600766191
3,34,8.72671993393171
3,35,8.298559802888773
3,36,9.535281206909287
3,37,8.76162004876702
3,38,9.375822949861044
3,39,9.465498386826383
3,40,15.087081005371399
3,41,15.59316579793824
3,42,14.746527013630134
3,43,14.713577792702408
3,44,16.324937448421235
3,45,14.986806009487408
3,46,13.68931748363322
3,47,6.930396757836011
3,48,11.788199603741147
3,49,14.132333202821535
3,50,13.363634465980521
3,51,7.681308683481785
3,52,6.183149945959621
3,53,4.871045747331279
3,54,2.8614520030392865
3,55,7.8231156187635555
3,56,11.273992800440743
3,57,11.786855804483936
3,58,9.875892035441236
3,59,6.618454774006509
3,60,16.322264987236185
3,61,9.542768228347553
3,62,8.368378606421475
3,63,5.091456910931964
3,64,3.1076865089035484
3,65,17.35720693865519
3,66,16.547134571595294
3,67,11.75966850340028
3,68,12.412113096221239
3,69,7.427026362789387
3,70,8.579139418770149
3,71,8.593578797190041
3,72,5.928808961107361
4,0,2.553708633081124
4,1,1.7821476432822092
4,2,2.747399214158391
4,3,3.0540159932874174
4,4,0.0
4,5,1.6199531406786951
4,6,0.6666899398553505
4,7,1.0576484301231799
4,8,11.833669891005151
4,9,11.948462176295624
4,10,2.2402228930921275
4,11,2.4157982319888434
4,12,13.118355535847583
4,13,12.689747060766862
4,14,14.002406884902346
4,15,13.134525412023894
4,16,16.530568538468017
4,17,15.021817117104549
4,18,17.608008961324465
4,19,17.170555748177023
4,20,18.04557157251855
4,21,18.535179115229507
4,22,18.767888711734287
4,23,20.7131313680224
4,24,18.652755697805258
4,25,16.55922456494673
4,26,13.856330645199069
4,27,2.938919089530555
4,28,16.878385903423386
4,29,11.759080906213894
4,30,11.013156783468723
4,31,12.770500909936281
4,32,13.044354821364019
4,33,14.369011386576455
4,34,9.354926527826889
4,35,9.511640168776985
4,36,11.134123283624115
4,37,10.119882280831945
4,38,10.455599177018826
4,39,10.426658874553903
4,40,15.424806079069755
4,41,16.03783578063094
4,42,15.38470157591247
4,43,15.240675483822656
4,44,16.855896240767507
4,45,15.811954763394644
4,46,14.35772909609345
4,47,8.170148456565439
4,48,12.317326754098048
4,49,15.289581203956184
4,50,15.005280238587828
4,51,9.3363773304101
4,52,7.749539868134879
4,53,6.065495558690183
4,54,4.323297922033949
4,55,9.346397370561911
4,56,13.225565312373305
4,57,13.919400867349031
4,58,12.31038820901232
4,59,8.874092588965691
4,60,16.55922456494673
4,61,10.17810623283846
4,62,8.607088988768727
4,63,8.130998294609908
4,64,5.85560525683476
4,65,20.312276714593217
4,66,19.354032344868973
4,67,14.721338679045608
4,68,15.39064778029194
4,69,10.462926223418803
4,70,11.622091402400486
4,71,11.616802248537876
4,72,8.973188394734517
5,0,2.0706405639801475
5,1,2.034474956355046
5,2,1.8259498432880292
5,3,2.1594471893919005
5,4,1.6199531406786951
5,5,0.0
5,6,2.2329082728974132
5,7,2.605262483117994
5,8,10.570164771431264
5,9,10.483329131701918
5,10,0.6204451996390816
5,11,0.9102196013963721
5,12,11.659663910393512
5,13,11.255436622587494
5,14,12.57192239451816
5,15,11.754020987119342
5,16,15.27310142411137
5,17,13.722426679212434
5,18,16.023897920718312
5,19,15.653472062522345
5,20,16.56325761031319
5,21,17.14601051052092
5,22,17.412905736091417
5,23,19.40984404290964
5,24,17.36630550471945
5,25,15.310795578438025
5,26,12.489306905254027
5,27,1.3194679021319284
5,28,15.43134445763328
5,29,10.25336205926152
5,30,9.53961219177509
5,31,11.30384464862633
5,32,11.475726204196398
5,33,13.017801074039713
5,34,7.9345039380906375
5,35,7.960679645702143
5,36,9.537202727165026
5,37,8.549407924408003
5,38,8.936381802860035
5,39,8.932642357888776
5,40,14.136928729841008
5,41,14.717475367138881
5,42,14.002380127853236
5,43,13.891023869524743
5,44,15.51148087245284
5,45,14.379386323400059
5,46,12.962155730447678
5,47,6.603969339160892
5,48,10.951206769422397
5,49,13.7766890110665
5,50,13.412476516022938
5,51,7.728523001758114
5,52,6.14199887577733
5,53,4.480879592377828
5,54,2.7039319835817346
5,55,7.750807714005359
5,56,11.607338462104119
5,57,12.300061357207149
5,58,10.71819846425187
5,59,7.270151017328129
5,60,15.310795578438025
5,61,8.764117636179954
5,62,7.2970923539556765
5,63,6.929356604319819
5,64,4.428804643754884
5,65,18.911788493945394
5,66,17.852609311433135
5,67,13.341840237107519
5,68,14.497445698462498
5,69,9.451331291327685
5,70,10.577742260609735
5,71,10.341531369668369
5,72,7.778129895619487
6,0,2.7331452334318618
6,1,1.7828579399681646
6,2,3.067518332736665
6,3,3.3412650116195137
6,4,0.6666899398553505
6,5,2.2329082728974132
6,6,0.0
6,7,0.3909620578223826
6,8,12.492897804648496
6,9,12.613711522674725
6,10,2.8504150567912734
6,11,2.9561606178275115
6,12,13.78404852201795
6,13,13.356230971553742
6,14,14.668996908744022
6,15,13.800728387168471
6,16,17.187731768197935
6,17,15.683209002621242
6,18,18.250065276243607
6,19,17.831226251220837
6,20,18.71012160890734
6,21,19.201371973653643
6,22,19.432625306970504
6,23,21.373991118083012
6,24,19.31236729366988
6,25,17.215424049064637
6,26,14.522026501071277
6,27,3.548158410488535
6,28,17.54470336348182
6,29,12.420688201437601
6,30,11.677748937322981
6,31,13.435742124596551
6,32,13.692514718495604
6,33,15.033947531430872
6,34,10.021488768437623
6,35,10.164449485229913
6,36,11.768322275667794
6,37,10.766903867712024
6,38,11.115060931700338
6,39,11.089365214595462
6,40,16.085140422533794
6,41,16.700658872212983
6,42,16.05082308750915
6,43,15.905434153047711
6,44,17.520194816255415
6,45,16.478552058798687
6,46,15.024220777214389
6,47,8.818115579734885
6,48,12.98313889660131
6,49,15.950688467033311
6,50,15.642391160327406
6,51,9.961420045903152
6,52,8.374906052515732
6,53,6.705427766316508
6,54,4.918742542589829
6,55,9.981299970997247
6,56,13.832857639676376
6,57,14.506512279409431
6,58,12.846715024017591
6,59,9.429634619656868
6,60,17.215424049064637
6,61,10.84477103031669
6,62,9.271114213712547
6,63,8.428374732405471
6,64,6.29066301506495
6,65,20.68774929094858
6,66,19.801113868807676
6,67,15.090976195700087
6,68,15.503382849326153
6,69,10.6518881936621
6,70,11.82090593086618
6,71,11.934179519411066
6,72,9.261218527616903
7,0,2.9069393120295373
7,1,1.897585030425543
7,2,3.3053290388344276
7,3,3.559018396244362
7,4,1.0576484301231799
7,5,2.605262483117994
7,6,0.3909620578223826
7,7,0.0
7,8,12.87953501496626
7,9,13.004021673083097
7,10,3.2193424689301273
7,11,3.2956206560253736
7,12,14.174572576816944
7,13,13.747125437467531
7,14,15.059933592626296
7,15,14.191344005968157
7,16,17.57308748349973
7,17,16.071005371049846
7,18,18.62790583503294
7,19,18.21912290311571
7,20,19.100052895280896
7,21,19.591973958932574
7,22,19.82234033109815
7,23,21.761419359402726
7,24,19.69909316030474
7,25,17.60023003792631
7,26,14.912331401554548
7,27,3.9148432138006943
7,28,17.935521547222944
7,29,12.809151259867516
7,30,12.067738667283066
7,31,13.826044552251725
7,32,14.073866545516621
7,33,15.423799364554332
7,34,10.412416348248751
7,35,10.54846588246186
7,36,12.142439578918781
7,37,11.147870458695898
7,38,11.502452489358214
7,39,11.478413589238452
7,40,16.472325885061053
7,41,17.08926779377454
7,42,16.441384193863758
7,43,16.29517707527598
7,44,17.909658673717626
7,45,16.86949117907818
7,46,15.415019968616948
7,47,9.199787154581557
7,48,13.373518733006431
7,49,16.3388379434213
7,50,16.01769373299807
7,51,10.331041811903543
7,52,8.745127292010483
7,53,7.0835134480396675
7,54,5.276666959029608
7,55,10.356059354620934
7,56,14.192253635181945
7,57,14.854829933235093
7,58,13.167888460029255
7,59,9.762933447312628
7,60,17.60023003792631
7,61,11.235731349139403
7,62,9.66050399505211
7,63,8.623689437201918
7,64,6.565315364565567
7,65,20.91615369844633
7,66,20.070303044784747
7,67,15.318621944654724
7,68,15.584188920493375
7,69,10.782164159627593
7,70,11.955053331548495
7,71,12.135124651372102
7,72,9.449647593847233
8,0,12.115888733939032
8,1,12.54114232360108
8,2,11.481841077429864
8,3,11.629154778536362
8,4,11.833669891005151
8,5,10.570164771431264
8,6,12.492897804648496
8,7,12.87953501496626
8,8,0.0
8,9,2.6146964221359155
8,10,10.101115935192395
8,11,10.410284914090935
8,12,2.8947575412670403
8,13,2.343467977382289
8,14,3.0828133736746572
8,15,1.925768216803464
8,16,4.704050090877733
8,17,3.205259952803578
8,18,8.421166332973025
8,19,6.728568938368982
8,20,7.082849023096876
8,21,6.909045014076196
8,22,7.024368136063636
8,23,8.884591134616812
8,24,6.819567494515225
8,25,4.740646459015745
8,26,2.3753915895334727
8,27,9.584607832186974
8,28,5.689337668668
8,29,3.2841819999737702
8,30,2.791959876743504
8,31,2.858258128613001
8,32,5.006860422426088
8,33,2.7371083710146564
8,34,3.0759484044853185
8,35,4.484045822197519
8,36,5.433873717953656
8,37,4.705487027535061
8,38,3.6423804698462776
8,39,3.2578096123615508
8,40,3.5952210804524736
8,41,4.246834632278909
8,42,3.8529232310249437
8,43,3.5547861170427204
8,44,5.110462796702275
8,45,4.6036793896570325
8,46,3.025194423237813
8,47,5.3504565286923045
8,48,1.3065923230313454
8,49,5.141869579365631
8,50,6.807639721331022
8,51,5.944859778787695
8,52,6.400423928977279
8,53,6.904862497781117
8,54,8.799600669812003
8,55,5.5152816792207044
8,56,7.356434256621285
8,57,8.508879401854292
8,58,9.4267093167743
8,59,8.131107494196419
8,60,4.740646459015745
8,61,2.4280893597140594
8,62,3.284368242695901
8,63,12.396955184308139
8,64,10.285146273220043
8,65,18.64717742657995
8,66,16.273434691447903
8,67,14.630567166506392
8,68,19.389100394434124
8,69,14.923490044953676
8,70,15.495237665771121
8,71,13.702157706960207
8,72,12.849936433961256
9,0,11.667130292414777
9,1,12.287459441190805
9,2,10.991631361631173
9,3,11.066494429319588
9,4,11.948462176295624
9,5,10.483329131701918
9,6,12.613711522674725
9,7,13.004021673083097
9,8,2.6146964221359155
9,9,0.0
9,10,9.926690215110021
9,11,10.104500730074673
9,12,1.1785931710415047
9,13,0.90228967147308
9,14,2.151341682050446
9,15,1.7802141252776331
9,16,5.6697431924145025
9,17,4.030731872258233
9,18,6.412812086492931
9,19,5.314427298040681
9,20,6.100528467791683
9,21,6.772321141970658
9,22,7.152064415005108
9,23,9.30993664153404
9,24,7.423556036148297
9,25,5.764753626246964
9,26,2.4749253421031447
9,27,9.30333519271562
9,28,4.952407880345529
9,29,0.7254268152789672
9,30,0.9491417203419272
9,31,0.8220392309176225
9,32,2.4251031519835595
9,33,3.0419941166847155
9,34,2.6408357199674515
9,35,2.8745729187494797
9,36,3.0285635178236285
9,37,2.7154669815485017
9,38,1.7633349724117604
9,39,1.6025674896108495
9,40,4.467454123690236
9,41,4.759059832896827
9,42,3.7396242610809067
9,43,3.823495319394487
9,44,5.363293583285384
9,45,3.924457531838812
9,46,2.6926125022838296
9,47,4.169368264664326
9,48,1.4949501283524136
9,49,3.4519713790554927
9,50,4.3921239956782046
9,51,4.085854875375822
9,52,5.088442166801973
9,53,6.201663257041618
9,54,8.223009765919851
9,55,3.7180983470821483
9,56,4.745311935808266
9,57,5.895238086257542
9,58,6.955780229373962
9,59,6.263187353046191
9,60,5.764753626246964
9,61,1.8833920120327194
9,62,3.7123234053696637
9,63,10.779527913647641
9,64,9.103206593224858
9,65,16.0467243939549
9,66,13.658787900194055
9,67,12.192332342091262
9,68,17.261592255581824
9,69,13.08841616013454
9,70,13.525113037876904
9,71,11.579609132531
9,72,11.103376668819868
10,0,2.212058205505255
10,1,2.4405615938176783
10,2,1.7807400528550974
10,3,2.082907099796079
10,4,2.2402228930921275
10,5,0.6204451996390816
10,6,2.8504150567912734
10,7,3.2193424689301273
10,8,10.101115935192395
10,9,9.926690215110021
10,10,0.0
10,11,0.5652911842179611
10,12,11.104510492793054
10,13,10.711188583276021
10,14,12.027841627787435
10,15,11.23220078667204
10,16,14.798238250155718
10,17,13.23214992254834
10,18,15.415406413266592
10,19,15.071600428962492
10,20,15.995103484749265
10,21,16.61539174561678
10,22,16.896021584205787
10,23,18.912512441776965
10,24,16.877370891938543
10,25,14.839617435474546
10,26,11.972210150294126
10,27,0.6990721176512256
10,28,14.8781411314156
10,29,9.679329572134032
10,30,8.980502379080708
10,31,10.745641055474117
10,32,10.874254370645396
10,33,12.5066955313149
10,34,7.4025930932617365
10,35,7.36881395217815
10,36,8.924651574580638
10,37,7.948413724015918
10,38,8.357748126384532
10,39,8.365263270379087
10,40,13.650901758674845
10,41,14.217226032793587
10,42,13.47709873042245
10,43,13.379508694771522
10,44,15.0004697380345
10,45,13.83286371359744
10,46,12.432407520536003
10,47,6.0064820550353435
10,48,10.436857415375224
10,49,13.197288182477012
10,50,12.800954056413373
10,51,7.111893168821058
10,52,5.525813014927449
10,53,3.8771191476641214
10,54,2.085033568989053
10,55,7.139271296196755
10,56,10.987041599087975
10,57,11.680684961885571
10,58,10.114577766803846
10,59,6.66107477448566
10,60,14.839617435474546
10,61,8.233043820357405
10,62,6.818861349066719
10,63,6.530570468575461
10,64,3.9330408533341807
10,65,18.394135733531655
10,66,17.290291656682776
10,67,12.838274428653229
10,68,14.204183518022083
10,69,9.125055947644649
10,70,10.2316844293024
10,71,9.891656069319605
10,72,7.376738525056842
11,0,1.7540116852458705
11,1,2.1831384054708414
11,2,1.2468950922255584
11,3,1.5331499493939427
11,4,2.4157982319888434
11,5,0.9102196013963721
11,6,2.9561606178275115
11,7,3.2956206560253736
11,8,10.410284914090935
11,9,10.104500730074673
11,10,0.5652911842179611
11,11,0.0
11,12,11.282966712557336
11,13,10.910880838611046
11,14,12.225624697353304
11,15,11.468367792212609
11,16,15.093963328184948
11,17,13.51018546180956
11,18,15.438392660347361
11,19,15.18484782963221
11,20,16.140442777791208
11,21,16.831247067598973
11,22,17.13323216341986
11,23,19.176254723926164
11,24,17.153649999935862
11,25,15.139736901593126
11,26,12.21440678242779
11,27,0.8258539352118804
11,28,15.055428316833446
11,29,9.81994879599925
11,30,9.155595892995079
11,31,10.918663686582619
11,32,10.932173762830047
11,33,12.756992445542105
11,34,7.6323944888189
11,35,7.4682314202858775
11,36,8.935295125070692
11,37,8.014895180082545
11,38,8.490557055937163
11,39,8.524547565937695
11,40,13.933930965637291
11,41,14.480793956535804
11,42,13.704636048447783
11,43,13.628082878841978
11,44,15.248023337299026
11,45,14.023843693981378
11,46,12.654127635551264
11,47,6.093708959563417
11,48,10.685785447115283
11,49,13.318900344585254
11,50,12.811047058307008
11,51,7.099203941699978
11,52,5.524091831526208
11,53,3.9583555298086286
11,54,2.0161862458276887
11,55,7.161020901746326
11,56,10.913794741285088
11,57,11.56036153765603
11,58,9.898457368008186
11,59,6.473676180556338
11,60,15.139736901593126
11,61,8.461364279317015
11,62,7.126594931308046
11,63,6.036102462732756
11,64,3.520373850881357
11,65,18.004826749245886
11,66,16.967284253904857
11,67,12.432713066221005
11,68,13.664415882901638
11,69,8.595708271006899
11,70,9.711025534465215
11,71,9.434601117128414
11,72,6.884329576025655
12,0,12.84145592067987
12,1,13.465877343873059
12,2,12.164999295894297
12,3,12.236226537152083
12,4,13.118355535847583
12,5,11.659663910393512
12,6,13.78404852201795
12,7,14.174572576816944
12,8,2.8947575412670403
12,9,1.1785931710415047
12,10,11.104510492793054
12,11,11.282966712557336
12,12,0.0
12,13,0.5804699443455457
12,14,1.0234231714948794
12,15,1.2406789328882646
12,16,4.7674727941361885
12,17,3.1992245847735385
12,18,5.589301452341004
12,19,4.227117599225675
12,20,4.942537938643055
12,21,5.613078145006588
12,22,6.019842769353776
12,23,8.20298913608537
12,24,6.373087386079953
12,25,4.876950364764949
12,26,1.669238634956785
12,27,10.481914020249032
12,28,3.773972074228319
12,29,1.616600360398192
12,30,2.1273790231102137
12,31,0.37828717115239335
12,32,2.415207418970547
12,33,2.169742105963135
12,34,3.7840501125303576
12,35,3.9977221675116152
12,36,3.7582959038571144
12,37,3.738944238226631
12,38,2.8873697432551095
12,39,2.7713550566078182
12,40,3.6096131170227093
12,41,3.7692272297296308
12,42,2.655104283348468
12,43,2.831966627563457
12,44,4.285406554903016
12,45,2.7506671410203873
12,46,1.6588503078093209
12,47,5.323895561434997
12,48,1.5889195224913615
12,49,2.420520267313899
12,50,3.9420113020176646
12,51,5.096129942281156
12,52,6.211883549741683
12,53,7.3753819643111225
12,54,9.396920756297828
12,55,4.762278643995525
12,56,4.934742583288208
12,57,6.021975851714025
12,58,7.457453904290408
12,59,7.214780470156595
12,60,4.876950364764949
12,61,2.989614977842732
12,62,4.777655647828758
12,63,11.770342090493052
12,64,10.21066519279965
12,65,16.191215551534818
12,66,13.687163684637285
12,67,12.677145557469833
12,68,17.986845700620524
12,69,13.984578758992113
12,70,14.356271602833273
12,71,12.337825519269613
12,72,12.047165274672688
13,0,12.499424449328355
13,1,13.093467967020482
13,2,11.827473825866361
13,3,11.911763404725965
13,4,12.689747060766862
13,5,11.255436622587494
13,6,13.356230971553742
13,7,13.747125437467531
13,8,2.343467977382289
13,9,0.90228967147308
13,10,10.711188583276021
13,11,10.910880838611046
13,12,0.5804699443455457
13,13,0.0
13,14,1.3166948784924815
13,15,0.9407920345312731
13,16,4.776355248294361
13,17,3.146688706261618
13,18,6.1695576674309365
13,19,4.7682050100546185
13,20,5.4213678934397596
13,21,5.927651062559159
13,22,6.27992111044314
13,23,8.42237655573973
13,24,6.523559943385855
13,25,4.874073526370874
13,26,1.5838000218131425
13,27,10.102169071251977
13,28,4.1904833633119
13,29,1.54353852068435
13,30,1.8019723584788199
13,31,0.5386088247221813
13,32,2.7859898794805895
13,33,2.1455571232613915
13,34,3.3353052743470557
13,35,3.7705797902246965
13,36,3.827764561332724
13,37,3.6130673348031688
13,38,2.662236798250549
13,39,2.4734563744585816
13,40,3.579583415505925
13,41,3.8567735428109344
13,42,2.853428347335586
13,43,2.9214124218970614
13,44,4.470245254983778
13,45,3.1244828922860024
13,46,1.7996284485893952
13,47,5.044468815248449
13,48,1.0398113143566523
13,49,2.9887580953534867
13,50,4.466759128044715
13,51,4.983602494062919
13,52,5.980939562581169
13,53,7.041148253206904
13,54,9.05926076237972
13,55,4.619446795462428
13,56,5.266447992483492
13,57,6.3837920625598095
13,58,7.6647194248433355
13,59,7.152116519850836
13,60,4.874073526370874
13,61,2.5185870083389705
13,62,4.263980982331702
13,63,11.677597382278678
13,64,9.998595177471135
13,65,16.563563795730023
13,66,14.09928234309328
13,67,12.901016549048414
13,68,18.084233880973688
13,69,13.96746279079211
13,70,14.384948161944804
13,71,12.412398577938605
13,72,11.993226917355955
14,0,13.807301155345794
14,1,14.408450312850452
14,2,13.133777765013898
14,3,13.21327507109064
14,4,14.002406884902346
14,5,12.57192239451816
14,6,14.668996908744022
14,7,15.059933592626296
14,8,3.0828133736746572
14,9,2.151341682050446
14,10,12.027841627787435
14,11,12.225624697353304
14,12,1.0234231714948794
14,13,1.3166948784924815
14,14,0.0
14,15,1.1572419638346414
14,16,3.819574793532594
14,17,2.339553494490488
14,18,5.406863765673755
14,19,3.6588833179136
14,20,4.166054663392045
14,21,4.622910068949048
14,22,5.005811022324467
14,23,7.1814470082489485
14,24,5.3535441242932285
14,25,3.9369281611882836
14,26,1.0273735676522042
14,27,11.41785575113228
14,28,2.886736084405821
14,29,2.6399988482868064
14,30,3.091708003361015
14,31,1.3986544459182442
14,32,3.153575248715278
14,33,1.3433720524134802
14,34,4.647570261454269
14,35,5.0091949120033235
14,36,4.734856953247649
14,37,4.762362612003685
14,38,3.8965238756277816
14,39,3.7534925393457055
14,40,2.7134651113500055
14,41,2.7802802506721016
14,42,1.6338249282290547
14,43,1.8555183968423472
14,44,3.2629462327782845
14,45,1.8095774863982743
14,46,0.6971070106496313
14,47,6.3201136604526615
14,48,1.9187657632731916
14,49,2.100676800700897
14,50,4.24032886135194
14,51,6.118600423763949
14,52,7.224912821156062
14,53,8.34487140455533
14,54,10.364979199888277
14,55,5.78566296969053
14,56,5.656243046961357
14,57,6.680935243041041
14,58,8.307495504534986
14,59,8.228076524720167
14,60,3.9369281611882836
14,61,3.825710916141636
14,62,5.5286341084302615
14,63,12.787658734634542
14,64,11.229256507311144
14,65,16.781135965125163
14,66,14.203602504720646
14,67,13.491918793044702
14,68,18.91281626332433
14,69,14.978633835520514
14,70,15.328607127389756
14,71,13.284769314082173
14,72,13.05503946321958
15,0,13.100150805535119
15,1,13.643612859410043
15,2,12.43691323447212
15,3,12.540141971725404
15,4,13.134525412023894
15,5,11.754020987119342
15,6,13.800728387168471
15,7,14.191344005968157
15,8,1.925768216803464
15,9,1.7802141252776331
15,10,11.23220078667204
15,11,11.468367792212609
15,12,1.2406789328882646
15,13,0.9407920345312731
15,14,1.1572419638346414
15,15,0.0
15,16,3.914326128715592
15,17,2.2633555764562314
15,18,6.527172740606443
15,19,4.8107433819899335
15,20,5.244332668448171
15,21,5.400654018839457
15,22,5.665393859382107
15,23,7.7359728253436355
15,24,5.771529155566352
15,25,4.003013502824283
15,26,0.7557509817786738
15,27,10.649814498221957
15,28,3.896608044954405
15,29,2.468134673136275
15,30,2.566263387951183
15,31,1.4202521449385896
15,32,3.6460175113993953
15,33,1.3235530778947127
15,34,3.835978695746932
15,35,4.5658655915357205
15,36,4.764843950393407
15,37,4.483598762028895
15,38,3.4817018560715125
15,39,3.2331359490871208
15,40,2.7042756700054356
15,41,3.076567914192318
15,42,2.250572946111499
15,43,2.1746130560620225
15,44,3.7858085477286476
15,45,2.795149278758062
15,46,1.2384756067553382
15,47,5.770028170367954
15,48,0.8348281037770614
15,49,3.230195315698266
15,50,5.128454404543556
15,51,5.850840966117345
15,52,6.748813523613244
15,53,7.677992297845517
15,54,9.678930947093988
15,55,5.470069541668196
15,56,6.156008446427409
15,57,7.254882387697754
15,58,8.60081846051129
15,59,8.038575728784338
15,60,4.003013502824283
15,61,3.0077656985729257
15,62,4.562886367896038
15,63,12.53845049256872
15,64,10.766661578260715
15,65,17.428575219477462
15,66,14.927696907618524
15,67,13.835307968600402
15,68,19.01953916831888
15,69,14.867795469920633
15,70,15.303344250846362
15,71,13.344255851796024
15,72,12.876681633967264
16,0,16.782397406254965
16,1,17.236736820594064
16,2,16.13719228658761
16,3,16.26806872422557
16,4,16.530568538468017
16,5,15.27310142411137
16,6,17.187731768197935
16,7,17.57308748349973
16,8,4.704050090877733
16,9,5.6697431924145025
16,10,14.798238250155718
16,11,15.093963328184948
16,12,4.7674727941361885
16,13,4.776355248294361
16,14,3.819574793532594
16,15,3.914326128715592
16,16,0.0
16,17,1.6554361872797863
16,18,7.605912763986668
16,19,5.175118538012578
16,20,4.5823404995056
16,21,3.05234232870701
16,22,2.777442132396902
16,23,4.240126778270551
16,24,2.16324755215316
16,25,0.14248449481961364
16,26,3.194841289313291
16,27,14.268210864259862
16,28,3.4238925262636157
16,29,6.30923321013122
16,30,6.4787875554609125
16,31,5.103891588317103
16,32,6.934860671863241
16,33,2.6313903132621475
16,34,7.55966423224867
16,35,8.477741202775997
16,36,8.525765273646329
16,37,8.385093050686073
16,38,7.395816933414875
16,39,7.14157914754044
16,40,1.2123998018014936
16,41,1.1223776755499444
16,42,2.353953771053832
16,43,1.9697350178312087
16,44,1.458869473570391
16,45,3.1117510394424333
16,46,3.1279069152946715
16,47,9.6470705712147
16,48,4.541504929295427
16,49,4.936456805668909
16,50,7.539661115404325
16,51,9.755208210651059
16,52,10.646197544273065
16,53,11.456679227436215
16,54,13.415793072570015
16,55,9.380987487987289
16,56,9.381345308556453
16,57,10.32805087904046
16,58,12.107766468482932
16,59,11.92838112731893
16,60,0.14248449481961364
16,61,6.768028628126229
16,62,7.979664024922358
16,63,16.447775214614385
16,64,14.65576324049315
16,65,20.21791043594834
16,66,17.527493847163694
16,67,17.25606946612679
16,68,22.732340160289944
16,69,18.735797437697673
16,70,19.12329041004334
16,71,17.099004988776656
16,72,16.769504145730924
17,0,15.183379855558973
17,1,15.665603538319928
17,2,14.5322532992536
17,3,14.655154184905166
17,4,15.021817117104549
17,5,13.722426679212434
17,6,15.683209002621242
17,7,16.071005371049846
17,8,3.205259952803578
17,9,4.030731872258233
17,10,13.23214992254834
17,11,13.51018546180956
17,12,3.1992245847735385
17,13,3.146688706261618
17,14,2.339553494490488
17,15,2.2633555764562314
17,16,1.6554361872797863
17,17,0.0
17,18,6.993016500887169
17,19,4.729453704533853
17,20,4.565337260405554
17,21,3.8112990389689627
17,22,3.84045425935028
17,23,5.692124448599611
17,24,3.6452273526306302
17,25,1.7400742718867173
17,26,1.5644354750761138
17,27,12.68539802987684
17,28,3.1662702053107323
17,29,4.688357455938366
17,30,4.824849905386631
17,31,3.5122323946393745
17,32,5.492144515482388
17,33,1.0295788320292585
17,34,5.932709872955663
17,35,6.8232201407786475
17,36,6.941116960559823
17,37,6.74327628855389
17,38,5.744603633446902
17,39,5.486528716282801
17,40,0.44307443313455336
17,41,1.056901892905787
17,42,1.3546928052867309
17,43,0.7967586124967145
17,44,1.9524818532811752
17,45,2.36070109446823
17,46,1.6515557480212832
17,47,7.994222498880217
17,48,2.893382179728824
17,49,3.918498301893894
17,50,6.411169424059241
17,51,8.11205219020198
17,52,8.991090055950002
17,53,9.825741656908173
17,54,11.79786622308848
17,55,7.7332731753053725
17,56,7.994531397800248
17,57,9.006236050046951
17,58,10.63220193657859
17,59,10.293867204668183
17,60,1.7400742718867173
17,61,5.130820042002134
17,62,6.42767373050045
17,63,14.80152993372715
17,64,13.00194352904807
17,65,19.05715141261423
17,66,16.435500131072082
17,67,15.828325760286816
17,68,21.18497805751682
17,69,17.114065709610514
17,70,17.52526322302567
17,71,15.529772213796486
17,72,15.134072506120622
18,0,16.71045885666978
18,1,17.53454852854626
18,2,16.031993024398464
18,3,16.004305017498513
18,4,17.608008961324465
18,5,16.023897920718312
18,6,18.250065276243607
18,7,18.62790583503294
18,8,8.421166332973025
18,9,6.412812086492931
18,10,15.415406413266592
18,11,15.438392660347361
18,12,5.589301452341004
18,13,6.1695576674309365
18,14,5.406863765673755
18,15,6.527172740606443
18,16,7.605912763986668
18,17,6.993016500887169
18,18,0.0
18,19,2.4523197257241227
18,20,3.4718094906672015
18,21,5.702842462310751
18,22,6.449434747644148
18,23,8.303413706266689
18,24,7.635005329939485
18,25,7.747397190846407
18,26,6.359428726086341
18,27,14.728557886504815
18,28,4.201918189675857
18,29,6.230673127390685
18,30,7.127107869030899
18,31,5.753487608087942
18,32,4.594599910834817
18,33,6.3924648696701025
18,34,8.87804691648466
18,35,8.141006460068523
18,36,6.503829058631718
18,37,7.496263367077797
18,38,7.349592386954173
18,39,7.5149643670761055
18,40,7.120033039329716
18,41,6.589544499855539
18,42,5.640846485012624
18,43,6.199086200315559
18,44,6.20817924765779
18,45,4.648527853279369
18,46,5.750494448130122
18,47,9.444951734495563
18,48,7.143767006776351
18,49,3.306248322723641
18,50,2.6406705598442524
18,51,8.350360235685534
18,52,9.914781164510103
18,53,11.544662381450754
18,54,13.424279748159691
18,55,8.279806779612159
18,56,4.988678922435347
18,57,5.092867399560275
18,58,7.585686101669819
18,59,9.632397430206273
18,60,7.747397190846407
18,61,8.238664255580243
18,62,10.066229477508323
18,63,13.779929530534833
18,64,13.29435645276707
18,65,13.2220226287233
18,66,10.403383108673468
18,67,11.659127880153248
18,68,17.822627926717818
18,69,15.15429675639684
18,70,15.08306282265277
18,71,12.829967295542549
18,72,13.706874711368448
19,0,16.62799677685661
19,1,17.348997907720765
19,2,15.943673843411185
19,3,15.968174498919176
19,4,17.170555748177023
19,5,15.653472062522345
19,6,17.831226251220837
19,7,18.21912290311571
19,8,6.728568938368982
19,9,5.314427298040681
19,10,15.071600428962492
19,11,15.18484782963221
19,12,4.227117599225675
19,13,4.7682050100546185
19,14,3.6588833179136
19,15,4.8107433819899335
19,16,5.175118538012578
19,17,4.729453704533853
19,18,2.4523197257241227
19,19,0.0
19,20,1.3013144996451482
19,21,3.3873525378793152
19,22,4.121889491017789
19,23,6.151826958292487
19,24,5.238215558008535
19,25,5.315570345194898
19,26,4.431662186357229
19,27,14.415395495828554
19,28,1.755289481222932
19,29,5.413320497306543
19,30,6.203459524860989
19,31,4.516291561943769
19,32,4.41076601555886
19,33,4.312021765411053
19,34,7.952495662570001
19,35,7.716846079903308
19,36,6.54956505841858
19,37,7.20737238683496
19,38,6.71790409301888
19,39,6.751563815781531
19,40,4.792307133644687
19,41,4.197541088202075
19,42,3.386132946778177
19,43,3.936160113296866
19,44,3.76059222382984
19,45,2.37989712506733
19,46,3.772816262009702
19,47,9.092929937330457
19,48,5.56866947416386
19,49,1.8825222455003692
19,50,3.4383693285576205
19,51,8.351182908954717
19,52,9.78661672925735
19,53,11.22654433295768
19,54,13.216361274602916
19,55,8.157579960653889
19,56,5.939622352767505
19,57,6.473961693271552
19,58,8.804530107259403
19,59,10.067947550548814
19,60,5.315570345194898
19,61,7.191290173380303
19,62,9.000614426224887
19,63,14.516481222765004
19,64,13.5524949647419
19,65,15.515431260263117
19,66,12.728522274225709
19,67,13.432002166705855
19,68,19.424354319973567
19,69,16.24924789403871
19,70,16.340961325513277
19,71,14.127459496667697
19,72,14.583567978023202
20,0,17.634176885431604
20,1,18.316789265097206
20,2,16.95136369771869
20,3,16.992609020797207
20,4,18.04557157251855
20,5,16.56325761031319
20,6,18.71012160890734
20,7,19.100052895280896
20,8,7.082849023096876
20,9,6.100528467791683
20,10,15.995103484749265
20,11,16.140442777791208
20,12,4.942537938643055
20,13,5.4213678934397596
20,14,4.166054663392045
20,15,5.244332668448171
20,16,4.5823404995056
20,17,4.565337260405554
20,18,3.4718094906672015
20,19,1.3013144996451482
20,20,0.0
20,21,2.2332698600980185
20,22,2.979827903853185
20,23,4.894860127050945
20,24,4.196083806267708
20,25,4.713352258447413
20,26,4.708684362724501
20,27,15.354636825331541
20,28,1.4256549485190626
20,29,6.3205733084950815
20,30,7.03241499381942
20,31,5.279244639389582
20,32,5.563605066832564
20,33,4.434326711180844
20,34,8.726572238670498
20,35,8.699142262018764
20,36,7.693311613775011
20,37,8.245293054729363
20,38,7.650340999214832
20,39,7.630744438596963
20,40,4.505884608223251
20,41,3.7900864191940844
20,42,3.351118011925924
20,43,3.8313005183513784
20,44,3.124350412438057
20,45,2.479982330405274
20,46,4.058927556381984
20,47,10.074604337582278
20,48,6.061385911089439
20,49,2.8788417687844365
20,50,4.738527103878384
20,51,9.452146956853676
20,52,10.831125391897084
20,53,12.191920712657424
20,54,14.201489132554729
20,55,9.227222061533668
20,56,7.22870232652919
20,57,7.775148811632051
20,58,10.099709692897646
20,59,11.253791660279823
20,60,4.713352258447413
20,61,7.927822735070048
20,62,9.681776366997644
20,63,15.739344343378765
20,64,14.674582008880805
20,65,16.67564227778501
20,66,13.866729896773926
20,67,14.724284229466235
20,68,20.72560768572768
20,69,17.521719513762772
20,70,17.629398112508433
20,71,15.42057370040738
20,72,15.82953599265994
21,0,18.42706161747214
21,1,19.012295688154225
21,2,17.75476851268157
21,3,17.836063714594346
21,4,18.535179115229507
21,5,17.14601051052092
21,6,19.201371973653643
21,7,19.591973958932574
21,8,6.909045014076196
21,9,6.772321141970658
21,10,16.61539174561678
21,11,16.831247067598973
21,12,5.613078145006588
21,13,5.927651062559159
21,14,4.622910068949048
21,15,5.400654018839457
21,16,3.05234232870701
21,17,3.8112990389689627
21,18,5.702842462310751
21,19,3.3873525378793152
21,20,2.2332698600980185
21,21,0.0
21,22,0.7466678491339825
21,23,2.8469200749998524
21,24,2.0018609227576287
21,25,3.1483191334473686
21,26,4.686253007878465
21,27,16.018563777185204
21,28,2.0940310448186805
21,29,7.198612562988701
21,30,7.714616463622735
21,31,5.990153860794969
21,32,6.986172141351233
21,33,4.20407560138282
21,34,9.213189663752921
21,35,9.606567810777673
21,36,9.003258543739273
21,37,9.290051786817234
21,38,8.49913697815846
21,39,8.374873033896453
21,40,3.5448130754069482
21,41,2.771918896900276
21,42,3.1508437054148115
21,43,3.3558911845355595
21,44,1.8692594261160718
21,45,2.8848864286188007
21,46,4.183861091084934
21,47,10.936392574363088
21,48,6.221080541819715
21,49,4.319827999619561
21,50,6.667182726081246
21,51,10.605341376994145
21,52,11.81605108187558
21,53,12.966940127360983
21,54,14.98625094195912
21,55,10.311852571588426
21,56,9.021574763289324
21,57,9.711927928840703
21,58,11.904323606045766
21,59,12.597650709639792
21,60,3.1483191334473686
21,61,8.382900197810821
21,62,9.950777610197118
21,63,17.1563007755515
21,64,15.793200713208122
21,65,18.887091168771203
21,66,16.086595286952235
21,67,16.728657802253128
21,68,22.612289613335676
21,69,19.136732480465515
21,70,19.340250007005814
21,71,17.17649091175081
21,72,17.333277569884853
22,0,18.75594122815241
22,1,19.309000597456414
22,2,18.08888435696664
22,3,18.18237415518122
22,4,18.767888711734287
22,5,17.412905736091417
22,6,19.432625306970504
22,7,19.82234033109815
22,8,7.024368136063636
22,9,7.152064415005108
22,10,16.896021584205787
22,11,17.13323216341986
22,12,6.019842769353776
22,13,6.27992111044314
