source_id,target_id,rtt
0,0,0.0
0,1,1.359209935477297
0,2,10.106018033032903
0,3,42.056877260847166
0,4,4.3170300179697625
0,5,7.392084839281155
0,6,1.7997201907959441
0,7,3.028302278943265
0,8,39.078666943041796
0,9,36.94767515068866
0,10,7.330194193853486
0,11,7.621063888146886
0,12,36.25159823871138
0,13,37.56141399174189
0,14,30.452964546563553
0,15,31.486795260762623
0,16,28.233938991342043
0,17,25.123322139278073
0,18,23.987694148726746
0,19,24.742287599445394
0,20,25.880444767529724
0,21,25.274414254575245
0,22,27.597676282190026
0,23,28.876623431213616
0,25,30.426988275456882
0,26,33.631198740041384
0,27,36.59323686519047
0,28,35.40647756456598
0,29,25.168686641110305
0,30,21.917831086693816
0,31,34.44703372957504
0,32,13.428308877426241
0,33,35.279167688281824
0,34,39.36103749162815
0,35,30.106094351681165
0,36,30.178804652001098
0,37,33.46600095763456
0,38,28.051514376854687
0,39,29.442781399380316
0,40,32.11352901810847
0,41,33.478890836524776
0,42,34.339384688511224
0,43,21.471098751162497
0,44,23.09011480905821
0,45,24.678845028459637
0,46,19.77701665319683
0,47,27.891479017626416
0,48,27.98605556013407
0,49,28.99356640247454
0,50,32.60238043076151
0,51,22.88026997001333
0,52,19.75198346833109
0,53,33.659470815765374
0,54,18.563339130941657
0,55,4.2771172909579835
0,56,3.4231008143385497
0,57,5.089530127720135
0,58,20.978190384175253
0,59,18.1557863680157
0,60,18.615160357290954
0,61,19.036973721983045
0,62,36.5583669592616
0,63,28.777238267300245
0,64,36.46801675318204
0,65,32.52254159315107
0,66,4.8138176281115825
0,67,5.880809718814945
0,68,12.168647030816953
0,69,16.648032014212752
0,70,17.15278800947018
0,71,15.034302535580096
0,72,39.139408666682115
0,73,13.049497647614912
0,74,14.416145028700624
0,75,10.060483385384446
1,0,1.359209935477297
1,1,0.0
1,2,10.877127244641132
1,3,41.582618759961235
1,4,3.0667234262050447
1,5,6.060984831770185
1,6,0.46596518062395453
1,7,1.8421466416417513
1,8,39.15920494609575
1,9,37.0918207201351
1,10,5.994401020487762
1,11,6.262390616315488
1,12,36.226639587069684
1,13,37.58480716689057
1,14,30.573663194286528
1,15,31.599652070334656
1,16,28.683214013100798
1,17,25.497351008491133
1,18,24.65721441639715
1,19,25.389572535617024
1,20,26.540761756286063
1,21,25.812305078169828
1,22,28.199125141636745
1,23,29.380481985433097
1,25,30.850556495769748
1,26,34.29018773955978
1,27,36.755103216564684
1,28,35.70872861629867
1,29,25.33307596742685
1,30,22.470999912372957
1,31,35.070949730120205
1,32,13.240687372050443
1,33,35.613688339138136
1,34,39.3623609896737
1,35,30.317455325955418
1,36,30.3297208477867
1,37,33.85830603068744
1,38,28.36102232703647
1,39,29.80662668935806
1,40,32.474089483342745
1,41,33.81504044975859
1,42,34.63306233726326
1,43,21.572379402671935
1,44,23.494843308279307
1,45,24.424477482473648
1,46,20.08487251371002
1,47,27.884357122851345
1,48,27.91161859261768
1,49,29.190474596545563
1,50,32.794696613964234
1,51,23.565011553414323
1,52,20.636739869105625
1,53,34.214468861934265
1,54,19.131254278340307
1,55,3.63504844863638
1,56,2.064484677819622
1,57,3.73058802852662
1,58,21.71789815804556
1,59,18.9667770844077
1,60,19.3594402848248
1,61,19.596709283187923
1,62,37.269173176605754
1,63,28.89200126023543
1,64,37.166187376004636
1,65,32.87641708717695
1,66,5.373562459562394
1,67,6.700320009498556
1,68,11.038387570891906
1,69,15.455944377780805
1,70,15.844065926337931
1,71,13.70507536385913
1,72,39.22044176814855
1,73,12.96150864201528
1,74,14.77816027407118
1,75,10.386964849812973
2,0,10.106018033032903
2,1,10.877127244641132
2,2,0.0
2,3,52.02627977391111
2,4,13.720630239090667
2,5,16.01749842076148
2,6,11.28124477243358
2,7,12.671250458292219
2,8,30.579015334585513
2,9,28.20661992722976
2,10,15.905963866321079
2,11,15.608236054048485
2,12,28.316706614634857
2,13,29.356234141940092
2,14,21.958122673881554
2,15,23.000051732501603
2,16,18.540853900678734
2,17,15.717095172284479
2,18,13.910029501081578
2,19,14.68418897934043
2,20,15.807177674488594
2,21,15.392672845415472
2,22,17.588192098212183
2,23,19.041325207759666
2,25,20.781675147993933
2,26,23.54967394801712
2,27,27.783751315150397
2,28,26.083219383838912
2,29,16.651798238139104
2,30,12.036795679090709
2,31,24.39489854189412
2,32,8.992642131661764
2,33,25.851143710307174
2,34,31.226588829022283
2,35,21.216386575965323
2,36,21.552043818559916
2,37,23.88006189463566
2,38,18.816606776949186
2,39,19.991807848826095
2,40,22.637706305552264
2,41,24.065350077540042
2,42,25.0585519259436
2,43,13.507626745296642
2,44,13.624873926017345
2,45,18.664105591045544
2,46,10.853756462477225
2,47,20.14383077927109
2,48,20.615066587239337
2,49,20.19400124686877
2,50,23.738247895297587
2,51,12.792799854966095
2,52,9.828098747104933
2,53,23.70102461452683
2,54,8.700275050016632
2,55,9.37862621551803
2,56,12.29836559858145
2,57,13.419593017918901
2,58,10.872172630843155
2,59,8.091572544185286
2,60,8.509148670632953
2,61,9.185573866774613
2,62,26.45349508912988
2,63,20.362791249735654
2,64,26.365908979424464
2,65,23.063109078896257
2,66,5.569736881717305
2,67,4.225750465350859
2,68,15.7151749243324
2,69,19.99382717494187
2,70,22.182662532280762
2,71,20.741770394895283
2,72,30.636518634169008
2,73,8.025186022349514
2,74,5.794386891664325
2,75,3.7079357763749625
3,0,42.056877260847166
3,1,41.582618759961235
3,2,52.02627977391111
3,3,0.0
3,4,39.37501910697058
3,5,38.609137734089366
3,6,41.274028028686224
3,7,40.03098091997945
3,8,79.89971320805714
3,9,78.12584431465807
3,10,38.74367632669966
3,11,39.660461552143474
3,12,76.49781650536289
3,13,78.07931344657727
3,14,71.6176846591852
3,15,72.5999421309351
3,16,70.26387104951203
3,17,67.06591615757041
3,18,65.91970186176869
3,19,66.70652333339481
3,20,67.81797065077582
3,21,67.32952974259172
3,22,69.6113076007713
3,23,70.9325777580646
3,25,72.4326718403358
3,26,75.53321850112364
3,27,77.85595848530338
3,28,77.17608385230308
3,29,66.58167817259712
3,30,63.97066236385337
3,31,76.41303509307906
3,32,53.84997049304317
3,33,77.12946121937378
3,34,79.69551157851164
3,35,71.62786708231268
3,36,71.47455789271179
3,37,75.42929857808993
3,38,69.86482296893486
3,39,71.36308738205273
3,40,74.02397512972112
3,41,75.33692277999437
3,42,76.0896763588785
3,43,62.719163541934854
3,44,65.07573208815253
3,45,63.88069669928144
3,46,61.61746518084586
3,47,68.490434054867
3,48,68.1986936308503
3,49,70.4759697793633
3,50,74.03234325566044
3,51,64.79201419509093
3,52,61.09778579048449
3,53,75.70361046164675
3,54,60.61416805424578
3,55,44.466049876404604
3,56,40.85249641183624
3,57,40.540767467999125
3,58,62.79018928790093
3,59,59.81998033710218
3,60,60.44681747596062
3,61,61.08988683913373
3,62,78.30263526115141
3,63,69.94362834309676
3,64,78.25255822596922
3,65,74.41947538785622
3,66,46.85990482138083
3,67,47.84400444992596
3,68,45.68115373859976
3,69,46.49248388201148
3,70,43.19884964026302
3,71,41.83538809498832
3,72,79.96214523723135
3,73,53.890042349106956
3,74,56.35561950189687
3,75,51.96358332369082
4,0,4.3170300179697625
4,1,3.0667234262050447
4,2,13.720630239090667
4,3,39.37501910697058
4,4,0.0
4,5,3.1918078900546405
4,6,2.6034191993739864
4,7,1.3016551981258668
4,8,40.8524828835178
4,9,38.9082321398883
4,10,3.1573326817145184
4,11,3.7491421735377837
4,12,37.73239324864549
4,13,39.17722452274378
4,14,32.377047726421594
4,15,33.38376261073796
4,16,31.0304277829141
4,17,27.746656814031006
4,18,27.315997629403203
4,19,28.01855217249753
4,20,29.18227307796199
4,21,28.296812880549194
4,22,30.760344760267117
4,23,31.80412679070055
4,25,33.15123771466915
4,26,36.91113852614866
4,27,38.604271731643614
4,28,37.80116430668937
4,29,27.244482538979927
4,30,24.991100201453783
4,31,37.64452035997945
4,32,14.689452905575319
4,33,37.75897233235966
4,34,40.905806921974865
4,35,32.27984778293411
4,36,32.18775069145294
4,37,36.100777429846836
4,38,30.49489926480676
4,39,32.01977495026998
4,40,34.671667871744894
4,41,35.96900672048016
4,42,36.715114144894265
4,43,23.406101434658897
4,44,25.801500044575153
4,45,25.547832012441635
4,46,22.2705079546062
4,47,29.47002229071451
4,48,29.368425306495258
4,49,31.133994325749672
4,50,34.71303319625172
4,51,26.24580305698078
4,52,23.535507897860445
4,53,36.69608575923369
4,54,21.689311707292408
4,55,5.091107351378359
4,56,1.4947044870751103
4,57,1.817208174502212
4,58,24.468139019508655
4,59,21.801034395185546
4,60,22.12354837271614
4,61,22.141390731572873
4,62,39.95025863467219
4,63,30.694146525279617
4,64,39.83172354348356
4,65,35.061977614254374
4,66,8.151767644139088
4,67,9.632728016418927
4,68,10.03660916329409
4,69,14.044773779386787
4,70,13.797847402758174
4,71,11.534254665690662
4,72,40.91441461776321
4,73,14.603257057382105
4,74,17.10210367284854
4,75,12.745399370573514
5,0,7.392084839281155
5,1,6.060984831770185
5,2,16.01749842076148
5,3,38.609137734089366
5,4,3.1918078900546405
5,5,0.0
5,6,5.601367548298173
5,7,4.467091602476347
5,8,41.30304657348961
5,9,39.52141891199955
5,10,0.13488207458542426
5,11,1.2097617402969532
5,12,37.98169208489131
5,13,39.51810555378257
5,14,33.02463378114094
5,15,33.99900606883048
5,16,32.390277485923065
5,17,29.003060310534373
5,18,29.160876300083224
5,19,29.811688921631053
5,20,30.98676904350926
5,21,29.872248115638076
5,22,32.43058912447011
5,23,33.26552186947297
5,25,34.43126685000454
5,26,38.640001663810665
5,27,39.25995325629326
5,28,38.77148559846095
5,29,28.07742598091122
5,30,26.647843500378386
5,31,39.295271408968205
5,32,15.27747507813515
5,33,38.79911708578959
5,34,41.17747449665529
5,35,33.12454351285375
5,36,32.903812875530086
5,37,37.28160280790762
5,38,31.57396440988497
5,39,33.19010215167027
5,40,35.8015586465394
5,41,37.03210736593073
5,42,37.678902767256595
5,43,24.19892902269385
5,44,27.154615875469162
5,45,25.496818800547715
5,46,23.51247323483305
5,47,29.88801726825495
5,48,29.638633384159142
5,49,31.96543164930104
5,50,35.48261555948748
5,51,28.133605337192925
5,52,25.824136004328917
5,53,38.2119026525244
5,54,23.4372942409723
5,55,6.719301597856874
5,56,4.050749901719671
5,57,2.6107891495582534
5,58,26.482589287730224
5,59,23.98139061785412
5,60,24.181181188502453
5,61,23.864718454475085
5,62,41.76480803571543
5,63,31.356273966242814
5,64,41.62078677351365
5,65,36.173149388392524
5,66,10.527224275355099
5,67,12.162346319149123
5,68,8.353228150626183
5,69,11.737782317530316
5,70,10.951938797455377
5,71,8.63421695260302
5,72,41.36543276696387
5,73,15.404778701582883
5,74,18.615488584214265
5,75,14.428291498780341
6,0,1.7997201907959441
6,1,0.46596518062395453
6,2,11.28124477243358
6,3,41.274028028686224
6,4,2.6034191993739864
6,5,5.601367548298173
6,6,0.0
6,7,1.4010200602866816
6,8,39.367346918725666
6,9,37.319810383843226
6,10,5.536439103858719
6,11,5.827385065270958
6,12,36.40278603788941
6,13,37.77573265125845
6,14,30.79687886597467
6,15,31.82009145906603
6,16,28.99994178912045
6,17,25.795317470173206
6,18,25.030020503801403
6,19,25.756928654185145
6,20,26.91079643319547
6,21,26.152897632721352
6,22,28.55458805686987
6,23,29.711160843253165
6,25,31.159726504725874
6,26,34.65798154825951
6,27,36.98847964063542
6,28,35.98310351501117
6,29,25.571848181037026
6,30,22.816879720946076
6,31,35.430165927245135
6,32,13.383704609035133
6,33,35.89713847537284
6,34,39.545856070309796
6,35,30.567588595148177
6,36,30.56207264821901
6,37,34.15814315374043
6,38,28.639944868089778
6,39,30.100008751061374
6,40,32.765665754049756
6,41,34.09945753035865
6,42,34.90532404028585
6,43,21.794947023401566
6,44,23.80208338317213
6,45,24.530940508387676
6,46,20.36812507138837
6,47,28.069565050612916
6,48,28.075447570799284
6,49,29.436863919983168
6,50,33.038338138028266
6,51,23.941719332527317
6,52,21.056554830670347
6,53,34.55682506608306
6,54,19.482666731982842
6,55,3.688047928815864
6,56,1.6337871667926787
6,57,3.307873667720952
6,58,22.107610556589055
6,59,19.372678862365223
6,60,19.7511760735062
6,61,19.945830299780674
6,62,37.64856934840638
6,63,29.114168713676015
6,64,37.54267483438563
6,65,33.16602741057132
6,66,5.753022391878221
6,67,7.121579588592995
6,68,10.796065042983802
6,69,15.172636053189336
6,70,15.48105368711362
6,71,13.32425550910892
6,72,39.42871868556034
6,73,13.137434768897446
6,74,15.081592931689421
6,75,10.689601081519854
7,0,3.028302278943265
7,1,1.8421466416417513
7,2,12.671250458292219
7,3,40.03098091997945
7,4,1.3016551981258668
7,5,4.467091602476347
7,6,1.4010200602866816
7,7,0.0
7,8,40.42509410680284
7,9,38.42086151435458
7,10,4.422906328667869
7,11,4.905756238863869
7,12,37.39093616284367
7,13,38.79635950533429
7,14,31.89130630833114
7,15,32.90805314728757
7,16,30.2729819841423
7,17,27.037490129301073
7,18,26.38622748415241
7,19,27.106202964502515
7,20,28.26325121747806
7,21,27.464749424301605
7,22,29.88741172349756
7,23,31.006694703005277
7,25,32.41924862206328
7,26,36.00650798422103
7,27,38.100924594667504
7,28,37.17777259234581
7,29,26.701970297903834
7,30,24.137606528405595
7,31,36.767093938572266
7,32,14.332035706268066
7,33,37.10896736539684
7,34,40.54894538439729
7,35,31.717245734061375
7,36,31.675649097129103
7,37,35.40039941722575
7,38,29.84618654819507
7,39,31.332106627099368
7,40,33.99350776661281
7,41,35.31368184298589
7,42,36.09633302054539
7,43,22.89567757354375
7,44,25.061322145581837
7,45,25.36626120086856
7,46,21.587691049583125
7,47,29.084024918969043
7,48,29.041814154926424
7,49,30.579669214819813
7,50,34.17366959724719
7,51,25.30278176026602
7,52,22.4546839684373
7,53,35.869411083987536
7,54,20.8125143797735
7,55,4.583352765893514
7,56,1.229275467325828
7,57,2.5929571621633536
7,58,23.483140137663483
7,59,20.762696996839203
7,60,21.129053486221558
7,61,21.272286769345644
7,62,39.01121878748096
7,63,30.207505225401828
7,64,38.901851948762435
7,65,34.39014555662084
7,66,7.127446785854188
7,67,8.521159417630615
7,68,10.674899715618633
7,69,14.867882971027184
7,70,14.851569736693783
7,71,12.624010349081964
7,72,40.48673206217593
7,73,14.158524909296586
7,74,16.341510453431525
7,75,11.955707558519391
8,0,39.078666943041796
8,1,39.15920494609575
8,2,30.579015334585513
8,3,79.89971320805714
8,4,40.8524828835178
8,5,41.30304657348961
8,6,39.367346918725666
8,7,40.42509410680284
8,8,0.0
8,9,2.6908766267578192
8,10,41.168900810004146
8,11,40.23988185424019
8,12,3.986891527729195
8,13,2.166609492476584
8,14,8.662420794484508
8,15,7.618940241386872
8,16,13.840211972273112
8,17,15.316040885665748
8,18,19.980806300638047
8,19,19.187232447350237
8,20,18.796729488226454
8,21,17.16556769914244
8,22,16.828008091975565
8,23,14.341225111222027
8,25,11.986918564242423
8,26,16.170897964652628
8,27,3.2522597125106354
8,28,6.809446857670393
8,29,13.996880462821652
8,30,19.756464698215524
8,31,15.124425942600373
8,32,26.17112442719007
8,33,7.598603518521188
8,34,2.1603408817819147
8,35,9.456128294634699
8,36,9.028529644453844
8,37,9.693641151634447
8,38,12.179625048889184
8,39,11.714960345308864
8,40,9.811719085317774
8,41,8.529463225857283
8,42,7.1926706820577415
8,43,17.607568370121527
8,44,17.330182018213794
8,45,16.323424105056954
8,46,19.730369012714274
8,47,11.416815055755377
8,48,11.739538924071963
8,49,10.40467336857058
8,50,7.0071808429968065
8,51,20.86197316922885
8,52,25.72017603154785
8,53,13.452062606132275
8,54,22.497408125254672
8,55,35.84764552907214
8,56,39.43739036474901
8,57,39.50352268859943
8,58,22.800721028298167
8,59,25.446576686106244
8,60,24.30992781991218
8,61,22.048327423619593
8,62,17.593247758346095
8,63,10.318397867296536
8,64,17.208194803268857
8,65,9.436155439373735
8,66,34.43936006493772
8,67,34.0650339899757
8,68,34.553919528158985
8,69,34.99128958190465
8,70,38.663905002249706
8,71,39.26220764644377
8,72,0.06245559412084403
8,73,26.26889111324031
8,74,25.0163874693927
8,75,29.135268572647817
9,0,36.94767515068866
9,1,37.0918207201351
9,2,28.20661992722976
9,3,78.12584431465807
9,4,38.9082321398883
9,5,39.52141891199955
9,6,37.319810383843226
9,7,38.42086151435458
9,8,2.6908766267578192
9,9,0.0
9,10,39.386712577172155
9,11,38.49121828691493
9,12,4.386029808730129
9,13,3.182799584038595
9,14,6.5315876708605245
9,15,5.5292146720523325
9,16,11.158713121740538
9,17,12.764869032071102
9,18,17.30422757884133
9,19,16.505766381414016
9,20,16.106381839440402
9,21,14.503007825177615
9,22,14.13825052438465
9,23,11.650775362544598
9,25,9.29714098609887
9,26,13.74178822074426
9,27,0.5730385255825676
9,28,4.308379867816545
9,29,11.780224345112643
9,30,17.163042046986632
9,31,12.756992445542105
9,32,24.285521574841336
9,33,5.130873578260685
9,34,4.448821702053116
9,35,6.993308236377503
9,36,6.768891855124934
9,37,7.093270553860397
9,38,9.607484144238356
9,39,9.047125581581975
9,40,7.127646211978729
9,41,5.877171232176841
9,42,4.5497867955911575
9,43,15.52687501004604
9,44,14.81015023333799
9,45,15.107824626086735
9,46,17.39469637443121
9,47,9.757316433484851
9,48,10.340014861545773
9,49,8.024112567866302
9,50,4.480813110864239
9,51,18.19792079838724
9,52,23.065603279875337
9,53,10.988624934448096
9,54,19.985341169951845
9,55,33.86149099221598
9,56,37.4707231081446
9,57,37.62369637202821
9,58,20.15607650126382
9,59,22.841193597272454
9,60,21.715314794814084
9,61,19.52814502146768
9,62,15.423799364554332
9,63,8.215145736813538
9,64,15.033947531430872
9,65,6.758417667884956
9,66,32.25255911265889
9,67,31.797763059396274
9,68,33.086566165604545
9,69,33.8543025207736
9,70,37.53700346135582
9,71,37.98354817845091
9,72,2.731420502830174
9,73,24.305551062474226
9,74,22.736851820356204
9,75,26.93896073571569
10,0,7.330194193853486
10,1,5.994401020487762
10,2,15.905963866321079
10,3,38.74367632669966
10,4,3.1573326817145184
10,5,0.13488207458542426
10,6,5.536439103858719
10,7,4.422906328667869
10,8,41.168900810004146
10,9,39.386712577172155
10,10,0.0
10,11,1.1007215321123207
10,12,37.84862149291151
10,13,39.384489521609474
10,14,32.889818034204616
10,15,33.8642495280618
10,16,32.25816042508723
10,17,28.870208913815542
10,18,29.03564151255832
10,19,29.68546198325555
10,20,30.86065183933184
10,21,29.742679641526877
10,22,32.302189502478754
10,23,33.134390773832095
10,25,34.29839302404701
10,26,38.512173639859014
10,27,39.12516463873973
10,28,38.63688532318427
10,29,27.942636003869303
10,30,26.51966885069191
10,31,39.16624714171724
10,32,15.142597697425225
10,33,38.66475059239442
10,34,41.044331165446216
10,35,32.98972857420394
10,36,32.76893669294752
10,37,37.14796246153911
10,38,31.439901736099166
10,39,33.05649994248485
10,40,35.66765884158589
10,41,36.89786108482764
10,42,37.54429535747679
10,43,24.0641231111595
10,44,27.022700181752633
10,45,25.365684018568604
10,46,23.3798158825527
10,47,29.753789622172892
10,48,29.505158328328957
10,49,31.830606894889872
10,50,35.34773453865407
10,51,28.0092896871633
10,52,25.710125823936703
10,53,38.081181763962014
10,54,23.310926447012655
10,55,6.599712306569445
10,56,3.9737848573969203
10,57,2.5078737094790107
10,58,26.36114727762658
10,59,23.86447170732782
10,60,24.061054852880197
10,61,23.737883085403688
10,62,41.638266399972885
10,63,31.221430616027213
10,64,41.4938127112227
10,65,36.03914402744506
10,66,10.421632004415981
10,67,12.061260903062749
10,68,8.248782987399505
10,69,11.665228717295905
10,70,10.919026345154451
10,71,8.60537158732716
10,72,41.23128592229149
10,73,15.270277134075478
10,74,18.48628420748108
10,75,14.30271716657263
11,0,7.621063888146886
11,1,6.262390616315488
11,2,15.608236054048485
11,3,39.660461552143474
11,4,3.7491421735377837
11,5,1.2097617402969532
11,6,5.827385065270958
11,7,4.905756238863869
11,8,40.23988185424019
11,9,38.49121828691493
11,10,1.1007215321123207
11,11,0.0
11,12,36.88609659453156
11,13,38.43671906056397
11,14,32.00847838055648
11,15,32.97488532636157
11,16,31.55672638537884
11,17,28.145524863108445
11,18,28.498828728398138
11,19,29.128634202680487
11,20,30.305366361894766
11,21,29.112222394780126
11,22,31.697791031471294
11,23,32.46179362986228
11,25,33.57076365800428
11,26,37.91789910148993
11,27,38.238749507272665
11,28,37.82237699167262
11,29,27.110604933749848
11,30,25.92359497576857
11,31,38.5448810889059
11,32,14.298003406784714
11,33,37.867521250137024
11,34,40.08328477898669
11,35,32.152192439040874
11,36,31.90256703647171
11,37,36.389126121406136
11,38,30.662453192039372
11,39,32.30056533369575
11,40,34.89719204512443
11,41,36.10851107452302
11,42,36.729410283921354
11,43,23.231277901869074
11,44,26.330022432013422
11,45,24.36816641940041
11,46,22.66516179078198
11,47,28.83020737033926
11,48,28.55461862043262
11,49,30.991651880037992
11,50,34.49000269946237
11,51,27.490671038109383
11,52,25.36190622568902
11,53,37.41801180519186
11,54,22.755949884030898
11,55,6.231382987766808
11,56,4.19798284925891
11,57,2.5452784965243795
11,58,25.89524224273335
11,59,23.474409286901498
11,60,23.619437488797885
11,61,23.172861861352867
11,62,41.06995790859762
11,63,30.34546489568004
11,64,40.91666909212799
11,65,35.263281356778926
11,66,10.22575387443411
11,67,11.91403562675178
11,68,7.148480001773462
11,69,10.63503563001563
11,70,10.076031621223667
11,71,7.794296998375595
11,72,40.302305502061
11,73,14.476119315850587
11,74,17.87409747134331
11,75,13.777625216260283
12,0,36.25159823871138
12,1,36.226639587069684
12,2,28.316706614634857
12,3,76.49781650536289
12,4,37.73239324864549
12,5,37.98169208489131
12,6,36.40278603788941
12,7,37.39093616284367
12,8,3.986891527729195
12,9,4.386029808730129
12,10,37.84862149291151
12,11,36.88609659453156
12,12,0.0
12,13,1.8220251267166439
12,14,6.6638812100233284
12,15,5.724311814210418
12,16,13.383654873214207
12,17,13.933451401491626
12,18,19.257515110577287
12,19,18.55420402497776
12,20,18.40899747052011
12,21,16.360856349835064
12,22,16.670144132831503
12,23,14.226219431761375
12,25,12.018556151807294
12,26,17.491410392258214
12,27,4.769988224285811
12,28,8.270784372120813
12,29,11.718440285410585
12,30,18.426924385043666
12,31,16.628208084151684
12,32,23.061452393717982
12,33,9.09093070786372
12,34,3.1981291505556864
12,35,8.16965842246758
12,36,7.255662858005034
12,37,10.62054135090129
12,38,11.052172174188625
12,39,11.20695246590883
12,40,10.126678105873246
12,41,9.258336174483308
12,42,8.106478781243375
12,43,14.934911743087431
12,44,15.752036150949099
12,45,12.668336340711157
12,46,17.533312824791786
12,47,8.362854964611602
12,48,8.366537633955161
12,49,8.773344501257581
12,50,6.333834832395859
12,51,19.978502641475693
12,52,24.669164389243022
12,53,14.72716064120982
12,54,20.765551870759133
12,55,32.80890554574826
12,56,36.35390880876244
12,57,36.30486739240749
12,58,21.716602998928792
12,59,24.074565555881858
12,60,22.89843719014053
12,61,20.354788198226707
12,62,19.502859722165205
12,63,8.061964033956194
12,64,19.111974965847157
12,65,9.869918653215516
12,66,31.739362500666417
12,67,31.528615995867572
12,68,30.959751194793558
12,69,31.184064620859964
12,70,34.84483353956311
12,71,35.52444459609886
12,72,4.041350930115372
12,73,23.26643183790032
12,74,22.594666057804826
12,75,26.494981516488036
13,0,37.56141399174189
13,1,37.58480716689057
13,2,29.356234141940092
13,3,78.07931344657727
13,4,39.17722452274378
13,5,39.51810555378257
13,6,37.77573265125845
13,7,38.79635950533429
13,8,2.166609492476584
13,9,3.182799584038595
13,10,39.384489521609474
13,11,38.43671906056397
13,12,1.8220251267166439
13,13,0.0
13,14,7.431219993413588
13,15,6.4064600957111235
13,16,13.508831458858504
13,17,14.502708107623425
13,18,19.55120205049913
13,19,18.80210065335875
13,20,18.542188499764116
13,21,16.67518241169082
13,22,16.6856402400876
13,23,14.20110342621377
13,25,11.899335970303996
13,26,16.841573048159727
13,27,3.6921910676889818
13,28,7.430284637067795
13,29,12.704461405059275
13,30,19.000170575378416
13,31,15.891182118544608
13,32,24.488774071841174
13,33,8.260099401913552
13,34,1.8828636504596103
13,35,8.610221107822682
13,36,7.9207106565570315
13,37,10.070912579415218
13,38,11.467454577736211
13,39,11.328275556641993
13,40,9.844562037728378
13,41,8.768063551846115
13,42,7.499995511555816
13,43,16.133581937285907
13,44,16.427980489002895
13,45,14.339901227898823
13,46,18.513933633659544
13,47,9.712487402518883
13,48,9.882373548093991
13,49,9.399490084537712
13,50,6.405461750332269
13,51,20.350351101304483
13,52,25.136731291754483
13,53,14.076431015036228
13,54,21.538166987749435
13,55,34.2132461156275
13,56,37.78121826890134
13,57,37.78470604247192
13,58,22.189397930495183
13,59,24.689593548765796
13,60,23.528195886522035
13,61,21.107854805288387
13,62,18.60245532517268
13,63,8.993623753691152
13,64,18.21232934306076
13,65,9.52792202511844
13,66,32.986531607292456
13,67,32.69989186868297
13,68,32.61666112048618
13,69,32.93581113491766
13,70,36.602264857445064
13,71,37.24659586495271
13,72,2.2203311176736835
13,73,24.64374179973592
13,74,23.697536157314296
13,75,27.7076951800598
14,0,30.452964546563553
14,1,30.573663194286528
14,2,21.958122673881554
14,3,71.6176846591852
14,4,32.377047726421594
14,5,33.02463378114094
14,6,30.79687886597467
14,7,31.89130630833114
14,8,8.662420794484508
14,9,6.5315876708605245
14,10,32.889818034204616
14,11,32.00847838055648
14,12,6.6638812100233284
14,13,7.431219993413588
14,14,0.0
14,15,1.0445453369551438
14,16,7.3296382316677455
14,17,7.29016346719813
14,18,12.788133141409382
14,19,12.146861350076232
14,20,12.16652452567147
14,21,9.904450160638376
14,22,10.685491660934858
14,23,8.449848297496638
14,25,6.697165400503644
14,26,13.254049756714899
14,27,6.23853494248045
14,28,6.603258556918284
14,29,5.3353710081298935
14,30,11.771093901317467
14,31,12.763419331938183
14,32,17.76853501450931
14,33,7.039194832481295
14,34,9.313091454170129
14,35,1.9875543837195642
14,36,0.7030318221751799
14,37,7.002804010374393
14,38,4.604437873772899
14,39,5.3427420221803175
14,40,5.692463028735824
14,41,5.850736425574715
14,42,5.63872342473533
14,43,9.001994701230966
14,44,9.089235149979729
14,45,9.45452868568863
14,46,11.105148969829894
14,47,3.731764159459703
14,48,4.793285964661845
14,49,2.1566405072176478
14,50,2.713524042182004
14,51,13.427765260196557
14,52,18.04048553047733
14,53,10.75136456065544
14,54,14.137215792999609
14,55,27.33024452003656
14,56,30.939140546502433
14,57,31.100278019940237
14,58,15.091554269725505
14,59,17.41074472606514
14,60,16.23460301358039
14,61,13.716853463642458
14,62,16.01731452857676
14,63,1.683839997311432
14,64,15.650144048541364
14,65,5.71832613562433
14,66,25.788577382645755
14,67,25.402860383674913
14,68,26.804343865998515
14,69,27.922882147496896
14,70,31.59246669297713
14,71,31.86416929246745
14,72,8.721778330026835
14,73,17.774906887741576
14,74,16.357508297937184
14,75,20.480192093614246
15,0,31.486795260762623
15,1,31.599652070334656
15,2,23.000051732501603
15,3,72.5999421309351
15,4,33.38376261073796
15,5,33.99900606883048
15,6,31.82009145906603
15,7,32.90805314728757
15,8,7.618940241386872
15,9,5.5292146720523325
15,10,33.8642495280618
15,11,32.97488532636157
15,12,5.724311814210418
15,13,6.4064600957111235
15,14,1.0445453369551438
15,15,0.0
15,16,7.935295937147572
15,17,8.210530145559
15,18,13.594505323592992
15,19,12.922809084383646
15,20,12.872925771325434
15,21,10.699480540180925
15,22,11.289813178916758
15,23,8.963767304849302
15,25,7.029774733014136
15,26,13.39203375244153
15,27,5.264896400382607
15,28,6.038010316327658
15,29,6.379760060909169
15,30,12.707522816266433
15,31,12.811047058307008
15,32,18.75656856023795
15,33,6.567473532834069
15,34,8.289288655193985
15,35,2.543217609232598
15,36,1.5363914430158245
15,37,6.8653683400103755
15,38,5.374514857024354
15,39,5.843556981503354
15,40,5.71582110739346
15,41,5.605834311490588
15,42,5.164759890412559
15,43,10.027405894945884
15,44,10.062017344572611
15,45,10.107098526161575
15,46,12.146574681015288
15,47,4.444576203104946
15,48,5.33868845989214
15,49,3.05092789912053
15,50,2.148110563183924
15,51,14.278149466957965
15,52,18.94562234071978
15,53,10.795511779250916
15,54,15.140509672390587
15,55,28.343303686105926
15,56,31.949511845283393
15,57,32.09451086798617
15,58,15.993335810929517
15,59,18.368627569715812
15,60,17.19660438225923
15,61,14.715138528221733
15,62,16.01769373299807
15,63,2.7096486844755785
15,64,15.642391160327406
15,65,5.661756319138649
15,66,26.827920967899978
15,67,26.446834986476667
15,68,27.690032438447844
15,69,28.704415859908558
15,70,32.38035178823668
15,71,32.701371845205365
15,72,7.67841232322553
15,73,18.7805084475584
15,74,17.40202812715266
15,75,21.52060611666766
16,0,28.233938991342043
16,1,28.683214013100798
16,2,18.540853900678734
16,3,70.26387104951203
16,4,31.0304277829141
16,5,32.390277485923065
16,6,28.99994178912045
16,7,30.2729819841423
16,8,13.840211972273112
16,9,11.158713121740538
16,10,32.25816042508723
16,11,31.55672638537884
16,12,13.383654873214207
16,13,13.508831458858504
16,14,7.3296382316677455
16,15,7.935295937147572
16,16,0.0
16,17,3.4940406445906786
16,18,6.150370345465118
16,19,5.347192584125348
16,20,5.038372461236958
16,21,3.4433452559798443
16,22,3.358877142237373
16,23,1.3685017593418718
16,25,2.2537329585259633
16,26,7.470857265475491
16,27,10.615393933865342
16,28,7.88778333977129
16,29,6.456703303827538
16,30,6.581922747818397
16,31,7.58701636932199
16,32,17.626754899199426
16,33,7.48800078559177
16,34,15.274875240772598
16,35,5.402195408210619
16,36,6.626619597838286
16,37,5.367495568446349
16,38,2.9467412974896363
16,39,2.1848221284715117
16,40,4.324335186050236
16,41,5.798411684950774
16,42,7.012473071700178
16,43,9.382164736060142
16,44,5.239685598583885
16,45,13.917436016154802
16,46,8.89566270325985
16,47,9.308519274460023
16,48,10.646559318551473
16,49,5.356295225311543
16,50,7.116495373924168
16,51,7.087012200961752
16,52,11.97503505737852
16,53,6.023032278724255
16,54,9.848672677676518
16,55,25.97919979969796
16,56,29.536593819844317
16,57,30.101165229554166
16,58,9.129570530405969
16,59,11.999001510619705
16,60,10.956831728913599
16,61,9.362711356385564
16,62,10.736211129614833
16,63,6.9834773172113165
16,64,10.450596558135992
16,65,4.758854130550865
16,66,23.42090127927209
16,67,22.566328840799034
16,68,27.776955863302884
16,69,30.022367390150503
16,70,33.51386879295794
16,71,33.250680003617205
16,72,13.883884651422951
16,73,17.213326937533907
16,74,13.934019600525763
16,75,18.31749202653327
17,0,25.123322139278073
17,1,25.497351008491133
17,2,15.717095172284479
17,3,67.06591615757041
17,4,27.746656814031006
17,5,29.003060310534373
17,6,25.795317470173206
17,7,27.037490129301073
17,8,15.316040885665748
17,9,12.764869032071102
17,10,28.870208913815542
17,11,28.145524863108445
17,12,13.933451401491626
17,13,14.502708107623425
17,14,7.29016346719813
17,15,8.210530145559
17,16,3.4940406445906786
17,17,0.0
17,18,5.789141506469512
17,19,5.3355396066649305
17,20,5.786969164581275
17,21,3.178151002955793
17,22,5.3051449843198615
17,23,4.65379011266242
17,25,5.4282742308500325
17,26,10.776028445147771
17,27,12.288700142101339
17,28,10.370386597501593
17,29,3.8763517909907614
17,30,4.502098871133557
17,31,11.015871231796366
17,32,14.142400326529112
17,33,10.175886394045586
17,34,16.370290947540987
17,35,5.90143908242721
17,36,6.677830105971356
17,37,8.363383821392059
17,38,3.164043690766846
17,39,4.320623488461273
17,40,6.991220721307003
17,41,8.378471997143741
17,42,9.34145925773024
17,43,6.001492002087789
17,44,2.094506399513735
17,45,11.285958778748208
17,46,5.494354643539951
17,47,7.75063776816351
17,48,8.980661340961927
17,49,5.1601437007541575
17,50,8.310661576015907
17,51,6.2433612374628495
17,52,10.751074792840155
17,53,9.514877257323906
17,54,7.2404721851306215
17,55,22.67201915215489
17,56,26.2564394493235
17,57,26.75638926194064
17,58,7.804341939552865
17,59,10.186889672726991
17,60,9.027638957996187
17,61,6.775054658871619
17,62,14.076806795695356
17,63,6.188027432982401
17,64,13.813904395488942
17,65,7.4035671246826125
17,66,20.315483009212407
17,67,19.5871291317251
17,68,24.28298656164954
17,69,26.57243673856529
17,70,30.04390356616844
17,71,29.759570019358577
17,72,15.368382132582735
17,73,13.751124730831847
17,74,10.720996407693832
17,75,15.11046082759846
18,0,23.987694148726746
18,1,24.65721441639715
18,2,13.910029501081578
18,3,65.91970186176869
18,4,27.315997629403203
18,5,29.160876300083224
18,6,25.030020503801403
18,7,26.38622748415241
18,8,19.980806300638047
18,9,17.30422757884133
18,10,29.03564151255832
18,11,28.498828728398138
18,12,19.257515110577287
18,13,19.55120205049913
18,14,12.788133141409382
18,15,13.594505323592992
18,16,6.150370345465118
18,17,5.789141506469512
18,18,0.0
18,19,0.8693815616333014
18,20,1.8983238915337795
18,21,2.8971963177205766
18,22,3.8541717152798665
18,23,5.943707373027982
18,25,8.207163865389052
18,26,9.64359101995002
18,27,16.763692065496187
18,28,13.928381630769856
18,29,9.508737043956167
18,30,3.0459823650911817
18,31,10.49371421586159
18,32,15.854950917832767
18,33,13.435189116282595
18,34,21.35402393639294
18,35,11.09095671765745
18,36,12.118416876165593
18,37,11.178082633573252
18,38,8.220373935757072
18,39,8.270847256431596
18,40,10.39933575575736
18,41,11.853731638135097
18,42,13.1189236634488
18,43,10.185948999127275
18,44,5.044152046609973
18,45,16.473602321380078
18,46,7.57121498984083
18,47,13.530687209194431
18,48,14.736074299488461
18,49,10.6356289383421
18,50,13.1486350337505
18,51,1.1403068971574521
18,52,5.8914765022204945
18,53,9.967687128740838
18,54,5.754560934275423
18,55,22.481472369473696
18,56,25.836966616234278
18,57,26.68239088026766
18,58,3.2661464026950977
18,59,6.318681301706279
18,60,5.507230084246549
18,61,5.365186762089244
18,62,12.634982550283025
18,63,11.894596582509843
18,64,12.517016449175753
18,65,10.824979795360111
18,66,19.283732925319317
18,67,18.123843456345398
18,68,26.04096547266619
18,69,29.111176475995418
18,70,32.2958647769586
18,71,31.595709524316387
18,72,20.025387400230024
18,73,15.139216856482053
18,74,10.740806851420555
18,75,14.733406411805287
19,0,24.742287599445394
19,1,25.389572535617024
19,2,14.68418897934043
19,3,66.70652333339481
19,4,28.01855217249753
19,5,29.811688921631053
19,6,25.756928654185145
19,7,27.106202964502515
19,8,19.187232447350237
19,9,16.505766381414016
19,10,29.68546198325555
19,11,29.128634202680487
19,12,18.55420402497776
19,13,18.80210065335875
19,14,12.146861350076232
19,15,12.922809084383646
19,16,5.347192584125348
19,17,5.3355396066649305
19,18,0.8693815616333014
19,19,0.0
19,20,1.1770552909637604
19,21,2.255746840613274
19,22,2.996480172436875
19,23,5.084318458297887
19,25,7.364402635945469
19,26,8.901052926360892
19,27,15.961418107825647
19,28,13.08182668190668
19,29,9.150393142456414
19,30,3.379010844321243
19,31,9.711025534465215
19,32,16.273775666501113
19,33,12.579714720452637
19,34,20.592638961337457
19,35,10.401468118468012
19,36,11.467603151580796
19,37,10.317531744066294
19,38,7.553162684097584
19,39,7.49289551043653
19,40,9.562751099357808
19,41,11.011621659256695
19,42,12.28502736124439
19,43,10.158006518745568
19,44,4.902298152877543
19,45,16.289833727269727
19,46,7.785380965784485
19,47,13.080513685964553
19,48,14.316167607921718
19,49,10.00433580602579
19,50,12.396648578973375
19,51,1.9885614485035676
19,52,6.751843373102406
19,53,9.125712608474549
19,54,6.374923583456508
19,55,23.150367611639144
19,56,26.5355541748427
19,57,27.350748627091846
19,58,4.127254489361111
19,59,7.174966982106864
19,60,6.3353735298464136
19,61,5.9567950143151425
19,62,11.955053331548495
19,63,11.329096055594844
19,64,11.82090593086618
19,65,9.986154703131872
19,66,20.017966164647824
19,67,18.888690472678142
19,68,26.502129179721006
19,69,29.473361024059045
19,70,32.705504361514215
19,71,32.05986769671199
19,72,19.231003258734795
19,73,15.593870050151912
19,74,11.309224269106505
19,75,15.385520891894263
20,0,25.880444767529724
20,1,26.540761756286063
20,2,15.807177674488594
20,3,67.81797065077582
20,4,29.18227307796199
20,5,30.98676904350926
20,6,26.91079643319547
20,7,28.26325121747806
20,8,18.796729488226454
20,9,16.106381839440402
20,10,30.86065183933184
20,11,30.305366361894766
20,12,18.40899747052011
20,13,18.542188499764116
20,14,12.16652452567147
20,15,12.872925771325434
20,16,5.038372461236958
20,17,5.786969164581275
20,18,1.8983238915337795
20,19,1.1770552909637604
20,20,0.0
20,21,2.613353200118868
20,22,2.12049201211602
20,23,4.490527553456058
20,25,6.840604705735885
20,26,7.751811482895991
20,27,15.550885775884934
20,28,12.496963932011822
20,29,9.661658198079234
20,30,4.5217523297535465
20,31,8.595708271006899
20,32,17.410881165150197
20,33,11.9430374188782
20,34,20.29495322906519
20,35,10.330776953240724
20,36,11.472529961800467
20,37,9.652900261933427
20,38,7.569048573225707
20,39,7.223174281046451
20,40,9.04794923813761
20,41,10.459824313509321
20,42,11.7660646141083
20,43,11.02126769213597
20,44,5.7298257376490085
20,45,16.969736496871594
20,46,8.839846192490056
20,47,13.428836894231106
20,48,14.702725712581223
20,49,10.062608966388604
20,50,12.15471484607728
20,51,3.029989031557123
20,52,7.5320638890894385
20,53,8.11966621293066
20,54,7.550858610742812
20,55,24.322520738476385
20,56,27.700499927150492
20,57,28.523166913914732
20,58,5.112871854401951
20,59,8.166429295403129
20,60,7.395990699913134
20,61,7.133824669133896
20,62,10.782164159627593
20,63,11.500099506328068
20,64,10.6518881936621
20,65,9.457320704632519
20,66,21.167887206101792
20,67,20.019301530094822
20,68,27.651024746926645
20,69,30.58004555227683
20,70,33.83341890884917
20,71,33.20890288313392
20,72,18.83778493411551
20,73,16.74396292043765
20,74,12.484713312019574
20,75,16.559835330776025
21,0,25.274414254575245
21,1,25.812305078169828
21,2,15.392672845415472
21,3,67.32952974259172
21,4,28.296812880549194
21,5,29.872248115638076
21,6,26.152897632721352
21,7,27.464749424301605
21,8,17.16556769914244
21,9,14.503007825177615
21,10,29.742679641526877
21,11,29.112222394780126
21,12,16.360856349835064
21,13,16.67518241169082
21,14,9.904450160638376
21,15,10.699480540180925
21,16,3.4433452559798443
21,17,3.178151002955793
21,18,2.8971963177205766
21,19,2.255746840613274
21,20,2.613353200118868
21,21,0.0
21,22,2.707784559980296
21,23,3.657197501639978
21,25,5.649134886531215
21,26,8.879256934932698
21,27,13.972476777404315
21,28,11.330270271914866
21,29,7.049752128917026
21,30,3.362283510229576
21,31,9.434601117128414
21,32,15.6690998446536
21,33,10.913846667879765
21,34,18.488959581294402
21,35,8.19377041222055
21,36,9.229948686569045
21,37,8.738566672540811
21,38,5.324965690855308
21,39,5.456809274533688
21,40,7.767349911706316
21,41,9.240957518405548
21,42,10.451441829958975
21,43,8.58711834637212
21,44,3.3546958850786113
21,45,14.37522833434898
21,46,6.857576578414123
21,47,10.874195358987528
