source_id,target_id,rtt
0,0,0.0
0,1,1.0398359012303084
0,2,1.101062529925249
0,3,0.8887081375338349
0,4,1.0616252034977207
0,5,1.7130784630031028
0,6,1.679001526775227
0,7,1.2898224855122868
0,8,10.590787749007463
0,9,11.297295404765867
0,10,51.58911357774549
0,11,3.213327004574323
0,12,6.644231206634066
0,13,7.049444442527367
0,14,4.9212000873925765
0,15,6.526379903739964
0,16,8.088134226258976
0,17,51.58911357774549
0,18,10.830726583165466
0,19,5.123794342481372
0,20,4.88450902502078
0,21,5.0206593837859765
0,22,3.7078390638565684
0,23,4.380651261973906
0,24,2.9890626874004522
0,25,7.033127923981184
0,26,7.3466815518640844
0,27,5.589725789004378
0,28,2.7483485637674248
0,29,8.737117031314636
0,30,12.908555321935612
0,31,8.92185338822415
0,32,12.27206624140171
0,33,11.573685252514586
0,34,5.932922461743427
0,35,10.037311359139755
0,36,12.538970937908203
0,37,6.380644239233683
0,38,12.31058267418877
0,39,8.366772788928099
0,40,10.301370384192978
0,41,8.116622001936172
0,42,11.787440595354054
0,43,9.787394184980403
0,44,5.460160735392166
0,45,5.696203270393988
0,46,12.482419387479682
0,47,5.0135249169751335
0,48,7.379593724169308
0,49,4.475310291749321
0,50,7.213130490955733
0,51,51.58911357774549
0,52,4.683443865456479
0,53,5.01793772889352
0,54,5.683122438696725
0,55,10.908483900424795
0,56,2.5543099822547624
0,57,3.4096647307571097
0,58,3.5358772941437366
0,59,11.427624869691659
0,60,2.6931086437028475
0,61,3.9498101215592154
0,62,3.8543606726116453
0,63,4.70790816143201
0,64,10.476581419831717
0,65,51.58911357774549
0,66,51.58911357774549
0,68,9.83311696823621
0,69,13.17907183298701
0,70,1.7279380503256612
0,71,1.9966297079371826
0,72,9.296773972057485
0,73,7.2265947407175615
0,74,3.6108295552787473
0,75,1.8508804686620872
0,76,4.048179225990516
0,77,4.691371348798274
0,78,3.818988453346292
0,79,4.858185914323549
0,80,3.5169764975247637
0,81,2.335131172926063
1,0,1.0398359012303084
1,1,0.0
1,2,1.651777327118204
1,3,1.860661155965983
1,4,1.3144713382105502
1,5,2.2639303448089807
1,6,0.99305240270151
1,7,1.4255219659050535
1,8,10.28438855317747
1,9,10.97975305516944
1,10,52.51882906929952
1,11,2.2100976356254485
1,12,5.934625119373063
1,13,6.409035583818246
1,14,4.675193705341486
1,15,6.571165100454527
1,16,7.825955503549133
1,17,52.51882906929952
1,18,10.318783002829418
1,19,4.137027272819343
1,20,3.939482332927406
1,21,5.044970042681412
1,22,3.7367796686632757
1,23,4.039546094947463
1,24,2.8371759210855743
1,25,6.157350175924257
1,26,6.58566571787258
1,27,5.532377611461365
1,28,1.7086060878274862
1,29,8.078887347123445
1,30,12.608729279095702
1,31,8.534014759017255
1,32,11.671005756092354
1,33,10.955560269999763
1,34,5.197725431724436
1,35,9.625961716648089
1,36,12.161234224536416
1,37,6.27275340031434
1,38,11.826193044220641
1,39,7.688222681709866
1,40,10.061350564240337
1,41,7.772486440083093
1,42,11.504990722898581
1,43,9.485676045949559
1,44,4.828382773173965
1,45,5.284555621916544
1,46,11.925328602304617
1,47,4.61619967663052
1,48,7.2388755090689765
1,49,3.769609539305019
1,50,7.133891190724994
1,51,52.51882906929952
1,52,4.157324653034234
1,53,4.199988809266607
1,54,4.791503275756494
1,55,10.511647249146641
1,56,1.5605993700149106
1,57,2.372764227417676
1,58,2.497878237163342
1,59,11.063187278092562
1,60,1.7169801749866873
1,61,2.971940802641144
1,62,2.8433168356159397
1,63,3.7034196288308663
1,64,9.852263495320189
1,65,52.51882906929952
1,66,52.51882906929952
1,68,9.19581278090406
1,69,12.68182780678983
1,70,1.7234883113294925
1,71,0.9740971312064722
1,72,8.78380157052093
1,73,6.67471090969288
1,74,2.6360641260664623
1,75,1.9967395437198179
1,76,3.280740494369905
1,77,3.8820736017020736
1,78,3.03704394413466
1,79,4.132151136353384
1,80,3.058036383636379
1,81,1.7041216409787034
2,0,1.101062529925249
2,1,1.651777327118204
2,2,0.0
2,3,0.8392678197156987
2,4,2.1624719158337524
2,5,2.7282309266530502
2,6,2.5723827951716123
2,7,2.3890859519775374
2,8,11.679894975873754
2,9,12.385045490183764
2,10,50.92073012829747
2,11,3.3667256733522795
2,12,7.568114268432378
2,13,8.017868276978273
2,14,6.011911712556859
2,15,7.616147841594551
2,16,9.181475521721078
2,17,50.92073012829747
2,18,11.865487313585826
2,19,5.714602033939978
2,20,5.560207925711842
2,21,6.116151313660042
2,22,4.806271370117032
2,23,5.452585058216505
2,24,4.083262148797534
2,25,7.802579567927639
2,26,8.232283538870714
2,27,6.689942130279645
2,28,3.158667982721274
2,29,9.697391978251877
2,30,13.999719169592721
2,31,9.993462132426613
2,32,13.267645227075134
2,33,12.559685618937264
2,34,6.837173067166034
2,35,11.104084294962645
2,36,13.61577763572623
2,37,7.481690322549454
2,38,13.356677238908421
2,39,9.313839326824763
2,40,11.398326348019365
2,41,9.196936682989438
2,42,12.88047702561148
2,43,10.87669933248056
2,44,6.429560153562634
2,45,6.755569322112721
2,46,13.499491448407676
2,47,6.074440262321452
2,48,8.480554616124465
2,49,5.396491019040464
2,50,8.313310656331668
2,51,50.92073012829747
2,52,5.699682709532978
2,53,5.85139709640254
2,54,6.434482425204971
2,55,11.979724750651293
2,56,3.1691956596077717
2,57,3.714621620474206
2,58,3.9461742265540716
2,59,12.506681327802225
2,60,2.8196905840332054
2,61,4.572380161357471
2,62,4.395237492799101
2,63,5.255899576320609
2,64,11.458328040974992
2,65,50.92073012829747
2,66,50.92073012829747
2,68,10.806935604630734
2,69,14.221084514061209
2,70,0.9277683333591579
2,71,2.563858375137212
2,72,10.329558129576196
2,73,8.240009377571019
2,74,3.6568002189697357
2,75,0.8817810941084805
2,76,4.923448834868662
2,77,4.36516388739762
2,78,3.5016603558892436
2,79,4.408009655555413
2,80,2.8472243978326666
2,81,2.0101776501908453
3,0,0.8887081375338349
3,1,1.860661155965983
3,2,0.8392678197156987
3,3,0.0
3,4,1.7909396225261527
3,5,2.092891267911585
3,6,2.5669951635745476
3,7,2.0254423354510855
3,8,11.289739782369118
3,9,11.99969302418645
3,10,50.7023692738233
3,11,3.90900060858467
3,12,7.512760138740844
3,13,7.899422547220603
3,14,5.632988561341894
3,15,7.045698433418575
3,16,8.775970790154025
3,17,50.7023692738233
3,18,11.626091279343061
3,19,5.9895239435587815
3,20,5.764734167940638
3,21,5.579982831663761
3,22,4.3018582571955735
3,23,5.1436552356203045
3,24,3.7060742700160025
3,25,7.921823997560223
3,26,8.224412875318494
3,27,6.188445798858564
3,28,3.546025265601919
3,29,9.588557518301748
3,30,13.596817625830129
3,31,9.668124664820413
3,32,13.099606631544598
3,33,12.408127469507681
3,34,6.8080326942761245
3,35,10.790453984248794
3,36,13.268906239255568
3,37,6.9979197983791
3,38,13.0912327190786
3,39,9.224540164066854
3,40,10.96537470249205
3,41,8.845896065939552
3,42,12.469427202702505
3,43,10.4870791702746
3,44,6.313239840577737
3,45,6.47269606225242
3,46,13.293085464134878
3,47,5.790978084573427
3,48,8.005373329032958
3,49,5.348918119931882
3,50,7.803744459893479
3,51,50.7023692738233
3,52,5.510536405272901
3,53,5.905057788030483
3,54,6.571139845617954
3,55,11.652062177324742
3,56,3.412993733039377
3,57,4.17480067634968
3,58,4.342251544451408
3,59,12.153762219260186
3,60,3.3670388430099094
3,61,4.818560992242596
3,62,4.70347865158035
3,63,5.5625306547328455
3,64,11.314640706212675
3,65,50.7023692738233
3,66,50.7023692738233
3,68,10.676381715594443
3,69,13.963855991825502
3,70,1.7588715743890266
3,71,2.834666458434593
3,72,10.09634777436715
3,73,8.047664787332177
3,74,4.258258160323441
3,75,1.7143480242473161
3,76,4.932027444067043
3,77,5.126446144319409
3,78,4.253544174222074
3,79,5.205376624354617
3,80,3.6794404698899346
3,81,2.7403982225261596
4,0,1.0616252034977207
4,1,1.3144713382105502
4,2,2.1624719158337524
4,3,1.7909396225261527
4,4,0.0
4,5,0.966741954768396
4,6,1.175449325548623
4,7,0.23545245562510395
4,8,9.538594637388162
4,9,10.246268309001607
4,10,52.26752976066438
4,11,3.3843027443555096
4,12,5.792432502616182
4,13,6.140859659560009
4,14,3.8698622704285177
4,15,5.485908346053477
4,16,7.032364073236243
4,17,52.26752976066438
4,18,9.835155695096196
4,19,4.701111901341447
4,20,4.370684273433651
4,21,3.9720556572901806
4,22,2.654700288382939
4,23,3.355510238202356
4,24,1.936035173296755
4,25,6.358914281099048
4,26,6.533847700063707
4,27,4.531412813816303
4,28,2.711089960064822
4,29,7.82928940918534
4,30,11.854095523664633
4,31,7.8884782708706735
4,32,11.31639529217531
4,33,10.629430960544173
4,34,5.113282865303559
4,35,9.00825285604714
4,36,11.49836975635265
4,37,5.31976219626908
4,38,11.301546778878349
4,39,7.475715931741853
4,40,9.242060315176417
4,41,7.074427860909061
4,42,10.731405680291546
4,43,8.735184605724756
4,44,4.564040188634272
4,45,4.6826179216852095
4,46,11.503694957957979
4,47,4.000561604014302
4,48,6.318084765622479
4,49,3.660181861166762
4,50,6.154658970939114
4,51,52.26752976066438
4,52,3.7337021232754077
4,53,4.304626632965673
4,54,5.054718663367679
4,55,9.87419645546929
4,56,2.2994230863167995
4,57,3.4091577859213604
4,58,3.4104265954828272
4,59,10.385138112587786
4,60,2.951857391425849
4,61,3.5456465140832694
4,62,3.554597471376268
4,63,4.351602617246017
4,64,9.53926374907248
4,65,52.26752976066438
4,66,52.26752976066438
4,68,8.906241914391932
4,69,12.173625938997425
4,70,2.698039395832514
4,71,1.916870909025829
4,72,8.30565171150404
4,73,6.2633889167821035
4,74,3.846278803237746
4,75,2.8701773005973887
4,76,3.3093203206583492
4,77,5.185629633089536
4,78,4.348440937252319
4,79,5.446340373608458
4,80,4.315356175556972
4,81,2.9979980284387806
5,0,1.7130784630031028
5,1,2.2639303448089807
5,2,2.7282309266530502
5,3,2.092891267911585
5,4,0.966741954768396
5,5,0.0
5,6,2.0583741329008776
5,7,0.9568130089591157
5,8,9.299685870478683
5,9,10.011585668793122
5,10,51.868287783704716
5,11,4.34560926171101
5,12,6.10629663258684
5,13,6.354893311415007
5,14,3.7183679174049633
5,15,4.954280567975594
5,16,6.783976156413372
5,17,51.868287783704716
5,18,9.817951167516265
5,19,5.449803352089906
5,20,5.066497864444407
5,21,3.5036240532576333
5,22,2.2650177899209405
5,23,3.3615875430956956
5,24,1.9091118606449244
5,25,6.8794873140954635
5,26,6.8902933959154975
5,27,4.130362872470534
5,28,3.650303490141905
5,29,8.020912412652368
5,30,11.587783896331572
5,31,7.760712835875486
5,32,11.387027251364335
5,33,10.728042557179512
5,34,5.488230925386198
5,35,8.888763342661031
5,36,11.31566037336847
5,37,4.947746997319601
5,38,11.236983772589463
5,39,7.700723871269847
5,40,8.938063955239425
5,41,6.914271715314594
5,42,10.456168976417654
5,43,8.501152375225717
5,44,4.836928049981414
5,45,4.680572075526927
5,46,11.520452519502108
5,47,4.0225963302578505
5,48,5.956365299798643
5,49,4.088911902366246
5,50,5.733285677113586
5,51,51.868287783704716
5,52,3.93423100282739
5,53,4.829580906116377
5,54,5.642690987818376
5,55,9.72782990834351
5,56,3.1940057583076498
5,57,4.345695415372545
5,58,4.316035536250829
5,59,10.198443895932618
5,60,3.9185294562177844
5,61,4.332594985326099
5,62,4.393128979168672
5,63,5.145001871740935
5,64,9.65932938793104
5,65,51.868287783704716
5,66,51.868287783704716
5,68,9.051902151317263
5,69,12.115842566690896
5,70,3.4409970934532703
5,71,2.8654631889523126
5,72,8.31257796124366
5,73,6.364870608130147
5,74,4.810627006440838
5,75,3.5493410945697663
5,76,3.845768060903716
5,77,6.144645338377953
5,78,5.300610058499272
5,79,6.3911884346035
5,80,5.185623675018018
5,81,3.9115608391782137
6,0,1.679001526775227
6,1,0.99305240270151
6,2,2.5723827951716123
6,3,2.5669951635745476
6,4,1.175449325548623
6,5,2.0583741329008776
6,6,0.0
6,7,1.1053373945371006
6,8,9.299361534463875
6,9,9.992883778281973
6,10,53.25717405153977
6,11,2.3768699188666744
6,12,5.000413889040182
6,13,5.446492690044201
6,14,3.718199553942782
6,15,5.71652816092132
6,16,6.851473099738718
6,17,53.25717405153977
6,18,9.331134840149744
6,19,3.5518570067214714
6,20,3.256003490291736
6,21,4.199952531919279
6,22,2.929827370747333
6,23,3.062752545845466
6,24,1.964205476852351
6,25,5.357471203305619
6,26,5.682502561317786
6,27,4.638911966572794
6,28,1.6175791536914093
6,29,7.125019914202909
6,30,11.62326333607043
6,31,7.542145408700799
6,32,10.701365215320982
6,33,9.99040317528084
6,34,4.276149597448445
6,35,8.633026490699226
6,36,11.169038092854974
6,37,5.350921511082396
6,38,10.836101596469124
6,39,6.742101462792659
6,40,9.087922493680622
6,41,6.784823640963528
6,42,10.522590418228225
6,43,8.501945149498647
6,44,3.8595830799421345
6,45,4.293289299919259
6,46,10.945559855782433
6,47,3.6274348862409314
6,48,6.29950314370716
6,49,2.8272634263589436
6,50,6.217755830731977
6,51,53.25717405153977
6,52,3.1661221365072745
6,53,3.3392300877700882
6,54,4.014173575183026
6,55,9.518961400333945
6,56,1.136414542398386
6,57,2.3026951844199472
6,58,2.257727248321321
6,59,10.071947818929477
6,60,2.0443770252973326
6,61,2.385188158547293
6,62,2.379531240979369
6,63,3.1849836395384545
6,64,8.888282782154233
6,65,53.25717405153977
6,66,53.25717405153977
6,68,8.23552526711303
6,69,11.693215456413556
6,70,2.714967682792452
6,71,0.8873108654615907
6,72,7.7955739798728425
6,73,5.690379734726033
6,74,2.859571906620186
6,75,2.989407982285936
6,76,2.3753974846478094
6,77,4.354444250126525
6,78,3.5850679517571686
6,79,4.698793607242448
6,80,3.8797289236411623
6,81,2.4998388928881665
7,0,1.2898224855122868
7,1,1.4255219659050535
7,2,2.3890859519775374
7,3,2.0254423354510855
7,4,0.23545245562510395
7,5,0.9568130089591157
7,6,1.1053373945371006
7,7,0.0
7,8,9.30531628553767
7,9,10.01273794191834
7,10,52.46242842446196
7,11,3.402839432520379
7,12,5.578006274239071
7,13,5.917197439152554
7,14,3.636142979491138
7,15,5.279687632197741
7,16,6.800107903997012
7,17,52.46242842446196
7,18,9.600857361942738
7,19,4.575693706010714
7,20,4.227206440440262
7,21,3.761574435118834
7,22,2.442072491190999
7,23,3.1201459581127553
7,24,1.702397911551965
7,25,6.176159380375208
7,26,6.325310571282846
7,27,4.312080667617188
7,28,2.6945110169565663
7,29,7.604966902336234
7,30,11.62147056955451
7,31,7.653126482486056
7,32,11.085520921520061
7,33,10.399880225218393
7,34,4.905329870797876
7,35,8.772819454356226
7,36,11.26345154613142
7,37,5.096480635197726
7,38,11.066462126982367
7,39,7.253939267691386
7,40,9.011672659223793
7,41,6.839563637074692
7,42,10.499313509924086
7,43,8.50189433628827
7,44,4.343655207001439
7,45,4.447598343597858
7,46,11.270601659341889
7,47,3.7656618756834384
7,48,6.092895328782771
7,49,3.4564484182199213
7,50,5.934734611715203
7,51,52.46242842446196
7,52,3.505944006925504
7,53,4.119191721361377
7,54,4.884167302624509
7,55,9.638897924835364
7,56,2.2417235088749665
7,57,3.3892301717121223
7,58,3.362304594431947
7,59,10.150369432359637
7,60,2.9962347016337856
7,61,3.4325253205357247
7,62,3.46515192860058
7,63,4.24280433570227
7,64,9.31068169778524
7,65,52.46242842446196
7,66,52.46242842446196
7,68,8.67907484147884
7,69,11.938687277868809
7,70,2.8948870194352634
7,71,1.9140646832732964
7,72,8.071764505624724
7,73,6.032493522813423
7,74,3.873543539311266
7,75,3.0787850175977405
7,76,3.122977727424641
7,77,5.260501162887569
7,78,4.436107763488151
7,79,5.541340538568781
7,80,4.463854467176408
7,81,3.1269121055385605
8,0,10.590787749007463
8,1,10.28438855317747
8,2,11.679894975873754
8,3,11.289739782369118
8,4,9.538594637388162
8,5,9.299685870478683
8,6,9.299361534463875
8,7,9.30531628553767
8,8,0.0
8,9,0.7119643159584209
8,10,59.62793623547038
8,11,10.66869371030936
8,12,5.509997164906786
8,13,4.791363092081219
8,14,5.6696329002030215
8,15,4.8023893016435455
8,16,2.5165467058211948
8,17,59.62793623547038
8,18,2.255073038459557
8,19,8.604955832707398
8,20,8.18168329808629
8,21,5.894856969604187
8,22,7.035706407392811
8,23,6.249270143015654
8,24,7.6029459377700706
8,25,6.867771109855286
8,26,5.59605731253744
8,27,5.225635488621979
8,28,9.966920572738069
8,29,4.119160113803648
8,30,2.3244742485833396
8,31,1.8854276440706206
8,32,3.8336390609134003
8,33,3.7174839284545453
8,34,6.099230440778456
8,35,1.2429637968951335
8,36,2.0827356808879602
8,37,4.411248890649864
8,38,2.6343990932105776
8,39,4.442136690802676
8,40,0.7258902382227042
8,41,2.520690122787224
8,42,1.238225697919143
8,43,0.8034242705110445
8,44,5.894685642497129
8,45,5.023996178292115
8,46,3.465536116513187
8,47,5.674400642273219
8,48,3.440673940650795
8,49,6.961822032837281
8,50,3.790863465776831
8,51,59.62793623547038
8,52,6.231496588689752
8,53,7.151119851492971
8,54,7.409273507526168
8,55,1.0101986503565368
8,56,9.439614421495515
8,57,10.173805525609056
8,58,9.781922789692933
8,59,1.028643364439188
8,60,10.745594201455933
8,61,8.796330097236922
8,62,9.186541741609778
8,63,8.931357051300939
8,64,3.529773357852518
8,65,59.62793623547038
8,66,59.62793623547038
8,68,3.6771436491020038
8,69,3.393931887878439
8,70,12.006005076127904
8,71,9.841725044069985
8,72,2.5178318166060274
8,73,4.129759228288896
8,74,11.031382177266066
8,75,12.261027995617814
8,76,7.521372215970874
8,77,12.630808960251771
8,78,12.202048044261481
8,79,13.15323823262189
8,80,12.975153536464326
8,81,11.659743968104891
9,0,11.297295404765867
9,1,10.97975305516944
9,2,12.385045490183764
9,3,11.99969302418645
9,4,10.246268309001607
9,5,10.011585668793122
9,6,9.992883778281973
9,7,10.01273794191834
9,8,0.7119643159584209
9,9,0.0
9,10,60.24020441496753
9,11,11.318944752380133
9,12,6.07296182568091
9,13,5.355808994602166
9,14,6.376642272822821
9,15,5.486794332075371
9,16,3.2281510985762174
9,17,60.24020441496753
9,18,2.2749953127344686
9,19,9.189882153547305
9,20,8.7821573510215
9,21,6.603776276162119
9,22,7.74766106772194
9,23,6.94848304667088
9,24,8.310350541060979
9,25,7.359714070988101
9,26,6.09212220781068
9,27,5.935401374072198
9,28,10.628761973803153
9,29,4.515633399921349
9,30,1.635269465129922
9,31,2.514635140245773
9,32,3.598084907478746
9,33,3.621427955005813
9,34,6.692846165521926
9,35,1.6488584370232717
9,36,1.4084211437936052
9,37,5.1197990979857915
9,38,2.211681894599876
9,39,4.87342586825654
9,40,1.2613685010994549
9,41,3.2083723368262946
9,42,0.6462854067480235
9,43,1.5126929057644827
9,44,6.533483439738144
9,45,5.709134298498956
9,46,3.1358227625941217
9,47,6.36586608103006
9,48,4.143495991785319
9,49,7.613359580546026
9,50,4.48343486631115
9,51,60.24020441496753
9,52,6.906850194432963
9,53,7.766222659891384
9,54,7.980490472771375
9,55,0.9812246704798432
9,56,10.109633028046625
9,57,10.817282719225522
9,58,10.42189026024898
9,59,0.5421719785258046
9,60,11.409347328132807
9,61,9.428578701740129
9,62,9.818737052342263
9,63,9.532392872301758
9,64,3.649772639501617
9,65,60.24020441496753
9,66,60.24020441496753
9,68,3.915806696793717
9,69,2.871452649355449
9,70,12.702281273451886
9,71,10.521927941523117
9,72,2.9353983378064714
9,73,4.726132027358503
9,74,11.672795508357126
9,75,12.959788303371191
9,76,8.175056024602162
9,77,13.260850877867984
9,78,12.851080918538031
9,79,13.788166314659458
9,80,13.646068745837914
9,81,12.338422811302763
10,0,51.58911357774549
10,1,52.51882906929952
10,2,50.92073012829747
10,3,50.7023692738233
10,4,52.26752976066438
10,5,51.868287783704716
10,6,53.25717405153977
10,7,52.46242842446196
10,8,59.62793623547038
10,9,60.24020441496753
10,10,0.0
10,11,54.102174539379156
10,12,57.97412105637101
10,13,58.18035133418794
10,14,55.235767658766115
10,15,54.97003274202627
10,16,57.52552066142924
10,17,0.0
10,18,61.04198222875777
10,19,56.63528769670017
10,20,56.45745564354372
10,21,54.33435310010495
10,22,53.690754328524676
10,23,55.11478954530214
10,24,53.7431982973429
10,25,58.61054889670251
10,26,58.756731391148826
10,27,54.9647096140984
10,28,54.06558928207364
10,29,59.7965630774249
10,30,61.34370624192177
10,31,58.800682092808984
10,32,62.803137819718536
10,33,62.25137401800044
10,34,57.346869782338686
10,35,59.82400631912393
10,36,61.63626784785083
10,37,55.643504447391344
10,38,62.16000648853977
10,39,59.51649925816268
10,40,58.97931943125291
10,41,57.95497213985127
10,42,60.363992495944686
10,43,58.99327364360576
10,44,56.702317864574354
10,45,56.328652724560925
10,46,62.748779203563025
10,47,55.74691558513974
10,48,56.41876672170647
10,49,55.91428038588345
10,50,55.99472271364611
10,51,0.0
10,52,55.788003492731555
10,53,56.56703276901035
10,54,57.27076704547072
10,55,60.44634360706149
10,56,54.075040957533716
10,57,54.55110217501812
10,58,54.835186012055985
10,59,60.65642247053648
10,60,53.59158715685006
10,61,55.485850082455684
10,62,55.31519137192727
10,63,56.174220120798005
10,64,61.27276836646527
10,65,0.0
10,66,0.0
10,68,60.734679409684254
10,69,62.99216773865563
10,70,51.33948603885001
10,71,53.474065638392965
10,72,59.717999745873435
10,73,58.068017133984036
10,74,54.227628373779446
10,75,51.00834013631679
10,76,55.574452351531136
10,77,53.94720869024782
10,78,53.42941751659781
10,79,53.55852732685099
10,80,52.12438635965012
10,81,52.482075360903394
11,0,3.213327004574323
11,1,2.2100976356254485
11,2,3.3667256733522795
11,3,3.90900060858467
11,4,3.3843027443555096
11,5,4.34560926171101
11,6,2.3768699188666744
11,7,3.402839432520379
11,8,10.66869371030936
11,9,11.318944752380133
11,10,54.102174539379156
11,11,0.0
11,12,5.539408475497923
11,13,6.175884442938202
11,14,5.53509495433928
11,15,7.780435582443726
11,16,8.403465733846035
11,17,54.102174539379156
11,18,10.223617489464363
11,19,2.789995705680392
11,20,2.8855880135360032
11,21,6.324720706179207
11,22,5.15877452677668
11,23,4.806968310247665
11,24,4.158709440102705
11,25,5.161073661796225
11,26,5.972168761055167
11,27,6.641378952336963
11,28,0.8256820070914117
11,29,7.6862429343387575
11,30,12.946595785338396
11,31,8.804450461102425
11,32,11.307214283341597
11,33,10.564901934256387
11,34,4.8015920092294175
11,35,9.797203820260282
11,36,12.33517244751088
11,37,7.239922139274905
11,38,11.756190114427042
11,39,7.257924870135539
11,40,10.593968441992926
11,41,8.17854308168365
11,42,11.906405505100885
11,43,9.907408547466789
11,44,4.790716874858496
11,45,5.734767344174918
11,46,11.670432539029502
11,47,5.180693439375417
11,48,8.08708141786728
11,49,3.7069268244713345
11,50,8.10081187333044
11,51,54.102174539379156
11,52,4.501199297586181
11,53,3.6680342335251046
11,54,3.86525357894272
11,55,10.68639540661493
11,56,1.4409729148137183
11,57,0.5546154531544386
11,58,0.9612508159522468
11,59,11.295570203853769
11,60,0.547643683115748
11,61,1.9692108899043963
11,62,1.6055665662267533
11,63,2.2921491866297177
11,64,9.47931291261674
11,65,54.102174539379156
11,66,54.102174539379156
11,68,8.8115140231762
11,69,12.560325082457817
11,70,2.774666577649997
11,71,1.4976276793265628
11,72,8.74455007505489
11,73,6.659396598827752
11,74,0.4856473100509113
11,75,3.100557729897185
11,76,3.1479392215856783
11,77,2.0987816290961763
11,78,1.5336407025172047
11,79,2.5499506679425545
11,80,2.500275511015044
11,81,1.6302389586550519
12,0,6.644231206634066
12,1,5.934625119373063
12,2,7.568114268432378
12,3,7.512760138740844
12,4,5.792432502616182
12,5,6.10629663258684
12,6,5.000413889040182
12,7,5.578006274239071
12,8,5.509997164906786
12,9,6.07296182568091
12,10,57.97412105637101
12,11,5.539408475497923
12,12,0.0
12,13,0.7187106895937415
12,14,3.1545207815184133
12,15,4.9616184308685405
12,16,3.847183169060172
12,17,57.97412105637101
12,18,4.699322964737137
12,19,3.1296320292746183
12,20,2.7666261011086295
12,21,4.425461297574841
12,22,4.483848120076265
12,23,2.9778563494753443
12,24,4.241458648081169
12,25,1.6312906484174234
12,26,0.8200342045312337
12,27,4.09126241965394
12,28,4.997679757011516
12,29,2.1743238359408177
12,30,7.642986131627347
12,31,3.648031425698346
12,32,5.806123803105133
12,33,5.072435629645289
12,34,0.7531025068054008
12,35,4.449717907034348
12,36,6.912542995937076
12,37,4.003239776478263
12,38,6.228483388523945
12,39,1.7637046197819535
12,40,5.648541237910895
12,41,3.337293475486569
12,42,6.704371558996389
12,43,4.856800619571342
12,44,1.2754712216146782
12,45,2.160707841113917
12,46,6.138101520005604
12,47,2.4554980655850875
12,48,4.222861374222363
12,49,2.17325928327785
12,50,4.525208704731133
12,51,57.97412105637101
12,52,2.2032848444623157
12,53,1.8759311280313422
12,54,1.9086702475612944
12,55,5.305886526646439
12,56,4.6226184500971685
12,57,4.996269206588416
12,58,4.585890544591542
12,59,5.944658376483508
12,60,5.764440978439772
12,61,3.570937448058296
12,62,3.9454973770623467
12,63,3.5079457543276686
12,64,3.972422773094558
12,65,57.97412105637101
12,66,57.97412105637101
12,68,3.3051467643140824
12,69,7.022480790024484
12,70,7.558552599835661
12,71,5.172347469137746
12,72,3.2712171920345177
12,73,1.4245910554745682
12,74,5.813964913874203
12,75,7.871893195034942
12,76,2.6596748465033437
12,77,7.312108705422784
12,78,7.024794115317533
12,79,7.859024805879884
12,80,8.01308059847392
12,81,6.855804300129182
13,0,7.049444442527367
13,1,6.409035583818246
13,2,8.017868276978273
13,3,7.899422547220603
13,4,6.140859659560009
13,5,6.354893311415007
13,6,5.446492690044201
13,7,5.917197439152554
13,8,4.791363092081219
13,9,5.355808994602166
13,10,58.18035133418794
13,11,6.175884442938202
13,12,0.7187106895937415
13,13,0.0
13,14,3.076544794385414
13,15,4.588592171252221
13,16,3.2068907766824313
13,17,58.18035133418794
13,18,4.048113108749969
13,19,3.8396336431077813
13,20,3.458428867048118
13,21,4.266931130330885
13,22,4.537527683690385
13,23,3.0695647971071938
13,24,4.4526193694719
13,25,2.236765368820364
13,26,1.10004559858997
13,27,3.8405053934355653
13,28,5.594081879083228
13,29,1.6892598428511416
13,30,6.930872410422657
13,31,2.932168600209551
13,32,5.2649265933903875
13,33,4.546554714572799
13,34,1.3826192034256137
13,35,3.7369221981059706
13,36,6.216185969362071
13,37,3.6187643647437917
13,38,5.580919475614389
13,39,1.345885296091404
13,40,4.938061822654718
13,41,2.6626999302478818
13,42,5.986311151801585
13,43,4.142659189535532
13,44,1.5900698596834228
13,45,1.987015363643105
13,46,5.551713246583612
13,47,2.459387644585674
13,48,3.6961000309277936
13,49,2.649788987354735
13,50,4.0374472521222176
13,51,58.18035133418794
13,52,2.426261271893379
13,53,2.5114192018708783
13,54,2.624693083201189
13,55,4.599117016419333
13,56,5.179224876431631
13,57,5.640261652113607
13,58,5.23151644551003
13,59,5.235077441772679
13,60,6.3702314078511995
13,61,4.215712949763317
13,62,4.597533869891485
13,63,4.20487724185795
13,64,3.4432482032001404
13,65,58.18035133418794
13,66,58.18035133418794
13,68,2.789081184863215
13,69,6.393776562651221
13,70,8.071815678801803
13,71,5.703512711920361
13,72,2.5829900556443723
13,73,0.7429539814956159
13,74,6.471004274779483
13,75,8.376923833795203
13,76,3.1822864001230786
13,77,7.994294668635038
13,78,7.678009899825368
13,79,8.537401135805109
13,80,8.6279199054297
13,81,7.433023844695979
14,0,4.9212000873925765
14,1,4.675193705341486
14,2,6.011911712556859
14,3,5.632988561341894
14,4,3.8698622704285177
14,5,3.7183679174049633
14,6,3.718199553942782
14,7,3.636142979491138
14,8,5.6696329002030215
14,9,6.376642272822821
14,10,55.235767658766115
14,11,5.53509495433928
14,12,3.1545207815184133
14,13,3.076544794385414
14,14,0.0
14,15,2.3590418027157685
14,16,3.171000843517593
14,17,55.235767658766115
14,18,6.110705344804131
14,19,4.552612784222804
14,20,4.014824129785934
14,21,1.3051078316644333
14,22,1.5606251572438183
14,23,0.730280057502284
14,24,1.933829863458767
14,25,4.547703060686681
14,26,3.9609143348838516
14,27,1.2178710700568194
14,28,4.732567095754462
14,29,4.579885568447092
14,30,7.9879278953708575
14,31,4.048406371587877
14,32,7.726301705378232
14,33,7.097504473220524
14,34,2.887123201564774
14,35,5.175596120827899
14,36,7.636054198886022
14,37,1.7049263545667486
14,38,7.518704157703032
14,39,4.344222588535033
14,40,5.397529474078955
14,41,3.214429963021857
14,42,6.868968927722911
14,43,4.866223713034789
14,44,2.06832626376078
14,45,1.1065988350360003
14,46,7.823666925561778
14,47,0.7348547720613143
14,48,2.5930554549591984
14,49,2.3274313971350167
14,50,2.5671964822163886
14,51,55.235767658766115
14,52,1.3890505974003717
14,53,3.074332565277463
14,54,3.8792629759560318
14,55,6.025582896322537
14,56,4.1319700122192575
14,57,5.152126195196164
14,58,4.835215410821866
14,59,6.520773712967868
14,60,5.453014175224048
14,61,4.065080049136421
14,62,4.403731779087438
14,63,4.603036270302781
14,64,6.064701851554422
14,65,55.235767658766115
14,66,55.235767658766115
14,68,5.5023535987725385
14,69,8.397718630192449
14,70,6.38055573049501
14,71,4.393487403586004
14,72,4.624423933999034
14,73,2.8373390241631733
14,74,5.980472534959869
14,75,6.61934495246215
14,76,2.6903139885348195
14,77,7.628909679887261
14,78,7.0167934774672664
14,79,8.081577467248605
14,80,7.553532119192927
14,81,6.186047763645396
15,0,6.526379903739964
15,1,6.571165100454527
15,2,7.616147841594551
15,3,7.045698433418575
15,4,5.485908346053477
15,5,4.954280567975594
15,6,5.71652816092132
15,7,5.279687632197741
15,8,4.8023893016435455
15,9,5.486794332075371
15,10,54.97003274202627
15,11,7.780435582443726
15,12,4.9616184308685405
15,13,4.588592171252221
15,14,2.3590418027157685
15,15,0.0
15,16,2.5624898700242262
15,17,54.97003274202627
15,18,6.094914278126582
15,19,6.892894568568123
15,20,6.355919697858203
15,21,1.5264080256092902
15,22,2.8432863034609417
15,23,3.0643437995553167
15,24,3.753629764764049
15,25,6.5436693773129875
15,26,5.66106546124877
15,27,1.1546451489401093
15,28,6.960199004587044
15,29,5.594735386913594
15,30,6.924022415615287
15,31,3.8609573399416104
15,32,7.884425937643683
15,33,7.409798001927737
15,34,4.949992108176738
15,35,4.854024593131579
15,36,6.884361596206551
15,37,0.9698824218396233
15,38,7.205947442366489
15,39,5.529405065143053
15,40,4.274152081989042
15,41,3.0601754425428904
15,42,5.803665742916807
15,43,4.081309703427102
15,44,4.1965449096458105
15,45,2.8755190648586573
15,46,7.783595814008169
15,47,2.981917909019269
15,48,1.4499329740354756
15,49,4.6728500458588975
15,50,1.0288374546523678
15,51,54.97003274202627
15,52,3.715841150439634
15,53,5.372981792163362
15,54,6.120129955114793
15,55,5.509001219605589
15,56,6.346211450141867
15,57,7.440319592073437
15,58,7.1471764352791
15,59,5.810337777173127
15,60,7.631155359853253
15,61,6.417520526805842
15,62,6.747737766024459
15,63,6.960358253410887
15,64,6.570172232620017
15,65,54.97003274202627
15,66,54.97003274202627
15,68,6.181522457296397
15,69,8.05770683194056
15,70,8.172775676936961
15,71,6.5064623753286295
15,72,4.916295599034463
15,73,4.016791922802676
15,74,8.24331115588652
15,75,8.356030017957519
15,76,5.0491020683020515
15,77,9.878485233733512
15,78,9.209731525605756
15,79,10.301462932344846
15,80,9.592525519733083
15,81,8.212563431423371
16,0,8.088134226258976
16,1,7.825955503549133
16,2,9.181475521721078
16,3,8.775970790154025
16,4,7.032364073236243
16,5,6.783976156413372
16,6,6.851473099738718
16,7,6.800107903997012
16,8,2.5165467058211948
16,9,3.2281510985762174
16,10,57.52552066142924
16,11,8.403465733846035
16,12,3.847183169060172
16,13,3.2068907766824313
16,14,3.171000843517593
16,15,2.5624898700242262
16,16,0.0
16,17,57.52552066142924
16,18,3.532921801648394
16,19,6.6683970506404115
16,20,6.184175049991011
16,21,3.417365320980612
16,22,4.520984807102818
16,23,3.788724921058777
16,24,5.099117043362272
16,25,5.442347242387934
16,26,4.264877774506327
16,27,2.7436156988572034
16,28,7.656214856454127
16,29,3.5131580046585755
16,30,4.822365188227892
16,31,1.3092461038884242
16,32,5.325702021137959
16,33,4.875317456938557
16,34,4.22544792857385
16,35,2.3049491828931368
16,36,4.547237138844543
16,37,1.9523875818246748
16,38,4.684825960982987
16,39,3.6035866062924042
16,40,2.236533751237945
16,41,0.6534881143801758
16,42,3.6993063705728226
16,43,1.717230089690008
16,44,3.7850113049986462
16,45,2.668940359982336
16,46,5.223882561343072
16,47,3.2639613196002353
16,48,1.1144987568232954
16,49,4.744412751323293
16,50,1.5569928238932125
16,51,57.52552066142924
16,52,3.9030363511930455
16,53,5.114868596139397
16,54,5.578881020334475
16,55,3.029667578648124
16,56,7.096269394433622
16,57,7.943051206652918
16,58,7.571246331492637
16,59,3.4333788732546138
16,60,8.420909000975913
16,61,6.635339892494422
16,62,7.019396273043034
16,63,6.91244522902388
16,64,4.1101449676191555
16,65,57.52552066142924
16,66,57.52552066142924
16,68,3.8196999061735677
16,69,5.5515084419802845
16,70,9.54082115770243
16,71,7.45019423895674
16,72,2.453500901878246
16,73,2.4662084342361665
16,74,8.80156021300216
16,75,9.785899235076162
16,76,5.280364909912316
16,77,10.436690656822066
16,78,9.931174665098611
16,79,10.935325270997087
16,80,10.609911594856817
16,81,9.267012495177099
17,0,51.58911357774549
17,1,52.51882906929952
17,2,50.92073012829747
17,3,50.7023692738233
17,4,52.26752976066438
17,5,51.868287783704716
17,6,53.25717405153977
17,7,52.46242842446196
17,8,59.62793623547038
17,9,60.24020441496753
17,10,0.0
17,11,54.102174539379156
17,12,57.97412105637101
17,13,58.18035133418794
17,14,55.235767658766115
17,15,54.97003274202627
17,16,57.52552066142924
17,17,0.0
17,18,61.04198222875777
17,19,56.63528769670017
17,20,56.45745564354372
17,21,54.33435310010495
17,22,53.690754328524676
17,23,55.11478954530214
17,24,53.7431982973429
17,25,58.61054889670251
17,26,58.756731391148826
17,27,54.9647096140984
17,28,54.06558928207364
17,29,59.7965630774249
17,30,61.34370624192177
17,31,58.800682092808984
17,32,62.803137819718536
17,33,62.25137401800044
17,34,57.346869782338686
17,35,59.82400631912393
17,36,61.63626784785083
17,37,55.643504447391344
17,38,62.16000648853977
17,39,59.51649925816268
17,40,58.97931943125291
17,41,57.95497213985127
17,42,60.363992495944686
17,43,58.99327364360576
17,44,56.702317864574354
17,45,56.328652724560925
17,46,62.748779203563025
17,47,55.74691558513974
17,48,56.41876672170647
17,49,55.91428038588345
17,50,55.99472271364611
17,51,0.0
17,52,55.788003492731555
17,53,56.56703276901035
17,54,57.27076704547072
17,55,60.44634360706149
17,56,54.075040957533716
17,57,54.55110217501812
17,58,54.835186012055985
17,59,60.65642247053648
17,60,53.59158715685006
17,61,55.485850082455684
17,62,55.31519137192727
17,63,56.174220120798005
17,64,61.27276836646527
17,65,0.0
17,66,0.0
17,68,60.734679409684254
17,69,62.99216773865563
17,70,51.33948603885001
17,71,53.474065638392965
17,72,59.717999745873435
17,73,58.068017133984036
17,74,54.227628373779446
17,75,51.00834013631679
17,76,55.574452351531136
17,77,53.94720869024782
17,78,53.42941751659781
17,79,53.55852732685099
17,80,52.12438635965012
17,81,52.482075360903394
18,0,10.830726583165466
18,1,10.318783002829418
18,2,11.865487313585826
18,3,11.626091279343061
18,4,9.835155695096196
18,5,9.817951167516265
18,6,9.331134840149744
18,7,9.600857361942738
18,8,2.255073038459557
18,9,2.2749953127344686
18,10,61.04198222875777
18,11,10.223617489464363
18,12,4.699322964737137
18,13,4.048113108749969
18,14,6.110705344804131
18,15,6.094914278126582
18,16,3.532921801648394
18,17,61.04198222875777
18,18,0.0
18,19,7.778998799752788
18,20,7.457979875953117
18,21,6.769769266144011
18,22,7.64915056142325
18,23,6.4926032034621
18,24,7.95400914349385
18,25,5.651753204475226
18,26,4.456170303496805
18,27,6.114162913179102
18,28,9.634238034853787
18,29,2.695770881423238
18,30,3.36776286066876
18,31,2.2416613200460964
18,32,1.8011752028380419
18,33,1.4912175741327804
18,34,5.4239867851912855
18,35,1.3248636923561654
18,36,2.407062040112274
18,37,5.4019575690240105
18,38,1.5328649178980687
18,39,3.119840162539603
18,40,2.928339746633668
18,41,3.0912260868130517
18,42,2.849468068804913
18,43,2.401816691136635
18,44,5.533918848881338
18,45,5.159222987969266
18,46,1.7277844194128877
18,47,5.837902577862854
18,48,4.647275097934405
18,49,6.641190059086142
18,50,5.086164918702206
18,51,61.04198222875777
18,52,6.168793726880879
18,53,6.556858453824762
18,54,6.546282061491749
18,55,1.3110073668568007
18,56,9.195656775606324
18,57,9.686289427607804
18,58,9.276861422546812
18,59,1.8261910602342573
18,60,10.41323814851797
18,61,8.260744844789158
18,62,8.63991442763688
18,63,8.189572814192312
18,64,1.394435394022495
18,65,61.04198222875777
18,66,61.04198222875777
18,68,1.7937460280816206
18,69,2.364978902493195
18,70,12.02094770213942
18,71,9.692836156744276
18,72,1.5361661603202874
18,73,3.6491068239554636
18,74,10.511383600575302
18,75,12.311955716797785
18,76,7.193820375856079
18,77,12.004774593520624
18,78,11.720913082291156
18,79,12.554354626948758
18,80,12.672647383860237
18,81,11.456846651874118
19,0,5.123794342481372
19,1,4.137027272819343
19,2,5.714602033939978
19,3,5.9895239435587815
19,4,4.701111901341447
19,5,5.449803352089906
19,6,3.5518570067214714
19,7,4.575693706010714
19,8,8.604955832707398
19,9,9.189882153547305
19,10,56.63528769670017
19,11,2.789995705680392
19,12,3.1296320292746183
19,13,3.8396336431077813
19,14,4.552612784222804
19,15,6.892894568568123
19,16,6.6683970506404115
19,17,56.63528769670017
19,18,7.778998799752788
19,19,0.0
19,20,0.5377886717158772
19,21,5.739571150323747
19,22,5.019462313569321
19,23,3.9098668390915927
19,24,4.20178447212085
19,25,2.3927037673460454
19,26,3.35528594411741
19,27,5.769206819043653
19,28,2.5908131849455804
19,29,5.12668525461446
19,30,10.770501946408011
19,31,6.7239656754949495
19,32,8.679047781534415
19,33,7.934066643030033
19,34,2.5076037793824666
19,35,7.576555659720539
19,36,10.037732108106985
19,37,6.094787429492567
19,38,9.292857349162931
19,39,4.692287145731088
19,40,8.67880612242321
19,41,6.277200276096462
19,42,9.815244852674011
19,43,7.913509645122642
19,44,2.9029546362666934
19,45,4.199171035953229
19,46,9.094737125604162
19,47,3.9162113295471612
19,48,6.696371758800974
19,49,2.2252009853055608
19,50,6.857145850742407
19,51,56.63528769670017
19,52,3.1770680963756073
19,53,1.5752376842460993
19,54,1.2333058943562754
19,55,8.435510293222741
19,56,2.577327279727604
19,57,2.2477311515809903
19,58,1.88013911359617
19,59,9.0737448052633
19,60,3.192669410036813
19,61,1.1751932823890694
19,62,1.3246040254279907
19,63,0.49826601367781137
19,64,6.877991684508949
19,65,56.63528769670017
19,66,56.63528769670017
19,68,6.2200063020878975
19,69,10.049655699901574
19,70,5.369199083693873
19,71,3.1687691763112813
19,72,6.394922411642434
19,73,4.475359396399287
19,74,2.917389961372149
19,75,5.704321418761674
19,76,1.9605840809324062
19,77,4.253813573927978
19,78,4.1061802698493945
19,79,4.811235976178788
19,80,5.261989081949177
19,81,4.364317476860752
20,0,4.88450902502078
20,1,3.939482332927406
20,2,5.560207925711842
20,3,5.764734167940638
20,4,4.370684273433651
20,5,5.066497864444407
20,6,3.256003490291736
20,7,4.227206440440262
20,8,8.18168329808629
20,9,8.7821573510215
20,10,56.45745564354372
20,11,2.8855880135360032
20,12,2.7666261011086295
20,13,3.458428867048118
20,14,4.014824129785934
20,15,6.355919697858203
20,16,6.184175049991011
