source_id,target_id,rtt
0,0,0.0
0,1,3.8476200123819053
0,2,2.7326615627705677
0,3,3.5652284929094034
0,4,10.373375523086336
0,5,10.909823263331702
0,6,4.840288450948023
0,7,10.187032929852627
0,8,14.585427418398861
0,9,15.239111227030149
0,10,62.63850755395912
0,11,5.623396611438523
0,12,9.72373004893133
0,13,10.246341602551066
0,14,9.754369190962807
0,15,12.113157270730039
0,16,12.344420112340302
0,17,62.63850755395912
0,18,14.257875578284066
0,19,9.024639283360393
0,20,8.50829722757562
0,21,10.870228876931264
0,22,10.131073581213514
0,23,9.062660682167387
0,24,9.375068109943811
0,25,10.11783225979118
0,26,10.374226933859049
0,27,10.965805269290886
0,28,6.4424697026946705
0,29,11.885420948484875
0,30,16.869271992312942
0,31,12.725701776740419
0,32,15.503875554620903
0,33,14.777856456892287
0,34,8.981655742141605
0,35,13.738148090045552
0,36,16.284731880531687
0,37,11.531962621455765
0,38,15.792812039181175
0,39,11.497079587784313
0,40,14.611820393458364
0,41,12.096302877876152
0,42,15.823360903663124
0,43,13.823687991204544
0,44,8.735066617163715
0,45,9.688835197459923
0,46,15.79753405491343
0,47,9.21983683405477
0,48,12.136490124724304
0,49,7.627653024704291
0,50,12.220723054399546
0,51,59.36537767516706
0,52,8.481590394018728
0,53,8.0602754272468
0,54,8.865272040067277
0,55,14.630208648194731
0,56,9.06624470554969
0,57,5.997486886503216
0,58,6.389048245643659
0,59,15.229803155579516
0,60,6.058455953348812
0,61,8.460363335011104
0,62,8.826292003381523
0,63,8.991246923592364
0,64,13.674353297353452
0,65,62.63850755395912
0,66,59.36537767516706
0,68,13.01131188674568
0,69,16.618291305619955
0,70,2.186049445211091
0,71,4.561679460071523
0,72,12.74434798652484
0,73,10.628963084361281
0,74,5.137749301387612
0,75,1.8508804686620872
0,76,7.064055202427987
0,77,6.7879947081991165
0,78,6.350063523234391
0,79,7.271525096916077
0,80,7.496772593019495
0,81,3.372624053325577
1,0,3.8476200123819053
1,1,0.0
1,2,2.8785206378282986
1,3,3.711087567967134
1,4,10.519234598144067
1,5,11.055682338389433
1,6,4.9861475260057535
1,7,10.33289200491036
1,8,14.73128649345659
1,9,15.38497030208788
1,10,62.78436662901685
1,11,5.769255686496255
1,12,9.869589123989062
1,13,10.392200677608797
1,14,9.900228266020537
1,15,12.259016345787769
1,16,12.490279187398034
1,17,62.78436662901685
1,18,14.403734653341797
1,19,9.170498358418124
1,20,8.65415630263335
1,21,11.016087951988997
1,22,10.276932656271246
1,23,9.208519757225117
1,24,9.520927185001542
1,25,10.263691334848911
1,26,10.520086008916781
1,27,11.111664344348616
1,28,6.588328777752402
1,29,12.031280023542603
1,30,17.015131067370675
1,31,12.871560851798149
1,32,15.649734629678633
1,33,14.923715531950016
1,34,9.127514817199335
1,35,13.88400716510328
1,36,16.430590955589416
1,37,11.677821696513496
1,38,15.938671114238906
1,39,11.642938662842043
1,40,14.757679468516095
1,41,12.242161952933882
1,42,15.969219978720854
1,43,13.969547066262276
1,44,8.880925692221446
1,45,9.834694272517655
1,46,15.943393129971161
1,47,9.3656959091125
1,48,12.282349199782034
1,49,7.773512099762021
1,50,12.366582129457274
1,51,59.51123675022479
1,52,8.627449469076458
1,53,8.206134502304531
1,54,9.011131115125007
1,55,14.776067723252464
1,56,9.212103780607421
1,57,6.1433459615609465
1,58,6.5349073207013895
1,59,15.375662230637246
1,60,6.204315028406542
1,61,8.606222410068835
1,62,8.972151078439254
1,63,9.137105998650094
1,64,13.820212372411184
1,65,62.78436662901685
1,66,59.51123675022479
1,68,13.157170961803413
1,69,16.764150380677684
1,70,2.3319085202688217
1,71,4.707538535129254
1,72,12.89020706158257
1,73,10.774822159419012
1,74,5.283608376445343
1,75,1.9967395437198179
1,76,7.2099142774857174
1,77,6.933853783256847
1,78,6.495922598292122
1,79,7.417384171973808
1,80,7.642631668077225
1,81,3.518483128383308
2,0,2.7326615627705677
2,1,2.8785206378282986
2,2,0.0
2,3,2.5961291183557966
2,4,9.40427614853273
2,5,9.940723888778097
2,6,3.8711890763944163
2,7,9.217933555299021
2,8,13.616328043845254
2,9,14.270011852476543
2,10,61.669408179405515
2,11,4.654297236884917
2,12,8.754630674377724
2,13,9.277242227997458
2,14,8.7852698164092
2,15,11.144057896176431
2,16,11.375320737786696
2,17,61.669408179405515
2,18,13.28877620373046
2,19,8.055539908806786
2,20,7.539197853022014
2,21,9.901129502377659
2,22,9.161974206659908
2,23,8.093561307613781
2,24,8.405968735390204
2,25,9.148732885237575
2,26,9.405127559305443
2,27,9.996705894737278
2,28,5.473370328141064
2,29,10.916321573931267
2,30,15.900172617759335
2,31,11.756602402186811
2,32,14.534776180067297
2,33,13.80875708233868
2,34,8.012556367587997
2,35,12.769048715491945
2,36,15.31563250597808
2,37,10.562863246902157
2,38,14.823712664627568
2,39,10.527980213230705
2,40,13.642721018904759
2,41,11.127203503322544
2,42,14.854261529109518
2,43,12.854588616650938
2,44,7.765967242610108
2,45,8.719735822906317
2,46,14.828434680359823
2,47,8.250737459501162
2,48,11.167390750170696
2,49,6.658553650150684
2,50,11.251623679845938
2,51,58.39627830061345
2,52,7.512491019465122
2,53,7.091176052693193
2,54,7.89617266551367
2,55,13.661109273641125
2,56,8.097145330996085
2,57,5.028387511949609
2,58,5.419948871090052
2,59,14.26070378102591
2,60,5.089356578795205
2,61,7.4912639604574975
2,62,7.857192628827916
2,63,8.022147549038756
2,64,12.705253922799846
2,65,61.669408179405515
2,66,58.39627830061345
2,68,12.042212512192075
2,69,15.649191931066348
2,70,1.216950070657484
2,71,3.592580085517916
2,72,11.775248611971232
2,73,9.659863709807675
2,74,4.168649926834005
2,75,0.8817810941084805
2,76,6.09495582787438
2,77,5.81889533364551
2,78,5.380964148680785
2,79,6.302425722362471
2,80,6.527673218465888
2,81,2.40352467877197
3,0,3.5652284929094034
3,1,3.711087567967134
3,2,2.5961291183557966
3,3,0.0
3,4,10.236843078671566
3,5,10.773290818916932
3,6,4.703756006533252
3,7,10.050500485437858
3,8,14.448894973984089
3,9,15.102578782615378
3,10,62.501975109544354
3,11,5.486864167023753
3,12,9.587197604516561
3,13,10.109809158136295
3,14,9.617836746548036
3,15,11.976624826315268
3,16,12.207887667925533
3,17,62.501975109544354
3,18,14.121343133869296
3,19,8.888106838945623
3,20,8.371764783160849
3,21,10.733696432516496
3,22,9.994541136798745
3,23,8.926128237752616
3,24,9.23853566552904
3,25,9.98129981537641
3,26,10.23769448944428
3,27,10.829272824876115
3,28,6.3059372582799
3,29,11.748888504070102
3,30,16.73273954789817
3,31,12.589169332325648
3,32,15.367343110206132
3,33,14.641324012477515
3,34,8.845123297726834
3,35,13.60161564563078
3,36,16.148199436116915
3,37,11.395430177040994
3,38,15.656279594766405
3,39,11.360547143369542
3,40,14.475287949043594
3,41,11.959770433461381
3,42,15.686828459248353
3,43,13.687155546789775
3,44,8.598534172748945
3,45,9.552302753045154
3,46,15.66100161049866
3,47,9.083304389639999
3,48,11.999957680309533
3,49,7.49112058028952
3,50,12.084190609984773
3,51,59.228845230752285
3,52,8.345057949603957
3,53,7.923742982832029
3,54,8.728739595652506
3,55,14.493676203779962
3,56,8.92971226113492
3,57,5.860954442088445
3,58,6.252515801228888
3,59,15.093270711164745
3,60,5.921923508934041
3,61,8.323830890596334
3,62,8.689759558966752
3,63,8.854714479177593
3,64,13.537820852938683
3,65,62.501975109544354
3,66,59.228845230752285
3,68,12.874779442330912
3,69,16.481758861205186
3,70,2.0495170007963197
3,71,4.425147015656752
3,72,12.60781554211007
3,73,10.49243063994651
3,74,5.0012168569728415
3,75,1.7143480242473161
3,76,6.927522758013216
3,77,6.651462263784346
3,78,6.213531078819621
3,79,7.134992652501307
3,80,7.360240148604724
3,81,3.2360916089108063
4,0,10.373375523086336
4,1,10.519234598144067
4,2,9.40427614853273
4,3,10.236843078671566
4,4,0.0
4,5,7.155088381562065
4,6,11.511903036710185
4,7,6.43229804808299
4,8,10.830692536629222
4,9,11.484376345260511
4,10,58.88377267218949
4,11,7.320924027380181
4,12,5.968995167161693
4,13,6.491606720781428
4,14,5.999634309193169
4,15,8.3584223889604
4,16,8.589685230570666
4,17,58.88377267218949
4,18,10.503140696514428
4,19,5.269904401590756
4,20,4.753562345805983
4,21,7.115493995161628
4,22,6.376338699443877
4,23,5.30792580039775
4,24,5.620333228174173
4,25,6.363097378021543
4,26,6.619492052089412
4,27,7.211070387521248
4,28,8.13999711863633
4,29,8.130686066715235
4,30,13.114537110543305
4,31,8.97096689497078
4,32,11.749140672851265
4,33,11.023121575122648
4,34,5.226920860371966
4,35,9.983413208275913
4,36,12.529996998762048
4,37,7.777227739686127
4,38,12.038077157411537
4,39,7.742344706014675
4,40,10.857085511688727
4,41,8.341567996106514
4,42,12.068626021893486
4,43,10.068953109434908
4,44,4.980331735394077
4,45,5.934100315690286
4,46,12.042799173143793
4,47,5.465101952285131
4,48,8.381755242954666
4,49,3.872918142934653
4,50,8.465988172629906
4,51,61.06290509110872
4,52,4.72685551224909
4,53,4.305540545477162
4,54,5.110537158297639
4,55,10.875473766425095
4,56,5.311509823780053
4,57,7.695014302444875
4,58,8.086575661585318
4,59,11.475068273809878
4,60,7.75598336929047
4,61,4.7056284532414665
4,62,5.071557121611885
4,63,5.236512041822726
4,64,9.919618415583816
4,65,58.88377267218949
4,66,58.88377267218949
4,68,9.256577004976045
4,69,12.863556423850318
4,70,8.857664030973254
4,71,11.233294045833684
4,72,8.989613104755202
4,73,6.8742282025916435
4,74,6.83527671732927
4,75,8.52249505442425
4,76,3.3093203206583492
4,77,8.485522124140775
4,78,8.04759093917605
4,79,8.969052512857736
4,80,9.194300008961154
4,81,10.04423863908774
5,0,10.909823263331702
5,1,11.055682338389433
5,2,9.940723888778097
5,3,10.773290818916932
5,4,7.155088381562065
5,5,0.0
5,6,12.048350776955552
5,7,6.9687457883283574
5,8,11.36714027687459
5,9,12.020824085505877
5,10,59.42022041243485
5,11,7.857371767625548
5,12,6.50544290740706
5,13,7.0280544610267945
5,14,6.536082049438535
5,15,8.894870129205767
5,16,9.126132970816032
5,17,59.42022041243485
5,18,11.039588436759795
5,19,5.806352141836122
5,20,5.290010086051349
5,21,7.651941735406995
5,22,6.912786439689244
5,23,5.844373540643116
5,24,6.15678096841954
5,25,6.899545118266909
5,26,7.155939792334779
5,27,7.7475181277666145
5,28,8.676444858881696
5,29,8.667133806960603
5,30,13.65098485078867
5,31,9.507414635216147
5,32,12.285588413096631
5,33,11.559569315368016
5,34,5.7633686006173335
5,35,10.51986094852128
5,36,13.066444739007414
5,37,8.313675479931494
5,38,12.574524897656904
5,39,8.278792446260042
5,40,11.393533251934093
5,41,8.87801573635188
5,42,12.605073762138852
5,43,10.605400849680274
5,44,5.516779475639444
5,45,6.470548055935653
5,46,12.57924691338916
5,47,6.001549692530498
5,48,8.918202983200032
5,49,4.409365883180019
5,50,9.002435912875274
5,51,61.59935283135408
5,52,5.263303252494457
5,53,4.841988285722529
5,54,5.646984898543006
5,55,11.411921506670462
5,56,5.84795756402542
5,57,8.231462042690241
5,58,8.623023401830684
5,59,12.011516014055244
5,60,8.292431109535837
5,61,5.242076193486833
5,62,5.608004861857252
5,63,5.772959782068092
5,64,10.456066155829182
5,65,59.42022041243485
5,66,59.42022041243485
5,68,9.79302474522141
5,69,13.400004164095684
5,70,9.39411177121862
5,71,11.769741786079052
5,72,9.526060845000568
5,73,7.410675942837011
5,74,7.371724457574637
5,75,9.058942794669615
5,76,3.845768060903716
5,77,9.021969864386142
5,78,8.584038679421417
5,79,9.505500253103103
5,80,9.73074774920652
5,81,10.580686379333105
6,0,4.840288450948023
6,1,4.9861475260057535
6,2,3.8711890763944163
6,3,4.703756006533252
6,4,11.511903036710185
6,5,12.048350776955552
6,6,0.0
6,7,11.325560443476476
6,8,15.72395493202271
6,9,16.377638740654
6,10,63.77703506758297
6,11,6.7619241250623725
6,12,10.862257562555179
6,13,11.384869116174915
6,14,10.892896704586656
6,15,13.251684784353888
6,16,13.482947625964151
6,17,63.77703506758297
6,18,15.396403091907915
6,19,10.163166796984243
6,20,9.646824741199469
6,21,12.008756390555114
6,22,11.269601094837363
6,23,10.201188195791236
6,24,10.51359562356766
6,25,11.25635977341503
6,26,11.512754447482898
6,27,12.104332782914735
6,28,7.5809972163185195
6,29,13.023948462108724
6,30,18.00779950593679
6,31,13.864229290364268
6,32,16.642403068244754
6,33,15.916383970516137
6,34,10.120183255765454
6,35,14.876675603669401
6,36,17.423259394155536
6,37,12.670490135079614
6,38,16.931339552805024
6,39,12.635607101408162
6,40,15.750347907082213
6,41,13.234830391500001
6,42,16.96188841728697
6,43,14.962215504828393
6,44,9.873594130787565
6,45,10.827362711083772
6,46,16.93606156853728
6,47,10.358364347678618
6,48,13.275017638348153
6,49,8.76618053832814
6,50,13.359250568023395
6,51,60.50390518879091
6,52,9.620117907642577
6,53,9.19880294087065
6,54,10.003799553691126
6,55,15.76873616181858
6,56,10.20477221917354
6,57,7.136014400127065
6,58,7.527575759267508
6,59,16.368330669203367
6,60,7.196983466972661
6,61,9.598890848634953
6,62,9.964819517005372
6,63,10.129774437216213
6,64,14.812880810977301
6,65,63.77703506758297
6,66,60.50390518879091
6,68,14.14983940036953
6,69,17.756818819243804
6,70,3.32457695883494
6,71,5.700206973695372
6,72,13.882875500148689
6,73,11.76749059798513
6,74,6.276276815011461
6,75,2.989407982285936
6,76,8.202582716051836
6,77,7.926522221822966
6,78,7.4885910368582405
6,79,8.410052610539926
6,80,8.635300106643344
6,81,4.511151566949426
7,0,10.187032929852627
7,1,10.33289200491036
7,2,9.217933555299021
7,3,10.050500485437858
7,4,6.43229804808299
7,5,6.9687457883283574
7,6,11.325560443476476
7,7,0.0
7,8,10.644349943395515
7,9,11.298033752026804
7,10,58.697430078955776
7,11,7.134581434146473
7,12,5.782652573927985
7,13,6.305264127547719
7,14,5.81329171595946
7,15,8.172079795726692
7,16,8.403342637336957
7,17,58.697430078955776
7,18,10.316798103280721
7,19,5.0835618083570475
7,20,4.567219752572274
7,21,6.9291514019279195
7,22,6.1899961062101685
7,23,5.121583207164042
7,24,5.433990634940464
7,25,6.176754784787835
7,26,6.433149458855704
7,27,7.024727794287539
7,28,7.953654525402621
7,29,7.944343473481528
7,30,12.928194517309596
7,31,8.784624301737072
7,32,11.562798079617558
7,33,10.83677898188894
7,34,5.040578267138258
7,35,9.797070615042205
7,36,12.34365440552834
7,37,7.590885146452419
7,38,11.851734564177828
7,39,7.556002112780967
7,40,10.67074291845502
7,41,8.155225402872805
7,42,11.882283428659779
7,43,9.882610516201199
7,44,4.793989142160369
7,45,5.747757722456578
7,46,11.856456579910084
7,47,5.278759359051422
7,48,8.195412649720957
7,49,3.6865755497009447
7,50,8.279645579396199
7,51,60.87656249787501
7,52,4.540512919015383
7,53,4.119197952243454
7,54,4.924194565063931
7,55,10.689131173191386
7,56,5.125167230546346
7,57,7.508671709211167
7,58,7.90023306835161
7,59,11.28872568057617
7,60,7.569640776056762
7,61,4.519285860007758
7,62,4.885214528378177
7,63,5.050169448589018
7,64,9.733275822350107
7,65,58.697430078955776
7,66,58.697430078955776
7,68,9.070234411742335
7,69,12.677213830616608
7,70,8.671321437739545
7,71,11.046951452599977
7,72,8.803270511521493
7,73,6.687885609357936
7,74,6.648934124095563
7,75,8.33615246119054
7,76,3.122977727424641
7,77,8.299179530907068
7,78,7.861248345942341
7,79,8.782709919624027
7,80,9.007957415727445
7,81,9.85789604585403
8,0,14.585427418398861
8,1,14.73128649345659
8,2,13.616328043845254
8,3,14.448894973984089
8,4,10.830692536629222
8,5,11.36714027687459
8,6,15.72395493202271
8,7,10.644349943395515
8,8,0.0
8,9,15.696428240573034
8,10,63.09582456750201
8,11,11.532975922692707
8,12,10.181047062474217
8,13,10.703658616093952
8,14,10.211686204505693
8,15,12.570474284272926
8,16,12.80173712588319
8,17,63.09582456750201
8,18,14.715192591826952
8,19,9.48195629690328
8,20,8.965614241118507
8,21,11.327545890474152
8,22,10.588390594756401
8,23,9.519977695710274
8,24,9.832385123486697
8,25,10.575149273334066
8,26,10.831543947401936
8,27,11.423122282833772
8,28,12.352049013948854
8,29,12.34273796202776
8,30,17.32658900585583
8,31,13.183018790283306
8,32,15.961192568163789
8,33,15.235173470435173
8,34,9.43897275568449
8,35,14.195465103588438
8,36,16.74204889407457
8,37,11.989279634998653
8,38,16.250129052724063
8,39,11.9543966013272
8,40,15.06913740700125
8,41,12.55361989141904
8,42,16.28067791720601
8,43,14.281005004747431
8,44,9.192383630706601
8,45,10.14615221100281
8,46,16.25485106845632
8,47,9.677153847597655
8,48,12.593807138267191
8,49,8.084970038247178
8,50,12.678040067942431
8,51,65.27495698642124
8,52,8.938907407561615
8,53,8.517592440789686
8,54,9.322589053610164
8,55,15.087525661737619
8,56,9.523561719092578
8,57,11.907066197757398
8,58,12.298627556897841
8,59,15.687120169122402
8,60,11.968035264602994
8,61,8.91768034855399
8,62,9.28360901692441
8,63,9.44856393713525
8,64,14.13167031089634
8,65,63.09582456750201
8,66,63.09582456750201
8,68,13.468628900288568
8,69,17.075608319162843
8,70,13.069715926285777
8,71,15.44534594114621
8,72,13.201665000067727
8,73,11.086280097904169
8,74,11.047328612641795
8,75,12.734546949736774
8,76,7.521372215970874
8,77,12.697574019453299
8,78,12.259642834488574
8,79,13.18110440817026
8,80,13.406351904273677
8,81,14.256290534400264
9,0,15.239111227030149
9,1,15.38497030208788
9,2,14.270011852476543
9,3,15.102578782615378
9,4,11.484376345260511
9,5,12.020824085505877
9,6,16.377638740654
9,7,11.298033752026804
9,8,15.696428240573034
9,9,0.0
9,10,63.7495083761333
9,11,12.186659731323994
9,12,10.834730871105506
9,13,11.35734242472524
9,14,10.865370013136982
9,15,13.224158092904213
9,16,13.455420934514478
9,17,63.7495083761333
9,18,15.368876400458241
9,19,10.135640105534568
9,20,9.619298049749794
9,21,11.981229699105441
9,22,11.24207440338769
9,23,10.173661504341561
9,24,10.486068932117986
9,25,11.228833081965355
9,26,11.485227756033225
9,27,12.07680609146506
9,28,13.005732822580143
9,29,12.996421770659047
9,30,17.980272814487115
9,31,13.836702598914593
9,32,16.614876376795078
9,33,15.88885727906646
9,34,10.09265656431578
9,35,14.849148912219725
9,36,17.39573270270586
9,37,12.64296344362994
9,38,16.903812861355348
9,39,12.608080409958488
9,40,15.722821215632539
9,41,13.207303700050327
9,42,16.9343617258373
9,43,14.93468881337872
9,44,9.84606743933789
9,45,10.7998360196341
9,46,16.908534877087604
9,47,10.330837656228944
9,48,13.247490946898479
9,49,8.738653846878465
9,50,13.331723876573719
9,51,65.92864079505253
9,52,9.592591216192902
9,53,9.171276249420975
9,54,9.976272862241451
9,55,15.741209470368908
9,56,10.177245527723866
9,57,12.560750006388687
9,58,12.95231136552913
9,59,16.34080397775369
9,60,12.621719073234281
9,61,9.571364157185279
9,62,9.937292825555698
9,63,10.102247745766539
9,64,14.785354119527629
9,65,63.7495083761333
9,66,63.7495083761333
9,68,14.122312708919857
9,69,17.72929212779413
9,70,13.723399734917066
9,71,16.099029749777497
9,72,13.855348808699015
9,73,11.739963906535456
9,74,11.701012421273083
9,75,13.388230758368062
9,76,8.175056024602162
9,77,13.351257828084588
9,78,12.913326643119863
9,79,13.834788216801549
9,80,14.060035712904966
9,81,14.909974343031552
10,0,62.63850755395912
10,1,62.78436662901685
10,2,61.669408179405515
10,3,62.501975109544354
10,4,58.88377267218949
10,5,59.42022041243485
10,6,63.77703506758297
10,7,58.697430078955776
10,8,63.09582456750201
10,9,63.7495083761333
10,10,0.0
10,11,59.586056058252964
10,12,58.23412719803448
10,13,58.75673875165421
10,14,58.264766340065954
10,15,60.623554419833184
10,16,60.85481726144345
10,17,111.14890470306227
10,18,62.76827272738721
10,19,57.53503643246354
10,20,57.018694376678766
10,21,59.38062602603441
10,22,58.64147073031666
10,23,57.57305783127054
10,24,57.88546525904696
10,25,58.62822940889433
10,26,58.8846240829622
10,27,59.47620241839403
10,28,60.405129149509115
10,29,60.39581809758802
10,30,65.37966914141609
10,31,61.236098925843564
10,32,64.01427270372405
10,33,63.288253605995436
10,34,57.492052891244754
10,35,62.2485452391487
10,36,64.79512902963484
10,37,60.04235977055892
10,38,64.30320918828433
10,39,60.00747673688746
10,40,63.122217542561515
10,41,60.6067000269793
10,42,64.33375805276627
10,43,62.33408514030769
10,44,57.245463766266866
10,45,58.19923234656307
10,46,64.30793120401658
10,47,57.730233983157916
10,48,60.64688727382745
10,49,56.13805017380744
10,50,60.73112020350269
10,51,113.32803712198151
10,52,56.99198754312188
10,53,56.57067257634995
10,54,57.375669189170424
10,55,63.14060579729788
10,56,57.57664185465284
10,57,59.96014633331766
10,58,60.351707692458106
10,59,63.740200304682666
10,60,60.021115400163254
10,61,56.97076048411425
10,62,57.336689152484674
10,63,57.50164407269551
10,64,62.184750446456604
10,65,111.14890470306227
10,66,111.14890470306227
10,68,61.52170903584883
10,69,65.1286884547231
10,70,61.12279606184604
10,71,63.49842607670647
10,72,61.254745135627985
10,73,59.13936023346443
10,74,59.10040874820206
10,75,60.78762708529703
10,76,55.574452351531136
10,77,60.750654155013564
10,78,60.31272297004884
10,79,61.23418454373052
10,80,61.45943203983394
10,81,62.30937066996053
11,0,5.623396611438523
11,1,5.769255686496255
11,2,4.654297236884917
11,3,5.486864167023753
11,4,7.320924027380181
11,5,7.857371767625548
11,6,6.7619241250623725
11,7,7.134581434146473
11,8,11.532975922692707
11,9,12.186659731323994
11,10,59.586056058252964
11,11,0.0
11,12,6.671278553225176
11,13,7.193890106844911
11,14,6.701917695256652
11,15,9.060705775023884
11,16,9.291968616634147
11,17,59.586056058252964
11,18,11.205424082577911
11,19,5.972187787654239
11,20,5.4558457318694655
11,21,7.817777381225111
11,22,7.07862208550736
11,23,6.010209186461233
11,24,6.322616614237656
11,25,7.065380764085026
11,26,7.321775438152895
11,27,7.913353773584731
11,28,1.79036771135797
11,29,8.83296945277872
11,30,13.816820496606788
11,31,9.673250281034264
11,32,12.451424058914748
11,33,11.725404961186133
11,34,5.929204246435449
11,35,10.685696594339397
11,36,13.23228038482553
11,37,8.47951112574961
11,38,12.74036054347502
11,39,8.444628092078158
11,40,11.55936889775221
11,41,9.043851382169997
11,42,12.77090940795697
11,43,10.771236495498389
11,44,5.68261512145756
11,45,6.636383701753769
11,46,12.745082559207276
11,47,6.167385338348614
11,48,9.08403862901815
11,49,4.575201528998136
11,50,9.168271558693391
11,51,54.713275683830354
11,52,5.429138898312573
11,53,5.007823931540645
11,54,5.812820544361122
11,55,11.577757152488577
11,56,6.013793209843536
11,57,1.3453848951665157
11,58,1.7369462543069583
11,59,12.177351659873361
11,60,1.4063539620121106
11,61,5.4079118393049495
11,62,5.773840507675368
11,63,5.938795427886209
11,64,10.621901801647297
11,65,59.586056058252964
11,66,54.713275683830354
11,68,9.958860391039526
11,69,13.5658398099138
11,70,4.10768511932544
11,71,6.483315134185872
11,72,9.691896490818685
11,73,7.576511588655126
11,74,0.4856473100509113
11,75,3.7725161427764364
11,76,4.011603706721832
11,77,2.1358927168624158
11,78,1.6979615318976902
11,79,2.619423105579376
11,80,2.8446706016827936
11,81,5.294259727439926
12,0,9.72373004893133
12,1,9.869589123989062
12,2,8.754630674377724
12,3,9.587197604516561
12,4,5.968995167161693
12,5,6.50544290740706
12,6,10.862257562555179
12,7,5.782652573927985
12,8,10.181047062474217
12,9,10.834730871105506
12,10,58.23412719803448
12,11,6.671278553225176
12,12,0.0
12,13,5.841961246626422
12,14,5.349988835038163
12,15,7.708776914805395
12,16,7.9400397564156595
12,17,58.23412719803448
12,18,9.853495222359424
12,19,4.62025892743575
12,20,4.103916871650977
12,21,6.465848521006622
12,22,5.726693225288871
12,23,4.658280326242744
12,24,4.970687754019167
12,25,5.713451903866537
12,26,5.9698465779344065
12,27,6.561424913366242
12,28,7.490351644481324
12,29,7.48104059256023
12,30,12.464891636388298
12,31,8.321321420815774
12,32,11.09949519869626
12,33,10.373476100967643
12,34,4.577275386216961
12,35,9.333767734120908
12,36,11.880351524607043
12,37,7.127582265531122
12,38,11.388431683256531
12,39,7.09269923185967
12,40,10.207440037533722
12,41,7.691922521951509
12,42,11.418980547738482
12,43,9.419307635279901
12,44,4.330686261239071
12,45,5.284454841535281
12,46,11.393153698988787
12,47,4.815456478130125
12,48,7.732109768799661
12,49,3.2232726687796474
12,50,7.816342698474902
12,51,60.41325961695371
12,52,4.077210038094085
12,53,3.6558950713221563
12,54,4.460891684142633
12,55,10.225828292270089
12,56,4.6618643496250485
12,57,7.045368828289869
12,58,7.436930187430312
12,59,10.825422799654874
12,60,7.106337895135464
12,61,4.055982979086461
12,62,4.42191164745688
12,63,4.5868665676677205
12,64,9.26997294142881
12,65,58.23412719803448
12,66,58.23412719803448
12,68,8.606931530821038
12,69,12.213910949695311
12,70,8.208018556818248
12,71,10.58364857167868
12,72,8.339967630600196
12,73,6.224582728436639
12,74,6.1856312431742655
12,75,7.872849580269244
12,76,2.6596748465033437
12,77,7.83587664998577
12,78,7.397945465021044
12,79,8.31940703870273
12,80,8.544654534806147
12,81,9.394593164932733
13,0,10.246341602551066
13,1,10.392200677608797
13,2,9.277242227997458
13,3,10.109809158136295
13,4,6.491606720781428
13,5,7.0280544610267945
13,6,11.384869116174915
13,7,6.305264127547719
13,8,10.703658616093952
13,9,11.35734242472524
13,10,58.75673875165421
13,11,7.193890106844911
13,12,5.841961246626422
13,13,0.0
13,14,5.872600388657898
13,15,8.23138846842513
13,16,8.462651310035394
13,17,58.75673875165421
13,18,10.376106775979158
13,19,5.142870481055485
13,20,4.6265284252707115
13,21,6.9884600746263565
13,22,6.249304778908606
13,23,5.180891879862479
13,24,5.493299307638902
13,25,6.2360634574862726
13,26,6.492458131554141
13,27,7.084036466985977
13,28,8.012963198101058
13,29,8.003652146179965
13,30,12.987503190008034
13,31,8.84393297443551
13,32,11.622106752315995
13,33,10.896087654587378
13,34,5.099886939836696
13,35,9.856379287740642
13,36,12.402963078226778
13,37,7.650193819150857
13,38,11.911043236876267
13,39,7.615310785479405
13,40,10.730051591153456
13,41,8.214534075571244
13,42,11.941592101358216
13,43,9.941919188899636
13,44,4.853297814858807
13,45,5.807066395155015
13,46,11.915765252608523
13,47,5.33806803174986
13,48,8.254721322419396
13,49,3.7458842223993822
13,50,8.338954252094636
13,51,60.93587117057344
13,52,4.59982159171382
13,53,4.178506624941892
13,54,4.983503237762369
13,55,10.748439845889823
13,56,5.184475903244783
13,57,7.567980381909605
13,58,7.959541741050048
13,59,11.348034353274608
13,60,7.628949448755199
13,61,4.578594532706196
13,62,4.944523201076615
13,63,5.109478121287455
13,64,9.792584495048544
13,65,58.75673875165421
13,66,58.75673875165421
13,68,9.129543084440773
13,69,12.736522503315047
13,70,8.730630110437982
13,71,11.106260125298414
13,72,8.862579184219932
13,73,6.747194282056373
13,74,6.708242796794
13,75,8.395461133888979
13,76,3.1822864001230786
13,77,8.358488203605505
13,78,7.920557018640778
13,79,8.842018592322464
13,80,9.067266088425882
13,81,9.917204718552469
14,0,9.754369190962807
14,1,9.900228266020537
14,2,8.7852698164092
14,3,9.617836746548036
14,4,5.999634309193169
14,5,6.536082049438535
14,6,10.892896704586656
14,7,5.81329171595946
14,8,10.211686204505693
14,9,10.865370013136982
14,10,58.264766340065954
14,11,6.701917695256652
14,12,5.349988835038163
14,13,5.872600388657898
14,14,0.0
14,15,7.7394160568368715
14,16,7.970678898447135
14,17,58.264766340065954
14,18,9.8841343643909
14,19,4.6508980694672255
14,20,4.134556013682452
14,21,6.496487663038097
14,22,5.7573323673203465
14,23,4.68891946827422
14,24,5.001326896050643
14,25,5.7440910458980134
14,26,6.000485719965882
14,27,6.592064055397718
14,28,7.520990786512799
14,29,7.511679734591706
14,30,12.495530778419775
14,31,8.351960562847252
14,32,11.130134340727736
14,33,10.404115242999119
14,34,4.607914528248437
14,35,9.364406876152383
14,36,11.910990666638519
14,37,7.158221407562598
14,38,11.419070825288008
14,39,7.123338373891146
14,40,10.238079179565197
14,41,7.722561663982985
14,42,11.449619689769957
14,43,9.449946777311377
14,44,4.3613254032705475
14,45,5.315093983566756
14,46,11.423792841020264
14,47,4.846095620161601
14,48,7.762748910831137
14,49,3.253911810811123
14,50,7.846981840506377
14,51,60.443898758985185
14,52,4.1078491801255606
14,53,3.6865342133536325
14,54,4.49153082617411
14,55,10.256467434301564
14,56,4.692503491656524
14,57,7.076007970321346
14,58,7.467569329461789
14,59,10.856061941686349
14,60,7.13697703716694
14,61,4.086622121117937
14,62,4.452550789488356
14,63,4.617505709699196
14,64,9.300612083460285
14,65,58.264766340065954
14,66,58.264766340065954
14,68,8.637570672852513
14,69,12.244550091726788
14,70,8.238657698849723
14,71,10.614287713710155
14,72,8.370606772631673
14,73,6.255221870468114
14,74,6.216270385205741
14,75,7.90348872230072
14,76,2.6903139885348195
14,77,7.866515792017246
14,78,7.428584607052519
14,79,8.350046180734205
14,80,8.575293676837623
14,81,9.42523230696421
15,0,12.113157270730039
15,1,12.259016345787769
15,2,11.144057896176431
15,3,11.976624826315268
15,4,8.3584223889604
15,5,8.894870129205767
15,6,13.251684784353888
15,7,8.172079795726692
15,8,12.570474284272926
15,9,13.224158092904213
15,10,60.623554419833184
15,11,9.060705775023884
15,12,7.708776914805395
15,13,8.23138846842513
15,14,7.7394160568368715
15,15,0.0
15,16,10.329466978214366
15,17,60.623554419833184
15,18,12.24292244415813
15,19,7.009686149234458
15,20,6.493344093449685
15,21,8.855275742805329
15,22,8.116120447087578
15,23,7.047707548041452
15,24,7.360114975817876
15,25,8.102879125665245
15,26,8.359273799733113
15,27,8.95085213516495
15,28,9.87977886628003
15,29,9.870467814358939
15,30,14.854318858187007
15,31,10.710748642614483
15,32,13.488922420494967
15,33,12.762903322766352
15,34,6.966702608015669
15,35,11.723194955919617
15,36,14.26977874640575
15,37,9.51700948732983
15,38,13.77785890505524
15,39,9.482126453658378
15,40,12.596867259332429
15,41,10.081349743750216
15,42,13.808407769537189
15,43,11.808734857078608
15,44,6.720113483037779
15,45,7.673882063333989
15,46,13.782580920787495
15,47,7.204883699928834
15,48,10.121536990598369
15,49,5.612699890578355
15,50,10.20576992027361
15,51,62.80268683875242
15,52,6.466637259892792
15,53,6.045322293120864
15,54,6.850318905941341
15,55,12.615255514068796
15,56,7.051291571423755
15,57,9.434796050088577
15,58,9.82635740922902
15,59,13.21485002145358
15,60,9.495765116934173
15,61,6.445410200885169
15,62,6.811338869255588
15,63,6.976293789466428
15,64,11.659400163227517
15,65,60.623554419833184
15,66,60.623554419833184
15,68,10.996358752619745
15,69,14.60333817149402
15,70,10.597445778616954
15,71,12.973075793477388
15,72,10.729394852398904
15,73,8.614009950235346
15,74,8.575058464972972
15,75,10.262276802067952
15,76,5.0491020683020515
15,77,10.225303871784478
15,78,9.78737268681975
15,79,10.708834260501437
15,80,10.934081756604854
15,81,11.784020386731441
16,0,12.344420112340302
16,1,12.490279187398034
16,2,11.375320737786696
16,3,12.207887667925533
16,4,8.589685230570666
16,5,9.126132970816032
16,6,13.482947625964151
16,7,8.403342637336957
16,8,12.80173712588319
16,9,13.455420934514478
16,10,60.85481726144345
16,11,9.291968616634147
16,12,7.9400397564156595
16,13,8.462651310035394
16,14,7.970678898447135
16,15,10.329466978214366
16,16,0.0
16,17,60.85481726144345
16,18,12.474185285768396
16,19,7.240948990844722
16,20,6.724606935059949
16,21,9.086538584415594
16,22,8.347383288697843
16,23,7.278970389651716
16,24,7.591377817428139
16,25,8.33414196727551
16,26,8.590536641343379
16,27,9.182114976775214
16,28,10.111041707890296
16,29,10.101730655969202
16,30,15.08558169979727
16,31,10.942011484224746
16,32,13.720185262105232
16,33,12.994166164376615
16,34,7.197965449625933
16,35,11.95445779752988
16,36,14.501041588016015
16,37,9.748272328940093
16,38,14.009121746665503
16,39,9.713389295268641
16,40,12.828130100942694
16,41,10.31261258536048
16,42,14.039670611147454
16,43,12.039997698688873
16,44,6.951376324648043
16,45,7.905144904944253
16,46,14.013843762397759
16,47,7.436146541539097
16,48,10.352799832208632
16,49,5.843962732188619
16,50,10.437032761883874
16,51,63.03394968036268
16,52,6.697900101503057
16,53,6.276585134731128
16,54,7.081581747551605
16,55,12.846518355679061
16,56,7.2825544130340205
16,57,9.666058891698842
16,58,10.057620250839285
16,59,13.446112863063846
16,60,9.727027958544436
16,61,6.676673042495433
16,62,7.042601710865852
16,63,7.2075566310766925
16,64,11.890663004837782
16,65,60.85481726144345
16,66,60.85481726144345
16,68,11.22762159423001
16,69,14.834601013104283
16,70,10.82870862022722
16,71,13.204338635087652
16,72,10.960657694009168
16,73,8.84527279184561
16,74,8.806321306583238
16,75,10.493539643678215
16,76,5.280364909912316
16,77,10.456566713394743
16,78,10.018635528430016
16,79,10.940097102111702
16,80,11.16534459821512
16,81,12.015283228341705
17,0,62.63850755395912
17,1,62.78436662901685
17,2,61.669408179405515
17,3,62.501975109544354
17,4,58.88377267218949
17,5,59.42022041243485
17,6,63.77703506758297
17,7,58.697430078955776
17,8,63.09582456750201
17,9,63.7495083761333
17,10,111.14890470306227
17,11,59.586056058252964
17,12,58.23412719803448
17,13,58.75673875165421
17,14,58.264766340065954
17,15,60.623554419833184
17,16,60.85481726144345
17,17,0.0
17,18,62.76827272738721
17,19,57.53503643246354
17,20,57.018694376678766
17,21,59.38062602603441
17,22,58.64147073031666
17,23,57.57305783127054
17,24,57.88546525904696
17,25,58.62822940889433
17,26,58.8846240829622
17,27,59.47620241839403
17,28,60.405129149509115
17,29,60.39581809758802
17,30,65.37966914141609
17,31,61.236098925843564
17,32,64.01427270372405
17,33,63.288253605995436
17,34,57.492052891244754
17,35,62.2485452391487
17,36,64.79512902963484
17,37,60.04235977055892
17,38,64.30320918828433
17,39,60.00747673688746
17,40,63.122217542561515
17,41,60.6067000269793
17,42,64.33375805276627
17,43,62.33408514030769
17,44,57.245463766266866
17,45,58.19923234656307
17,46,64.30793120401658
17,47,57.730233983157916
17,48,60.64688727382745
17,49,56.13805017380744
17,50,60.73112020350269
17,51,113.32803712198151
17,52,56.99198754312188
17,53,56.57067257634995
17,54,57.375669189170424
17,55,63.14060579729788
17,56,57.57664185465284
17,57,59.96014633331766
17,58,60.351707692458106
17,59,63.740200304682666
17,60,60.021115400163254
17,61,56.97076048411425
17,62,57.336689152484674
17,63,57.50164407269551
17,64,62.184750446456604
17,65,111.14890470306227
17,66,111.14890470306227
17,68,61.52170903584883
17,69,65.1286884547231
17,70,61.12279606184604
17,71,63.49842607670647
17,72,61.254745135627985
17,73,59.13936023346443
17,74,59.10040874820206
17,75,60.78762708529703
17,76,55.574452351531136
17,77,60.750654155013564
17,78,60.31272297004884
17,79,61.23418454373052
17,80,61.45943203983394
17,81,62.30937066996053
18,0,14.257875578284066
18,1,14.403734653341797
18,2,13.28877620373046
18,3,14.121343133869296
18,4,10.503140696514428
18,5,11.039588436759795
18,6,15.396403091907915
18,7,10.316798103280721
18,8,14.715192591826952
18,9,15.368876400458241
18,10,62.76827272738721
18,11,11.205424082577911
18,12,9.853495222359424
18,13,10.376106775979158
18,14,9.8841343643909
18,15,12.24292244415813
18,16,12.474185285768396
18,17,62.76827272738721
18,18,0.0
18,19,9.154404456788486
18,20,8.638062401003712
18,21,10.999994050359359
18,22,10.260838754641608
18,23,9.192425855595479
18,24,9.504833283371903
18,25,10.247597433219273
18,26,10.503992107287143
18,27,11.095570442718978
18,28,12.02449717383406
18,29,12.015186121912965
18,30,16.999037165741036
18,31,12.85546695016851
18,32,15.633640728048995
18,33,14.907621630320378
18,34,9.111420915569697
18,35,13.867913263473643
18,36,16.414497053959778
18,37,11.661727794883857
18,38,15.922577212609268
18,39,11.626844761212405
18,40,14.741585566886457
18,41,12.226068051304244
18,42,15.953126077091216
18,43,13.953453164632638
18,44,8.864831790591808
18,45,9.818600370888017
18,46,15.927299228341523
18,47,9.349602007482861
18,48,12.266255298152396
18,49,7.757418198132383
18,50,12.350488227827636
18,51,64.94740514630645
18,52,8.61135556744682
18,53,8.190040600674893
18,54,8.995037213495369
18,55,14.759973821622825
18,56,9.196009878977783
18,57,11.579514357642605
18,58,11.971075716783048
18,59,15.359568329007608
18,60,11.640483424488199
18,61,8.590128508439197
18,62,8.956057176809615
18,63,9.121012097020456
18,64,13.804118470781546
18,65,62.76827272738721
18,66,62.76827272738721
18,68,13.141077060173775
18,69,16.748056479048046
18,70,12.742164086170984
18,71,15.117794101031414
18,72,12.874113159952932
18,73,10.758728257789373
18,74,10.719776772527
18,75,12.40699510962198
18,76,7.193820375856079
18,77,12.370022179338505
18,78,11.93209099437378
18,79,12.853552568055466
18,80,13.078800064158884
18,81,13.92873869428547
19,0,9.024639283360393
19,1,9.170498358418124
19,2,8.055539908806786
19,3,8.888106838945623
19,4,5.269904401590756
19,5,5.806352141836122
19,6,10.163166796984243
19,7,5.0835618083570475
19,8,9.48195629690328
19,9,10.135640105534568
19,10,57.53503643246354
19,11,5.972187787654239
19,12,4.62025892743575
19,13,5.142870481055485
19,14,4.6508980694672255
19,15,7.009686149234458
19,16,7.240948990844722
19,17,57.53503643246354
19,18,9.154404456788486
19,19,0.0
19,20,3.4048261060800393
19,21,5.766757755435685
19,22,5.027602459717934
19,23,3.9591895606718066
19,24,4.27159698844823
19,25,5.0143611382956
19,26,5.270755812363469
19,27,5.862334147795305
19,28,6.7912608789103865
19,29,6.781949826989293
19,30,11.765800870817362
19,31,7.622230655244838
19,32,10.400404433125322
19,33,9.674385335396705
19,34,3.8781846206460235
19,35,8.63467696854997
19,36,11.181260759036105
19,37,6.4284914999601845
19,38,10.689340917685595
19,39,6.3936084662887325
19,40,9.508349271962784
19,41,6.992831756380571
19,42,10.719889782167543
19,43,8.720216869708963
19,44,3.631595495668134
19,45,4.5853640759643435
19,46,10.69406293341785
19,47,4.116365712559188
19,48,7.033019003228723
19,49,2.52418190320871
19,50,7.117251932903964
19,51,59.71416885138277
19,52,3.378119272523147
19,53,2.956804305751219
19,54,3.761800918571696
19,55,9.52673752669915
19,56,3.9627735840541103
19,57,6.346278062718932
19,58,6.737839421859375
19,59,10.126332034083935
19,60,6.407247129564527
19,61,3.3568922135155237
19,62,3.7228208818859425
19,63,3.8877758020967828
19,64,8.570882175857871
19,65,57.53503643246354
19,66,57.53503643246354
19,68,7.907840765250101
19,69,11.514820184124375
19,70,7.50892779124731
19,71,9.884557806107741
19,72,7.640876865029259
19,73,5.525491962865701
19,74,5.486540477603327
19,75,7.1737588146983065
19,76,1.9605840809324062
19,77,7.136785884414833
19,78,6.698854699450107
19,79,7.620316273131793
19,80,7.84556376923521
19,81,8.695502399361796
20,0,8.50829722757562
20,1,8.65415630263335
20,2,7.539197853022014
20,3,8.371764783160849
20,4,4.753562345805983
20,5,5.290010086051349
20,6,9.646824741199469
20,7,4.567219752572274
20,8,8.965614241118507
20,9,9.619298049749794
