source_id,target_id,rtt
0,0,0.0
0,2,0.984101595237516
0,3,0.0
0,4,0.39379524146366834
0,5,0.6717741585997068
0,6,0.1784983420037402
0,7,0.39379524146366834
0,8,11.500405680981414
0,9,10.021559543441816
0,10,0.3568189679945839
0,11,0.5864068529877283
0,12,14.300774618565281
0,13,14.127284497281043
0,14,13.340575650461203
0,15,12.608802378896424
0,16,2.9509861041900907
0,17,3.0522802607757638
0,18,1.057848669254198
0,19,1.9699956364365465
0,20,1.5505169176100413
0,21,2.140226471009811
0,22,2.520708856455521
0,23,3.02610894536113
0,24,3.0775209832047103
0,25,3.1309690655132076
0,27,0.3976586379181297
0,28,15.07649193613056
0,29,10.274108192871475
0,30,10.54487076864327
0,31,11.682152680952289
0,32,5.08730037566402
0,33,15.07649193613056
0,34,4.586369598595291
0,35,6.870976021715174
0,36,7.092552604392656
0,37,7.329233505324456
0,38,7.329233505324456
0,39,8.40104949564129
0,40,2.4752785006755507
0,41,3.0522802607757638
0,42,3.7668996231552376
0,43,3.1692589511413236
0,44,3.683588268833184
0,45,3.5413241102868227
0,46,3.905471682109313
0,47,4.1091308555601715
0,48,12.686761058085143
0,49,1.0850977358884504
0,50,0.9232415010807106
0,51,3.904751864233092
0,52,0.1784983420037402
0,53,0.9496320278860364
0,54,1.0384113819014875
0,55,15.07649193613056
0,56,0.7298432530630039
0,57,0.9496320278860364
0,58,4.524963016580872
0,59,0.7807061309193224
0,60,15.07649193613056
0,61,3.2144756507839842
0,62,15.07649193613056
0,63,7.329233505324456
0,64,0.9981433668788756
0,65,1.3481979322377868
0,66,3.9230385952002442
0,67,3.9230385952002442
0,68,3.9230385952002442
0,69,2.6326070728110817
0,70,5.521809230141264
0,71,1.402884355955811
0,72,1.1693120129383294
0,73,0.7617067042232998
2,0,0.984101595237516
2,2,0.0
2,3,0.984101595237516
2,4,0.7388825266734735
2,5,1.3813702643805368
2,6,0.9243386308809723
2,7,0.7388825266734735
2,8,10.567720872175911
2,9,9.088325306119902
2,10,1.202212705743843
2,11,1.5492482347542054
2,12,13.473141225751185
2,13,13.314235833379675
2,14,12.438110612733817
2,15,11.716280476438653
2,16,3.1027573372248987
2,17,2.9688914541108526
2,18,1.9320321578999329
2,19,2.8156467282629136
2,20,1.900338008683062
2,21,2.9798987696201826
2,22,3.321284150587704
2,23,3.43611689881662
2,24,3.5181577367822743
2,25,3.3805395636923685
2,27,1.326974244598569
2,28,14.198503376461293
2,29,9.326484160614925
2,30,9.587909221610964
2,31,10.81026857153285
2,32,4.109411380348289
2,33,14.198503376461293
2,34,3.60983227221986
2,35,5.90060302506866
2,36,6.125892651216439
2,37,6.3774476992587745
2,38,6.3774476992587745
2,39,7.4435184415678295
2,40,1.9974783383287318
2,41,2.9688914541108526
2,42,3.040667790919483
2,43,2.7007945356231984
2,44,2.852977427306378
2,45,2.880469311912446
2,46,3.0089943272188444
2,47,3.127110199561535
2,48,11.832310464683466
2,49,1.7653137755267594
2,50,1.5896180662750161
2,51,2.9227246252160706
2,52,0.9243386308809723
2,53,1.9013966127040876
2,54,1.9752979944100821
2,55,14.198503376461293
2,56,1.7001008251591443
2,57,1.9013966127040876
2,58,3.541388446316718
2,59,1.7624342703575417
2,60,14.198503376461293
2,61,2.6308624946727464
2,62,14.198503376461293
2,63,6.3774476992587745
2,64,0.2046097755769495
2,65,0.37608010891634097
2,66,2.939074997420874
2,67,2.939074997420874
2,68,2.939074997420874
2,69,1.6495968793900688
2,70,4.540001482735993
2,71,0.5243076486592647
2,72,0.4822933802204686
2,73,0.9839171450219253
3,0,0.0
3,2,0.984101595237516
3,3,0.0
3,4,0.39379524146366834
3,5,0.6717741585997068
3,6,0.1784983420037402
3,7,0.39379524146366834
3,8,11.500405680981414
3,9,10.021559543441816
3,10,0.3568189679945839
3,11,0.5864068529877283
3,12,14.300774618565281
3,13,14.127284497281043
3,14,13.340575650461203
3,15,12.608802378896424
3,16,2.9509861041900907
3,17,3.0522802607757638
3,18,1.057848669254198
3,19,1.9699956364365465
3,20,1.5505169176100413
3,21,2.140226471009811
3,22,2.520708856455521
3,23,3.02610894536113
3,24,3.0775209832047103
3,25,3.1309690655132076
3,27,0.3976586379181297
3,28,15.07649193613056
3,29,10.274108192871475
3,30,10.54487076864327
3,31,11.682152680952289
3,32,5.08730037566402
3,33,15.07649193613056
3,34,4.586369598595291
3,35,6.870976021715174
3,36,7.092552604392656
3,37,7.329233505324456
3,38,7.329233505324456
3,39,8.40104949564129
3,40,2.4752785006755507
3,41,3.0522802607757638
3,42,3.7668996231552376
3,43,3.1692589511413236
3,44,3.683588268833184
3,45,3.5413241102868227
3,46,3.905471682109313
3,47,4.1091308555601715
3,48,12.686761058085143
3,49,1.0850977358884504
3,50,0.9232415010807106
3,51,3.904751864233092
3,52,0.1784983420037402
3,53,0.9496320278860364
3,54,1.0384113819014875
3,55,15.07649193613056
3,56,0.7298432530630039
3,57,0.9496320278860364
3,58,4.524963016580872
3,59,0.7807061309193224
3,60,15.07649193613056
3,61,3.2144756507839842
3,62,15.07649193613056
3,63,7.329233505324456
3,64,0.9981433668788756
3,65,1.3481979322377868
3,66,3.9230385952002442
3,67,3.9230385952002442
3,68,3.9230385952002442
3,69,2.6326070728110817
3,70,5.521809230141264
3,71,1.402884355955811
3,72,1.1693120129383294
3,73,0.7617067042232998
4,0,0.39379524146366834
4,2,0.7388825266734735
4,3,0.39379524146366834
4,4,0.0
4,5,0.6512727194946623
4,6,0.4782309224446783
4,7,0.0
4,8,11.30639985094433
4,9,9.827014450634232
4,10,0.47337700050196113
4,11,0.848784790507233
4,12,14.193953476259079
4,13,14.030383697985242
4,14,13.175646226443162
4,15,12.452431899861836
4,16,2.7016511602690794
4,17,2.734740795385335
4,18,1.193416724513847
4,19,2.0796574643211976
4,20,1.3485423932175113
4,21,2.2451628200393623
4,22,2.5952918834575645
4,23,2.879091823169566
4,24,2.944971084959567
4,25,2.918729894276984
4,27,0.6164266299494001
4,28,14.697985221131535
4,29,10.063365762201867
4,30,10.322148878371916
4,31,11.542440181520034
4,32,4.830569346376921
4,33,14.697985221131535
4,34,4.333437102477698
4,35,6.628530503773105
4,36,6.85630897729441
4,37,7.113794830881797
4,38,7.113794830881797
4,39,8.177901923546768
4,40,2.0867155840579876
4,41,2.734740795385335
4,42,3.3745866471324732
4,43,2.784616474776812
4,44,3.3024205993054223
4,45,3.1475321483659
4,46,3.5396522666562067
4,47,3.8411590998500675
4,48,12.560461694148923
4,49,1.055578682637205
4,50,0.8781898452116449
4,51,3.637183004130087
4,52,0.4782309224446783
4,53,1.325097921256524
4,54,1.2480485265089472
4,55,14.697985221131535
4,56,1.0952250588939692
4,57,1.325097921256524
4,58,4.2316451423706996
4,59,1.123842879208091
4,60,14.697985221131535
4,61,2.821984900432172
4,62,14.697985221131535
4,63,7.113794830881797
4,64,0.8278672806003731
4,65,1.061239643088028
4,66,3.634986877955385
4,67,3.634986877955385
4,68,3.634986877955385
4,69,2.364986249120595
4,70,5.252632262885993
4,71,1.2351099610055498
4,72,1.0698636214583401
4,73,0.9648818998936273
5,0,0.6717741585997068
5,2,1.3813702643805368
5,3,0.6717741585997068
5,4,0.6512727194946623
5,5,0.0
5,6,0.850097008292354
5,7,0.6512727194946623
5,8,11.93878948566547
5,9,10.459661041359395
5,10,0.3225830994531908
5,11,0.5255383555506671
5,12,14.84519808636499
5,13,14.681568155724609
5,14,13.818306014611005
5,15,13.097473294088482
5,16,2.342594061193294
5,17,2.538372481363821
5,18,0.5882279807459015
5,19,1.4354574711045565
5,20,0.930189026532532
5,21,1.5987672766328602
5,22,1.9440985640681931
5,23,2.3579950652539403
5,24,2.4069369744244193
5,25,2.490329077115334
5,27,0.3982157014505404
5,28,15.040430809236494
5,29,10.687937689740275
5,30,10.939592290354055
5,31,12.190939336313894
5,32,5.429914064783015
5,33,15.040430809236494
5,34,4.937299324543246
5,35,7.235570587990477
5,36,7.467510640866893
5,37,7.737672947442265
5,38,7.737672947442265
5,39,8.79640405748348
5,40,2.231584235543286
5,41,2.538372481363821
5,42,3.645991708144703
5,43,2.873266257507192
5,44,3.670064446667459
5,45,3.3720338460070876
5,46,3.9684121640889316
5,47,4.434299950650523
5,48,13.210627752175503
5,49,0.42092589641965217
5,50,0.25199433579419717
5,51,4.2316408391835285
5,52,0.850097008292354
5,53,1.1565530108791726
5,54,0.7194247831800802
5,55,15.040430809236494
5,56,0.9302632472517925
5,57,1.1565530108791726
5,58,4.796607545844389
5,59,0.8814524958404263
5,60,15.040430809236494
5,61,2.9986573230911846
5,62,15.040430809236494
5,63,7.737672947442265
5,64,1.4791190506099472
5,65,1.6728130263447225
5,66,4.209166690652197
5,67,4.209166690652197
5,68,4.209166690652197
5,69,2.9681694657268
5,70,5.839776142100216
5,71,1.885892134622403
5,72,1.7151687551802237
5,73,1.433415044288989
6,0,0.1784983420037402
6,2,0.9243386308809723
6,3,0.1784983420037402
6,4,0.4782309224446783
6,5,0.850097008292354
6,6,0.0
6,7,0.4782309224446783
6,8,11.380909595426273
6,9,9.90268672331067
6,10,0.5348065700032033
6,11,0.7220183569667651
6,12,14.152737802912037
6,13,13.976713092540672
6,14,13.210161999611477
6,15,12.475654525500524
6,16,3.113644882601737
6,17,3.193530626829237
6,18,1.2187603931071727
6,19,2.129220379600915
6,20,1.7192865765836598
6,21,2.29974484514103
6,22,2.684949470830155
6,23,3.2029092000434827
6,24,3.255133038419517
6,25,3.30080732115604
6,27,0.5598537543172585
6,28,15.082108191650192
6,29,10.161648340316718
6,30,10.43742380988957
6,31,11.543894449914001
6,32,4.999537933675112
6,33,15.082108191650192
6,34,4.497461776470227
6,35,6.774309306240183
6,36,6.992799100824638
6,37,7.220065891070173
6,38,7.220065891070173
6,39,8.294616206064454
6,40,2.558187456496347
6,41,3.193530626829237
6,42,3.8097509941229357
6,43,3.2592010414963433
6,44,3.6988508731047074
6,45,3.59774645716855
6,46,3.8991148028814915
6,47,4.0289981228301945
6,48,12.544327072503311
6,49,1.263451574212715
6,50,1.1016760496651425
6,51,3.8248748259267176
6,52,0.0
6,53,0.9770677089350192
6,54,1.1795962049582276
6,55,15.082108191650192
6,56,0.7803132300164388
6,57,0.9770677089350192
6,58,4.458588887342846
6,59,0.8544349047515554
6,60,15.082108191650192
6,61,3.2845321588736898
6,62,15.082108191650192
6,63,7.220065891070173
6,64,0.9038166558572133
6,65,1.298474432026899
6,66,3.8547266772159197
6,67,3.8547266772159197
6,68,3.8547266772159197
6,69,2.5574468249354
6,70,5.440041080745858
6,71,1.295459688943323
6,72,1.0423554273740518
6,73,0.5833181105663395
7,0,0.39379524146366834
7,2,0.7388825266734735
7,3,0.39379524146366834
7,4,0.0
7,5,0.6512727194946623
7,6,0.4782309224446783
7,7,0.0
7,8,11.30639985094433
7,9,9.827014450634232
7,10,0.47337700050196113
7,11,0.848784790507233
7,12,14.193953476259079
7,13,14.030383697985242
7,14,13.175646226443162
7,15,12.452431899861836
7,16,2.7016511602690794
7,17,2.734740795385335
7,18,1.193416724513847
7,19,2.0796574643211976
7,20,1.3485423932175113
7,21,2.2451628200393623
7,22,2.5952918834575645
7,23,2.879091823169566
7,24,2.944971084959567
7,25,2.918729894276984
7,27,0.6164266299494001
7,28,14.697985221131535
7,29,10.063365762201867
7,30,10.322148878371916
7,31,11.542440181520034
7,32,4.830569346376921
7,33,14.697985221131535
7,34,4.333437102477698
7,35,6.628530503773105
7,36,6.85630897729441
7,37,7.113794830881797
7,38,7.113794830881797
7,39,8.177901923546768
7,40,2.0867155840579876
7,41,2.734740795385335
7,42,3.3745866471324732
7,43,2.784616474776812
7,44,3.3024205993054223
7,45,3.1475321483659
7,46,3.5396522666562067
7,47,3.8411590998500675
7,48,12.560461694148923
7,49,1.055578682637205
7,50,0.8781898452116449
7,51,3.637183004130087
7,52,0.4782309224446783
7,53,1.325097921256524
7,54,1.2480485265089472
7,55,14.697985221131535
7,56,1.0952250588939692
7,57,1.325097921256524
7,58,4.2316451423706996
7,59,1.123842879208091
7,60,14.697985221131535
7,61,2.821984900432172
7,62,14.697985221131535
7,63,7.113794830881797
7,64,0.8278672806003731
7,65,1.061239643088028
7,66,3.634986877955385
7,67,3.634986877955385
7,68,3.634986877955385
7,69,2.364986249120595
7,70,5.252632262885993
7,71,1.2351099610055498
7,72,1.0698636214583401
7,73,0.9648818998936273
8,0,11.500405680981414
8,2,10.567720872175911
8,3,11.500405680981414
8,4,11.30639985094433
8,5,11.93878948566547
8,6,11.380909595426273
8,7,11.30639985094433
8,8,0.0
8,9,1.4794032147066518
8,10,11.76658803653769
8,11,12.086565141289146
8,12,4.1610986947526625
8,13,4.28369039381244
8,14,2.1139046318098367
8,15,1.6971263364638387
8,16,12.692473151524997
8,17,12.080747722265876
8,18,12.499744968219735
8,19,13.372156169380531
8,20,12.172723306338114
8,21,13.531886925128726
8,22,13.843615789312377
8,23,13.434481488941339
8,24,13.555308868575993
8,25,13.084007340466375
8,27,11.879120446480924
8,28,10.401579495589022
8,29,1.3441556876733687
8,30,1.3459633824166048
8,31,1.7556778307754395
8,32,6.6093302415734225
8,33,10.401579495589022
8,34,7.065115394591901
8,35,4.830950581290731
8,36,4.573873726048715
8,37,4.222127020028777
8,38,4.222127020028777
8,39,3.2270497897721384
8,40,10.825887733170335
8,41,12.080747722265876
8,42,9.826687670567754
8,43,10.897077487183248
8,44,9.314862946187926
8,45,10.161503446044714
8,46,8.811372974787584
8,47,7.593110620754757
8,48,2.556835220664337
8,49,12.289392675016872
8,50,12.122210818175434
8,51,7.783382477645865
8,52,11.380909595426273
8,53,12.254779988665996
8,54,12.531699307681023
8,55,10.401579495589022
8,56,12.121897061154586
8,57,12.254779988665996
8,58,7.388146868152595
8,59,12.218760126249899
8,60,10.401579495589022
8,61,10.492786010025956
8,62,10.401579495589022
8,63,4.222127020028777
8,64,10.508223253873153
8,65,10.267650515233909
8,66,7.882521017124242
8,67,7.882521017124242
8,68,7.882521017124242
8,69,8.993593039159219
8,70,6.2959720889974795
8,71,10.098899746705314
8,72,10.338568866990688
8,73,11.019790179616253
9,0,10.021559543441816
9,2,9.088325306119902
9,3,10.021559543441816
9,4,9.827014450634232
9,5,10.459661041359395
9,6,9.90268672331067
9,7,9.827014450634232
9,8,1.4794032147066518
9,9,0.0
9,10,10.287206750240149
9,11,10.607654096460493
9,12,5.180788090846348
9,13,5.209092501062792
9,14,3.470926950198762
9,15,2.870365290335336
9,16,11.24621739239682
9,17,10.64585900436191
9,18,11.020351853437518
9,19,11.893240138216624
9,20,10.700615225591234
9,21,12.053166948322387
9,22,12.36615704967812
9,23,11.977075602546941
9,24,12.096874148683847
9,25,11.63656048672864
9,27,10.399912205381565
9,28,10.393929148872386
9,29,0.5386215044123912
9,30,0.9952793101252487
9,31,2.3565489116816707
9,32,5.14736329306322
9,33,10.393929148872386
9,34,5.59588323253636
9,35,3.39249296476965
9,36,3.1317616219681153
9,37,2.7537350419526687
9,38,2.7537350419526687
9,39,1.809327444438181
9,40,9.377005352604051
9,41,10.64585900436191
9,42,8.421899835876212
9,43,9.472627749707598
9,44,7.895675649176567
9,45,8.749310426879804
9,46,7.390436372196368
9,47,6.125009735643094
9,48,3.429544106294946
9,49,10.811163729782672
9,50,10.643696210144244
9,51,6.31333528485189
9,52,9.90268672331067
9,53,10.780037141285073
9,54,11.05249639336735
9,55,10.393929148872386
9,56,10.645345378012175
9,57,10.780037141285073
9,58,5.938613356805013
9,59,10.74159161528668
9,60,10.393929148872386
9,61,9.068619900066142
9,62,10.393929148872386
9,63,2.7537350419526687
9,64,9.029031385207643
9,65,8.788780049950551
9,66,6.41951681539299
9,67,6.41951681539299
9,68,6.41951681539299
9,69,7.516746763732431
9,70,4.85204284823682
9,71,8.61983720901699
9,72,8.86039737430977
9,73,9.545628501439877
10,0,0.3568189679945839
10,2,1.202212705743843
10,3,0.3568189679945839
10,4,0.47337700050196113
10,5,0.3225830994531908
10,6,0.5348065700032033
10,7,0.47337700050196113
10,8,11.76658803653769
10,9,10.287206750240149
10,10,0.0
10,11,0.39192275795347303
10,12,14.615438888266894
10,13,14.44615467496667
10,14,13.625387968369091
10,15,12.898498370159514
10,16,2.6491445187513265
10,17,2.80662045643137
10,18,0.7403944341619517
10,19,1.6466169762164113
10,20,1.2375514445435973
10,21,1.8154424972578995
10,22,2.1853259037973465
10,23,2.680357325302119
10,24,2.7283560408510232
10,25,2.807977162583041
10,27,0.16364621453718858
10,28,15.104500605392309
10,29,10.528321726682305
10,30,10.79002615911473
10,31,11.980794122763003
10,32,5.303119550461108
10,33,15.104500605392309
10,34,4.805502254294667
10,35,7.0996322842175354
10,36,7.3264510395482025
10,37,7.579539359524731
10,38,7.579539359524731
10,39,8.645647011683653
10,40,2.3736267040408117
10,41,2.80662045643137
10,42,3.7385301687940324
10,43,3.0442139473056353
10,44,3.7118552922201173
10,45,3.4861644747538527
10,46,3.974849477463927
10,47,4.31434532980176
10,48,12.992272777630584
10,49,0.7289229544134143
10,50,0.5707200997916119
10,51,4.11032393250344
10,52,0.5348065700032033
10,53,0.9616238091389837
10,54,0.7752838524431178
10,55,15.104500605392309
10,56,0.7240185822799192
10,57,0.9616238091389837
10,58,4.7040320622316525
10,59,0.7151203745905829
10,60,15.104500605392309
10,61,3.1328105408376534
10,62,15.104500605392309
10,63,7.579539359524731
10,64,1.263800947647098
10,65,1.53428641376915
10,66,4.107982668760783
10,67,4.107982668760783
10,68,4.107982668760783
10,69,2.8377912612812914
10,70,5.725953864361291
10,71,1.6753410274849707
10,72,1.472436736238312
10,73,1.1166777155864598
11,0,0.5864068529877283
11,2,1.5492482347542054
11,3,0.5864068529877283
11,4,0.848784790507233
11,5,0.5255383555506671
11,6,0.7220183569667651
11,7,0.848784790507233
11,8,12.086565141289146
11,9,10.607654096460493
11,10,0.39192275795347303
11,11,0.0
11,12,14.874507139792534
11,13,14.697769460241222
11,14,13.926139480490459
11,15,13.19352005922686
11,16,2.8148175425478423
11,17,3.053832255316561
11,18,0.5337008676230768
11,19,1.4235159922505618
11,20,1.4170530037741225
11,21,1.5938288056536274
11,22,1.9896711921797587
11,23,2.7237803423827494
11,24,2.753836298764773
11,25,2.925328776683202
11,27,0.2334074163304499
11,28,15.492847967097362
11,29,10.858710474620331
11,30,11.1275220996927
11,31,12.264415964741833
11,32,5.658658003791151
11,33,15.492847967097362
11,34,5.1589875323229615
11,35,7.448079113866751
11,36,7.671549592525377
11,37,7.912857355716311
11,38,7.912857355716311
11,39,8.983405784411161
11,40,2.732651544893791
11,41,3.053832255316561
11,42,4.118587788249689
11,43,3.388028853934468
11,44,4.102015422352834
11,45,3.8588101355479725
11,46,4.3667428195091
11,47,4.67494387900982
11,48,13.266079772084877
11,49,0.7729584082689228
11,50,0.682875472615713
11,51,4.470616845756045
11,52,0.7220183569667651
11,53,0.6315465425226539
11,54,0.45772540595452793
11,55,15.492847967097362
11,56,0.4111634490826298
11,57,0.6315465425226539
11,58,5.076182775122949
11,59,0.35630788432231314
11,60,15.492847967097362
11,61,3.4967303911419894
11,62,15.492847967097362
11,63,7.912857355716311
11,64,1.5812192413312942
11,65,1.898336495738342
11,66,4.477489416260853
11,67,4.477489416260853
11,68,4.477489416260853
11,69,3.1970353374896145
11,70,6.087717084727257
11,71,1.9882389156186397
11,72,1.7545452438146716
11,73,1.235026152149114
12,0,14.300774618565281
12,2,13.473141225751185
12,3,14.300774618565281
12,4,14.193953476259079
12,5,14.84519808636499
12,6,14.152737802912037
12,7,14.193953476259079
12,8,4.1610986947526625
12,9,5.180788090846348
12,10,14.615438888266894
12,11,14.874507139792534
12,12,0.0
12,13,0.403245814197683
12,14,2.3622118197086195
12,15,2.466829864854876
12,16,16.026321806374124
12,17,15.491153067066445
12,18,15.353028081476594
12,19,16.262035989475333
12,20,15.26657618911284
12,21,16.4305794710677
12,22,16.789227598384265
12,23,16.673689202293748
12,24,16.783771381947833
12,25,16.40468506551734
12,27,14.697405240686638
12,28,14.095079348302585
12,29,5.347604467981395
12,30,5.482910434646999
12,31,2.864902904690076
12,32,9.9710183668622
12,33,14.095079348302585
12,34,10.342655277780027
12,35,8.39385434683779
12,36,8.133938577918606
12,37,7.66457453536435
12,38,7.66457453536435
12,39,6.925321517390247
12,40,14.170286457479602
12,41,15.491153067066445
12,42,13.399430639971873
12,43,14.375349456501407
12,44,12.839032806390577
12,45,13.701858555687178
12,46,12.33659437634001
12,47,10.862176459040423
12,48,1.7641844004051366
12,49,15.238354393271734
12,50,15.062274448147535
12,51,11.023839056402132
12,52,14.152737802912037
12,53,14.89537770098816
12,54,15.332222192298254
12,55,14.095079348302585
12,56,14.81312540224117
12,57,14.89537770098816
12,58,10.806114551910927
12,59,14.926220482400288
12,60,14.095079348302585
12,61,13.977860412602737
12,62,14.095079348302585
12,63,7.66457453536435
12,64,13.36626571777261
12,65,13.239029355098111
12,66,11.189968416081102
12,67,11.189968416081102
12,68,11.189968416081102
12,69,12.079473548321412
12,70,9.778819517729778
12,71,12.959842864048758
12,72,13.14300836495373
12,73,13.68792561762879
13,0,14.127284497281043
13,2,13.314235833379675
13,3,14.127284497281043
13,4,14.030383697985242
13,5,14.681568155724609
13,6,13.976713092540672
13,7,14.030383697985242
13,8,4.28369039381244
13,9,5.209092501062792
13,10,14.44615467496667
13,11,14.697769460241222
13,12,0.403245814197683
13,13,0.0
13,14,2.616942609779071
13,15,2.6122873233781867
13,16,15.91268105082228
13,17,15.389784795796745
13,18,15.18192290841132
13,19,16.09246860941749
13,20,15.123651825386343
13,21,16.261567189678086
13,22,16.62466385166969
13,23,16.545618414737437
13,24,16.654023439285393
13,25,16.288299760827353
13,27,14.52451451011408
13,28,14.348757565352539
13,29,5.414234407029228
13,30,5.5808614250160735
13,31,2.8603452624450285
13,32,9.886085573281918
13,33,14.348757565352539
13,34,10.244231454743042
13,35,8.349489170114895
13,36,8.091701393694994
13,37,7.611610631393652
13,38,7.611610631393652
13,39,6.917382702942524
13,40,14.063317284455742
13,41,15.389784795796745
13,42,13.328970771909166
13,43,14.287135909254298
13,44,12.762868122830636
13,45,13.625276929555975
13,46,12.262514883014795
13,47,10.759448901292439
13,48,1.7831698994222063
13,49,15.078348657897159
13,50,14.901782586451358
13,51,10.916515019090452
13,52,13.976713092540672
13,53,14.703197154225178
13,54,15.15542365132154
13,55,14.348757565352539
13,56,14.6263982688991
13,57,14.703197154225178
13,58,10.723642891593634
13,59,14.740813673906898
13,60,14.348757565352539
13,61,13.89187824330939
13,62,14.348757565352539
13,63,7.611610631393652
13,64,13.202532845353193
13,65,13.088530838118436
13,66,11.090392595154196
13,67,11.090392595154196
13,68,11.090392595154196
13,69,11.947523855836438
13,70,9.711874587860429
13,71,12.798111944031792
13,72,12.974367023252261
13,73,13.502800513316984
14,0,13.340575650461203
14,2,12.438110612733817
14,3,13.340575650461203
14,4,13.175646226443162
14,5,13.818306014611005
14,6,13.210161999611477
14,7,13.175646226443162
14,8,2.1139046318098367
14,9,3.470926950198762
14,10,13.625387968369091
14,11,13.926139480490459
14,12,2.3622118197086195
14,13,2.616942609779071
14,14,0.0
14,15,0.7888129000843823
14,16,14.70665734624649
14,17,14.113235538199888
14,18,14.364336407285315
14,19,15.253534258502476
14,20,14.114637521610907
14,21,15.416937017375469
14,22,15.745452997574521
14,23,15.424735527637438
14,24,15.542881594713275
14,25,15.095809316238963
14,27,13.728010403475366
14,28,11.73643717291183
14,29,3.4475365884941134
14,30,3.446239663372135
14,31,1.8554004366893282
14,32,8.597982614163696
14,33,11.73643717291183
14,34,9.031186683712034
14,35,6.862544779026453
14,36,6.601272028829901
14,37,6.204293536075571
14,38,6.204293536075571
14,39,5.276840532622855
14,40,12.836369600844822
14,41,14.113235538199888
14,42,11.891634742693386
14,43,12.943016427811072
14,44,11.366594154845014
14,45,12.220042393786231
14,46,10.861326504703399
14,47,9.561428228144079
14,48,1.497911216670712
14,49,14.185085753879834
14,50,14.014057522700249
14,51,9.744137715177825
14,52,13.210161999611477
14,53,14.042837850616554
14,54,14.378301334809413
14,55,11.73643717291183
14,56,13.927367208101069
14,57,14.042837850616554
14,58,9.400773110392388
14,59,14.030679008404057
14,60,11.73643717291183
14,61,12.539096646964138
14,62,11.73643717291183
14,63,6.204293536075571
14,64,12.361627948207865
14,65,12.158556657806358
14,66,9.865420201190304
14,67,9.865420201190304
14,68,9.865420201190304
14,69,10.913533578385119
14,70,8.318850560526585
14,71,11.950117147204487
14,72,12.17159497816744
14,73,12.808855673099366
15,0,12.608802378896424
15,2,11.716280476438653
15,3,12.608802378896424
15,4,12.452431899861836
15,5,13.097473294088482
15,6,12.475654525500524
15,7,12.452431899861836
15,8,1.6971263364638387
15,9,2.870365290335336
15,10,12.898498370159514
15,11,13.19352005922686
15,12,2.466829864854876
15,13,2.6122873233781867
15,14,0.7888129000843823
15,15,0.0
15,16,14.044517668560479
15,17,13.464291640916068
15,18,13.638307347658861
15,19,14.531746836673035
15,20,13.416143837538067
15,21,14.696166153668164
15,22,15.029974968452626
15,23,14.747755552188373
15,24,14.864335298414819
15,25,14.431727112372455
15,27,12.998172250838135
15,28,11.834332388196495
15,29,2.942143771827531
15,30,3.031810670730461
15,31,1.069185764058507
15,32,7.9336980121631635
15,33,11.834332388196495
15,34,8.353843478346956
15,35,6.233540597358384
15,36,5.971047964701079
15,37,5.549931943661863
15,38,5.549931943661863
15,39,4.675538313870092
15,40,12.174424893067576
15,41,13.464291640916068
15,42,11.273825602104559
15,43,12.306142053523965
15,44,10.737389136526316
15,45,11.595409326101093
15,46,10.231655738788179
15,47,8.883493886700723
15,48,1.0266647908216342
15,49,13.469117201535243
15,50,13.296996580413262
15,51,9.062084955562769
15,52,12.475654525500524
15,53,13.297537287435185
15,54,13.647107947349232
15,55,11.834332388196495
15,56,13.186153983610826
15,57,13.297537287435185
15,58,8.747722378291522
15,59,13.290895203008148
15,60,11.834332388196495
15,61,11.903166342369461
15,62,11.834332388196495
15,63,5.549931943661863
15,64,11.634867803148426
15,65,11.443740947006855
15,66,9.193957460042531
15,67,9.193957460042531
15,68,9.193957460042531
15,69,10.211408772001942
15,70,7.6763424148027
15,71,11.223364869887295
15,72,11.43949037389077
15,73,12.065158680550544
16,0,2.9509861041900907
16,2,3.1027573372248987
16,3,2.9509861041900907
16,4,2.7016511602690794
16,5,2.342594061193294
16,6,3.113644882601737
16,7,2.7016511602690794
16,8,12.692473151524997
16,9,11.24621739239682
16,10,2.6491445187513265
16,11,2.8148175425478423
16,12,16.026321806374124
16,13,15.91268105082228
16,14,14.70665734624649
16,15,14.044517668560479
16,16,0.0
16,17,0.7217110043429498
16,18,2.458147051943391
16,19,2.365895597210338
16,20,1.4127116905076647
16,21,2.374630692261877
16,22,2.2961113045960295
16,23,0.8803512103325459
16,24,1.010058037054548
16,25,0.3937352987084373
16,27,2.7399676741031325
16,28,14.006591827436061
16,29,11.370522456624586
16,30,11.539515103166888
16,31,13.241794727675224
16,32,6.111174992545377
16,33,14.006591827436061
16,34,5.698531208630656
16,35,7.861550028221494
16,36,8.119301254860197
16,37,8.502449170857902
16,38,8.502449170857902
16,39,9.46592336518918
16,40,1.870442959362792
16,41,0.7217110043429498
16,42,3.053911575340795
16,43,1.9071382684980895
16,44,3.4467429818939666
16,45,2.6898849022777602
16,46,3.9291752863604006
16,47,5.172263467126477
16,48,14.314375129730992
16,49,2.0507425398440584
16,50,2.134926160502367
16,51,5.004448121345242
16,52,3.113644882601737
16,53,3.4148368183671027
16,54,2.694555942610328
16,55,14.006591827436061
16,56,3.2204905776946204
16,57,3.4148368183671027
16,58,5.3076063190935425
16,59,3.1362929237770745
16,60,14.006591827436061
16,61,2.2881528468600547
16,62,14.006591827436061
16,63,8.502449170857902
16,64,3.295780993475635
16,65,3.131727576166885
16,66,4.85352442572748
16,67,4.85352442572748
16,68,4.85352442572748
16,69,4.0102564025985785
16,70,6.39683505860112
16,71,3.579206511742581
16,72,3.581078634298269
16,73,3.6631243257108586
17,0,3.0522802607757638
17,2,2.9688914541108526
17,3,3.0522802607757638
17,4,2.734740795385335
17,5,2.538372481363821
17,6,3.193530626829237
17,7,2.734740795385335
17,8,12.080747722265876
17,9,10.64585900436191
17,10,2.80662045643137
17,11,3.053832255316561
17,12,15.491153067066445
17,13,15.389784795796745
17,14,14.113235538199888
17,15,13.464291640916068
17,16,0.7217110043429498
17,17,0.0
17,18,2.801094047320093
17,19,2.905612985033121
17,20,1.6589943735811072
17,21,2.9439726973053246
17,22,2.9275797181243504
17,23,1.601710563894183
17,24,1.7316624595218708
17,25,1.091256969987785
17,27,2.928610748846839
17,28,13.309551211714355
17,29,10.751606588364327
17,30,10.906713957993418
17,31,12.685719763859066
17,32,5.536661214993175
17,33,13.309551211714355
17,34,5.148517109247823
17,35,7.254367090827499
17,36,7.514343290755867
17,37,7.914837343523443
17,38,7.914837343523443
17,39,8.854252380892579
17,40,1.34039707057838
17,41,0.0
17,42,2.35807034789636
17,43,1.2146540087560802
17,44,2.7869152942726783
17,45,1.9953842835962095
17,46,3.281199388427121
17,47,4.6304071126450586
17,48,13.766314788253487
17,49,2.347061563727105
17,50,2.3810026165206
17,51,4.47516511447643
17,52,3.193530626829237
17,53,3.6817542099492258
17,54,3.0367557531316582
17,55,13.309551211714355
17,56,3.46439080803555
17,57,3.6817542099492258
17,58,4.71657625557857
17,59,3.4010176714033022
17,60,13.309551211714355
17,61,1.610146485039173
17,62,13.309551211714355
17,63,7.914837343523443
17,64,3.1722450034164544
17,65,2.910994864967752
17,66,4.301187239231396
17,67,4.301187239231396
17,68,4.301187239231396
17,69,3.590741227407958
17,70,5.794429895564904
17,71,3.387115164010561
17,72,3.449263120986993
17,73,3.6895449650879923
18,0,1.057848669254198
18,2,1.9320321578999329
18,3,1.057848669254198
18,4,1.193416724513847
18,5,0.5882279807459015
18,6,1.2187603931071727
18,7,1.193416724513847
18,8,12.499744968219735
18,9,11.020351853437518
18,10,0.7403944341619517
18,11,0.5337008676230768
18,12,15.353028081476594
18,13,15.18192290841132
18,14,14.364336407285315
18,15,13.638307347658861
18,16,2.458147051943391
18,17,2.801094047320093
18,18,0.0
18,19,0.9121909654951381
18,20,1.1471370743842801
18,21,1.082378557512133
18,22,1.4669216303888302
18,23,2.254701368835399
18,24,2.2722142229614315
18,25,2.515318205675308
18,27,0.6605509932787619
18,28,15.571878651186568
18,29,11.25606459393538
18,30,11.512642308819723
18,31,12.721184193743746
18,32,6.010496537755012
18,33,15.571878651186568
18,34,5.516123263694608
18,35,7.813613013676872
18,36,8.043689157193047
18,37,8.30621025956758
18,38,8.30621025956758
18,39,9.36868285267303
18,40,2.722180062792527
18,41,2.801094047320093
18,42,4.169159181184011
18,43,3.3197777031048585
18,44,4.227788375973369
18,45,3.8778120144894452
18,46,4.541822288982211
18,47,5.016420191987104
18,48,13.732143361303748
18,49,0.4678012583406762
18,50,0.5183075695045694
18,51,4.813300471824274
18,52,1.2187603931071727
18,53,0.9896845491318855
18,54,0.23766039227506155
18,55,15.571878651186568
18,56,0.8440180755084924
18,57,0.9896845491318855
18,58,5.383832171685429
18,59,0.7320607290102799
18,60,15.571878651186568
18,61,3.4875753974418533
18,62,15.571878651186568
18,63,8.30621025956758
18,64,2.0034505738827293
18,65,2.2450514929555894
18,66,4.795109736456078
18,67,4.795109736456078
18,68,4.795109736456078
18,69,3.5461198368203686
18,70,6.423831408917013
18,71,2.414942507740917
18,72,2.210990126628346
18,73,1.7615027010036894
19,0,1.9699956364365465
19,2,2.8156467282629136
19,3,1.9699956364365465
19,4,2.0796574643211976
19,5,1.4354574711045565
19,6,2.129220379600915
19,7,2.0796574643211976
19,8,13.372156169380531
19,9,11.893240138216624
19,10,1.6466169762164113
19,11,1.4235159922505618
19,12,16.262035989475333
19,13,16.09246860941749
19,14,15.253534258502476
19,15,14.531746836673035
19,16,2.365895597210338
19,17,2.905612985033121
19,18,0.9121909654951381
19,19,0.0
19,20,1.4840759833517008
19,21,0.17058567389097587
19,22,0.5742345512934562
19,23,1.8468969757279625
19,24,1.8128493446791403
19,25,2.276168508056909
19,27,1.5725248084628314
19,28,16.052275949441082
19,29,12.11695113948268
19,30,12.363235527543331
19,31,13.621429338652497
19,32,6.842651327275729
19,33,16.052275949441082
19,34,6.3546156921198715
19,35,8.65242235589411
19,36,8.887652725982992
19,37,9.16694850606125
19,38,9.16694850606125
19,39,10.221580253891508
19,40,3.220760470998753
19,41,2.905612985033121
19,42,4.692377737668884
19,43,3.706218590121738
19,44,4.843959225835295
19,45,4.366950298891767
19,46,5.2096269226799
19,47,5.844355848889496
19,48,14.636616738401068
19,49,1.0956853965981053
19,50,1.2543236671834472
19,51,5.6433900571167985
19,52,2.129220379600915
19,53,1.6803151312333626
19,54,0.9832081855538616
19,55,16.052275949441082
19,56,1.627899524169321
19,57,1.6803151312333626
19,58,6.179776735195783
19,59,1.5020577004197346
19,60,16.052275949441082
19,61,3.951580583543143
19,62,16.052275949441082
19,63,9.16694850606125
19,64,2.902282376395885
19,65,3.1045141132987712
19,66,5.603969779742362
19,67,5.603969779742362
19,68,5.603969779742362
19,69,4.390427384436734
19,70,7.240713313545554
19,71,3.3126222047171408
19,72,3.119029237008658
19,73,2.6581625917451146
20,0,1.5505169176100413
20,2,1.900338008683062
20,3,1.5505169176100413
20,4,1.3485423932175113
20,5,0.930189026532532
20,6,1.7192865765836598
20,7,1.3485423932175113
20,8,12.172723306338114
20,9,10.700615225591234
20,10,1.2375514445435973
20,11,1.4170530037741225
20,12,15.26657618911284
20,13,15.123651825386343
20,14,14.114637521610907
20,15,13.416143837538067
20,16,1.4127116905076647
20,17,1.6589943735811072
20,18,1.1471370743842801
20,19,1.4840759833517008
20,20,0.0
20,21,1.5883863386392303
20,22,1.7674418396561025
20,23,1.5425144620454676
20,24,1.619321810799889
20,25,1.5816997022901949
20,27,1.3280504690479065
20,28,14.577915530755966
20,29,10.886635785315214
20,30,11.105262598054747
20,31,12.55029360509802
20,32,5.576251740983905
20,33,14.577915530755966
20,34,5.108657648762321
20,35,7.38450548470997
20,36,7.629871637493202
20,37,7.950686802437015
20,38,7.950686802437015
20,39,8.977952519714103
20,40,1.7369703926391085
20,41,1.6589943735811072
20,42,3.2083304432282045
20,43,2.244712629262001
20,44,3.376708521222217
20,45,2.883949012567277
20,46,3.764778500978803
20,47,4.582813023995037
20,48,13.595421978924058
20,49,0.6881648384645651
20,50,0.7344755446283083
20,51,4.390051316158657
20,52,1.7192865765836598
20,53,2.035198689490783
20,54,1.3805779568197822
20,55,14.577915530755966
20,56,1.8273812044338813
20,57,2.035198689490783
20,58,4.854732164881896
20,59,1.7540165523362592
20,60,14.577915530755966
20,61,2.470649776870831
20,62,14.577915530755966
20,63,7.950686802437015
20,64,2.066299036564084
20,65,2.051114121314667
20,66,4.309038510187367
20,67,4.309038510187367
20,68,4.309038510187367
20,69,3.20552821579307
20,70,5.939952685123451
20,71,2.419527760051283
20,72,2.3449187790831134
20,73,2.286266578512341
21,0,2.140226471009811
21,2,2.9798987696201826
21,3,2.140226471009811
21,4,2.2451628200393623
21,5,1.5987672766328602
21,6,2.29974484514103
21,7,2.2451628200393623
21,8,13.531886925128726
21,9,12.053166948322387
21,10,1.8154424972578995
21,11,1.5938288056536274
21,12,16.4305794710677
21,13,16.261567189678086
21,14,15.416937017375469
21,15,14.696166153668164
21,16,2.374630692261877
21,17,2.9439726973053246
21,18,1.082378557512133
21,19,0.17058567389097587
21,20,1.5883863386392303
21,21,0.0
21,22,0.41164521331826215
21,23,1.7994291344747098
21,24,1.7541543047899286
21,25,2.256957514824364
21,27,1.7428307596077786
21,28,16.135339859777357
21,29,12.27432111020225
21,30,12.518446824216609
21,31,13.787536745638963
21,32,6.995287501991245
21,33,16.135339859777357
21,34,6.508640913076535
21,35,8.80580981565686
21,36,9.042006360240546
21,37,9.324618817893281
21,38,9.324618817893281
21,39,10.377506674086456
21,40,3.3238016007719136
21,41,2.9439726973053246
21,42,4.793279475685714
21,43,3.787671329373345
21,44,4.96044575178579
21,45,4.463033256660577
21,46,5.334306375974727
21,47,5.996661749007696
21,48,14.8038209201825
21,49,1.247471655401493
21,50,1.410502462015948
21,51,5.796202710071344
21,52,2.29974484514103
21,53,1.8364110044715949
21,54,1.151802753947646
21,55,16.135339859777357
21,56,1.791812340411914
21,57,1.8364110044715949
21,58,6.326039251644369
21,59,1.6658725044340863
21,60,16.135339859777357
21,61,4.045019275743519
21,62,16.135339859777357
21,63,9.324618817893281
21,64,3.0691032498328235
21,65,3.264550318585715
21,66,5.752957758922871
21,67,5.752957758922871
21,68,5.752957758922871
21,69,4.546631922643919
21,70,7.390311659638677
21,71,3.47905516458333
21,72,3.2876811253411846
21,73,2.8282903317759405
22,0,2.520708856455521
22,2,3.321284150587704
22,3,2.520708856455521
22,4,2.5952918834575645
22,5,1.9440985640681931
22,6,2.684949470830155
22,7,2.5952918834575645
22,8,13.843615789312377
22,9,12.36615704967812
22,10,2.1853259037973465
22,11,1.9896711921797587
22,12,16.789227598384265
22,13,16.62466385166969
22,14,15.745452997574521
22,15,15.029974968452626
22,16,2.2961113045960295
22,17,2.9275797181243504
22,18,1.4669216303888302
22,19,0.5742345512934562
22,20,1.7674418396561025
22,21,0.41164521331826215
22,22,0.0
22,23,1.6027602268811458
22,24,1.5325344118802242
22,25,2.114541051172024
22,27,2.1254304768141297
22,28,16.201124071304836
22,29,12.576277136167187
22,30,12.811495196770428
22,31,14.130707053980633
22,32,7.281644677506908
22,33,16.201124071304836
22,34,6.800823309950591
22,35,9.09345910832506
22,36,9.333246824948654
22,37,9.62904114252945
22,38,9.62904114252945
22,39,10.674268961774882
22,40,3.469400538462112
22,41,2.9275797181243504
22,42,4.923857473087037
22,43,3.8717175291895525
22,44,5.134506741728244
22,45,4.581949912987668
22,46,5.53135609170857
22,47,6.283052333541302
22,48,15.153446185848447
22,49,1.5608616468250276
22,50,1.7336682051243586
22,51,6.084781992449214
22,52,2.684949470830155
22,53,2.24789375028817
22,54,1.5558728772215353
22,55,16.201124071304836
22,56,2.201857733139763
22,57,2.24789375028817
22,58,6.5902448028395115
22,59,2.0759695339646744
22,60,16.201124071304836
22,61,4.159168797799399
22,62,16.201124071304836
22,63,9.62904114252945
22,64,3.4229747880883763
22,65,3.5869417083553414
22,66,6.027691697719446
22,67,6.027691697719446
22,68,6.027691697719446
22,69,4.850376914430358
22,70,7.665013610191718
22,71,3.8299051318233315
22,72,3.652164185544277
22,73,3.2244927461273187
23,0,3.02610894536113
23,2,3.43611689881662
23,3,3.02610894536113
23,4,2.879091823169566
23,5,2.3579950652539403
23,6,3.2029092000434827
23,7,2.879091823169566
23,8,13.434481488941339
23,9,11.977075602546941
23,10,2.680357325302119
23,11,2.7237803423827494
23,12,16.673689202293748
23,13,16.545618414737437
23,14,15.424735527637438
23,15,14.747755552188373
23,16,0.8803512103325459
23,17,1.601710563894183
23,18,2.254701368835399
23,19,1.8468969757279625
23,20,1.5425144620454676
23,21,1.7994291344747098
23,22,1.6027602268811458
23,23,0.0
23,24,0.13101799964312905
23,25,0.5610781589514586
23,27,2.722504104216037
23,28,14.868114971448675
23,29,12.122683382609992
23,30,12.307618268331675
23,31,13.917805381843605
