source_id,target_id,rtt
0,0,0.0
0,2,0.984101595237516
0,3,0.0
0,4,0.6794020674477748
0,5,0.3568189679945839
0,6,0.1784983420037402
0,7,0.6567292644484185
0,8,7.589286070414852
0,9,7.2613726804515375
0,10,0.7487417259480569
0,11,1.2064671319025848
0,12,10.342555410593235
0,13,10.515278310490482
0,14,15.673088804413544
0,15,11.805559612324487
0,16,5.410350608672124
0,17,5.7743903130954575
0,18,4.123469083336667
0,19,4.2544870829797965
0,20,4.16772656382715
0,21,3.7739912651187133
0,22,3.0522802607757638
0,23,3.0522802607757638
0,24,4.392677331354144
0,25,5.102086542977447
0,26,6.998795112790586
0,27,4.770500419499464
0,28,67.38733445222469
0,29,8.604248188810086
0,30,14.571871712846832
0,31,16.684921878040626
0,32,4.170976607256289
0,33,20.408902580945785
0,34,4.2000358826963184
0,35,4.404427106296008
0,36,5.273311081390095
0,37,7.589286070414852
0,38,5.50637958278153
0,39,5.811722457328168
0,40,20.408902580945785
0,41,5.305988613326093
0,42,13.919464244134323
0,44,16.28167606384294
0,45,67.38733445222469
0,46,2.520708856455521
0,47,2.6352775517412597
0,48,0.9496320278860364
0,49,4.524963016580872
0,50,1.10504961027037
0,51,0.1784983420037402
0,52,1.7732625743530155
0,53,1.5528989942291265
0,54,1.0850977358884504
0,55,1.2625217725152182
0,56,13.502685948788326
0,57,6.028423723530805
0,59,1.8433705269063785
0,60,1.3601817041538569
0,61,3.9230385952002442
0,62,3.9230385952002442
0,63,3.9230385952002442
0,64,5.224142924913812
0,65,7.589286070414852
0,66,1.8694193817268245
0,67,1.5680231244799967
0,68,0.7617067042232998
2,0,0.984101595237516
2,2,0.0
2,3,0.984101595237516
2,4,1.6635036626852906
2,5,1.3409205632320997
2,6,1.162599937241256
2,7,1.6408308596859345
2,8,8.573387665652367
2,9,8.245474275689054
2,10,1.7328433211855727
2,11,2.190568727140101
2,12,11.32665700583075
2,13,11.499379905727999
2,14,16.657190399651057
2,15,12.789661207562002
2,16,6.394452203909639
2,17,6.758491908332973
2,18,5.107570678574183
2,19,5.238588678217312
2,20,5.151828159064666
2,21,4.758092860356229
2,22,4.036381856013279
2,23,4.036381856013279
2,24,5.376778926591659
2,25,6.086188138214962
2,26,7.982896708028102
2,27,5.75460201473698
2,28,68.37143604746221
2,29,9.588349784047601
2,30,15.555973308084347
2,31,17.66902347327814
2,32,5.155078202493805
2,33,21.393004176183304
2,34,5.184137477933834
2,35,5.388528701533524
2,36,6.257412676627611
2,37,8.573387665652367
2,38,6.490481178019045
2,39,6.795824052565684
2,40,21.393004176183304
2,41,6.290090208563608
2,42,14.903565839371838
2,44,17.265777659080456
2,45,68.37143604746221
2,46,3.504810451693037
2,47,3.6193791469787757
2,48,1.9337336231235525
2,49,5.509064611818388
2,50,2.089151205507886
2,51,1.162599937241256
2,52,2.7573641695905318
2,53,2.5370005894666425
2,54,2.0691993311259664
2,55,2.2466233677527345
2,56,14.486787544025841
2,57,5.605117206117562
2,59,0.8592689316688626
2,60,0.37608010891634097
2,61,4.90714019043776
2,62,4.90714019043776
2,63,4.90714019043776
2,64,6.208244520151327
2,65,8.573387665652367
2,66,1.4461128643135808
2,67,1.1447166070667527
2,68,1.7458082994608157
3,0,0.0
3,2,0.984101595237516
3,3,0.0
3,4,0.6794020674477748
3,5,0.3568189679945839
3,6,0.1784983420037402
3,7,0.6567292644484185
3,8,7.589286070414852
3,9,7.2613726804515375
3,10,0.7487417259480569
3,11,1.2064671319025848
3,12,10.342555410593235
3,13,10.515278310490482
3,14,15.673088804413544
3,15,11.805559612324487
3,16,5.410350608672124
3,17,5.7743903130954575
3,18,4.123469083336667
3,19,4.2544870829797965
3,20,4.16772656382715
3,21,3.7739912651187133
3,22,3.0522802607757638
3,23,3.0522802607757638
3,24,4.392677331354144
3,25,5.102086542977447
3,26,6.998795112790586
3,27,4.770500419499464
3,28,67.38733445222469
3,29,8.604248188810086
3,30,14.571871712846832
3,31,16.684921878040626
3,32,4.170976607256289
3,33,20.408902580945785
3,34,4.2000358826963184
3,35,4.404427106296008
3,36,5.273311081390095
3,37,7.589286070414852
3,38,5.50637958278153
3,39,5.811722457328168
3,40,20.408902580945785
3,41,5.305988613326093
3,42,13.919464244134323
3,44,16.28167606384294
3,45,67.38733445222469
3,46,2.520708856455521
3,47,2.6352775517412597
3,48,0.9496320278860364
3,49,4.524963016580872
3,50,1.10504961027037
3,51,0.1784983420037402
3,52,1.7732625743530155
3,53,1.5528989942291265
3,54,1.0850977358884504
3,55,1.2625217725152182
3,56,13.502685948788326
3,57,6.028423723530805
3,59,1.8433705269063785
3,60,1.3601817041538569
3,61,3.9230385952002442
3,62,3.9230385952002442
3,63,3.9230385952002442
3,64,5.224142924913812
3,65,7.589286070414852
3,66,1.8694193817268245
3,67,1.5680231244799967
3,68,0.7617067042232998
4,0,0.6794020674477748
4,2,1.6635036626852906
4,3,0.6794020674477748
4,4,0.0
4,5,0.3225830994531908
4,6,0.857900409451515
4,7,0.6512727194946623
4,8,8.268688137862627
4,9,7.940774747899312
4,10,0.7145058574066638
4,11,1.1722312633611918
4,12,11.02195747804101
4,13,11.194680377938257
4,14,16.352490871861317
4,15,12.484961679772262
4,16,6.089752676119899
4,17,6.4537923805432325
4,18,4.616091309918822
4,19,4.747109309561951
4,20,4.847128631274925
4,21,4.453393332566488
4,22,3.7316823282235387
4,23,3.7316823282235387
4,24,5.072079398801919
4,25,5.781488610425222
4,26,7.67819718023836
4,27,5.449902486947239
4,28,68.06673651967247
4,29,9.283650256257861
4,30,15.251273780294607
4,31,17.3643239454884
4,32,4.850378674704063
4,33,21.08830464839356
4,34,4.8794379501440925
4,35,5.083829173743783
4,36,5.952713148837869
4,37,8.268688137862627
4,38,6.185781650229305
4,39,6.491124524775943
4,40,21.08830464839356
4,41,5.985390680773867
4,42,14.598866311582096
4,44,16.961078131290716
4,45,68.06673651967247
4,46,3.0133310830376763
4,47,2.6016858697194145
4,48,1.352043927975517
4,49,5.204365084028646
4,50,1.070813741728977
4,51,0.857900409451515
4,52,1.7396708923311701
4,53,1.5193073122072813
4,54,1.051506053866605
4,55,1.2289300904933729
4,56,14.1820880162361
4,57,6.70782579097858
4,59,2.5227725943541532
4,60,2.0395837716016314
4,61,4.602440662648019
4,62,4.602440662648019
4,63,4.602440662648019
4,64,5.903544992361586
4,65,8.268688137862627
4,66,2.548821449174599
4,67,2.2474251919277712
4,68,1.4411087716710744
5,0,0.3568189679945839
5,2,1.3409205632320997
5,3,0.3568189679945839
5,4,0.3225830994531908
5,5,0.0
5,6,0.5353173099983242
5,7,0.973855818947853
5,8,7.946105038409437
5,9,7.618191648446121
5,10,0.39192275795347303
5,11,0.8496481639080009
5,12,10.69937437858782
5,13,10.872097278485066
5,14,16.029907772408126
5,15,12.162378580319071
5,16,5.767169576666708
5,17,6.131209281090042
5,18,4.293508210465632
5,19,4.424526210108761
5,20,4.524545531821735
5,21,4.130810233113298
5,22,3.409099228770348
5,23,3.409099228770348
5,24,4.749496299348728
5,25,5.458905510972031
5,26,7.35561408078517
5,27,5.127319387494048
5,28,67.74415342021928
5,29,8.96106715680467
5,30,14.928690680841417
5,31,17.04174084603521
5,32,4.527795575250873
5,33,20.76572154894037
5,34,4.556854850690902
5,35,4.761246074290592
5,36,5.630130049384679
5,37,7.946105038409437
5,38,5.863198550776113
5,39,6.168541425322752
5,40,20.76572154894037
5,41,5.662807581320677
5,42,14.276283212128906
5,44,16.638495031837525
5,45,67.74415342021928
5,46,2.690747983584486
5,47,2.2791027702662237
5,48,1.0294608285223261
5,49,4.881781984575456
5,50,0.7482306422757862
5,51,0.5353173099983242
5,52,1.4170877928779793
5,53,1.1967242127540905
5,54,0.7289229544134143
5,55,0.9063469910401821
5,56,13.85950491678291
5,57,6.38524269152539
5,59,2.2001894949009624
5,60,1.7170006721484408
5,61,4.279857563194828
5,62,4.279857563194828
5,63,4.279857563194828
5,64,5.5809618929083955
5,65,7.946105038409437
5,66,2.2262383497214087
5,67,1.9248420924745804
5,68,1.1185256722178836
6,0,0.1784983420037402
6,2,1.162599937241256
6,3,0.1784983420037402
6,4,0.857900409451515
6,5,0.5353173099983242
6,6,0.0
6,7,0.4782309224446783
6,8,7.767784412418592
6,9,7.439871022455277
6,10,0.9272400679517971
6,11,1.384965473906325
6,12,10.521053752596973
6,13,10.693776652494222
6,14,15.851587146417284
6,15,11.984057954328225
6,16,5.588848950675864
6,17,5.952888655099198
6,18,4.301967425340408
6,19,4.432985424983537
6,20,4.346224905830891
6,21,3.9524896071224536
6,22,3.230778602779504
6,23,3.230778602779504
6,24,4.571175673357884
6,25,5.280584884981187
6,26,7.1772934547943255
6,27,4.948998761503204
6,28,67.56583279422843
6,29,8.782746530813824
6,30,14.75037005485057
6,31,16.863420220044365
6,32,4.3494749492600295
6,33,20.587400922949527
6,34,4.378534224700058
6,35,4.582925448299748
6,36,5.451809423393835
6,37,7.767784412418592
6,38,5.68487792478527
6,39,5.990220799331908
6,40,20.587400922949527
6,41,5.4844869553298325
6,42,14.097962586138063
6,44,16.460174405846683
6,45,67.56583279422843
6,46,2.6992071984592614
6,47,2.813775893745
6,48,1.1281303698897767
6,49,4.703461358584613
6,50,1.2835479522741102
6,51,0.0
6,52,1.9517609163567557
6,53,1.7313973362328667
6,54,1.2635960778921906
6,55,1.4410201145189585
6,56,13.681184290792064
6,57,6.206922065534545
6,59,2.021868868910119
6,60,1.5386800461575971
6,61,4.101536937203984
6,62,4.101536937203984
6,63,4.101536937203984
6,64,5.402641266917551
6,65,7.767784412418592
6,66,2.047917723730565
6,67,1.7465214664837367
6,68,0.9402050462270399
7,0,0.6567292644484185
7,2,1.6408308596859345
7,3,0.6567292644484185
7,4,0.6512727194946623
7,5,0.973855818947853
7,6,0.4782309224446783
7,7,0.0
7,8,8.24601533486327
7,9,7.918101944899956
7,10,1.365778576901326
7,11,1.823503982855854
7,12,10.999284675041652
7,13,11.172007574938899
7,14,16.32981806886196
7,15,12.462288876772904
7,16,6.067079873120542
7,17,6.431119577543876
7,18,4.780198347785086
7,19,4.911216347428215
7,20,4.8244558282755685
7,21,4.4307205295671315
7,22,3.7090095252241824
7,23,3.7090095252241824
7,24,5.049406595802562
7,25,5.758815807425865
7,26,7.655524377239004
7,27,5.427229683947882
7,28,68.04406371667311
7,29,9.260977453258503
7,30,15.22860097729525
7,31,17.34165114248904
7,32,4.827705871704707
7,33,21.065631845394204
7,34,4.856765147144736
7,35,5.061156370744426
7,36,5.930040345838513
7,37,8.24601533486327
7,38,6.163108847229948
7,39,6.468451721776586
7,40,21.065631845394204
7,41,5.9627178777745105
7,42,14.57619350858274
7,44,16.93840532829136
7,45,68.04406371667311
7,46,3.1774381209039397
7,47,3.2529585892140767
7,48,1.606361292334455
7,49,5.1816922810292905
7,50,1.722086461223639
7,51,0.4782309224446783
7,52,2.3909436118258327
7,53,2.1705800317019435
7,54,1.7027787733612674
7,55,1.8802028099880352
7,56,14.159415213236743
7,57,6.685152987979224
7,59,2.5000997913547973
7,60,2.0169109686022755
7,61,4.579767859648662
7,62,4.579767859648662
7,63,4.579767859648662
7,64,5.880872189362229
7,65,8.24601533486327
7,66,2.526148646175243
7,67,2.2247523889284153
7,68,1.4184359686717183
8,0,7.589286070414852
8,2,8.573387665652367
8,3,7.589286070414852
8,4,8.268688137862627
8,5,7.946105038409437
8,6,7.767784412418592
8,7,8.24601533486327
8,8,0.0
8,9,0.5193797453102444
8,10,8.33802779636291
8,11,8.795753202317437
8,12,2.8929043927651144
8,13,2.9946070700073304
8,14,8.206291949769756
8,15,4.338762757680699
8,16,6.064175199160319
8,17,6.428214903583653
8,18,9.569145278340187
8,19,9.700163277983316
8,20,9.08288101749739
8,21,8.689145718788954
8,22,7.967434714446004
8,23,7.967434714446004
8,24,7.920699704297624
8,25,7.211290492674321
8,26,0.781957312971196
8,27,2.897997678520919
8,28,74.97662052263954
8,29,1.0835769483269335
8,30,7.105074858203045
8,31,9.218125023396839
8,32,11.760262677671141
8,33,12.888231340462635
8,34,3.6326314913887128
8,35,3.4282402677890236
8,36,2.3951870166302878
8,37,0.0
8,38,7.615583532478404
8,39,5.5549313373425315
8,40,12.888231340462635
8,41,5.049197493340457
8,42,6.452667389490535
8,44,8.814879209199155
8,45,74.97662052263954
8,46,10.109994926870373
8,47,10.224563622156111
8,48,8.538918098300888
8,49,12.114249086995724
8,50,8.694335680685223
8,51,7.767784412418592
8,52,9.362548644767868
8,53,9.142185064643979
8,54,8.674383806303302
8,55,8.85180784293007
8,56,6.035889094144538
8,57,7.858079743057125
8,59,9.43265659732123
8,60,8.949467774568708
8,61,3.666247475214608
8,62,3.666247475214608
8,63,3.666247475214608
8,64,4.9673518049281755
8,65,0.0
8,66,9.458705452141677
8,67,9.15730919489485
8,68,8.350992774638152
9,0,7.2613726804515375
9,2,8.245474275689054
9,3,7.2613726804515375
9,4,7.940774747899312
9,5,7.618191648446121
9,6,7.439871022455277
9,7,7.918101944899956
9,8,0.5193797453102444
9,9,0.0
9,10,8.010114406399595
9,11,8.467839812354123
9,12,3.412284138075359
9,13,3.513986815317575
9,14,8.725671695079999
9,15,4.858142502990943
9,16,5.736261809197004
9,17,6.100301513620338
9,18,9.241231888376873
9,19,9.372249888020002
9,20,8.754967627534077
9,21,8.36123232882564
9,22,7.63952132448269
9,23,7.63952132448269
9,24,7.592786314334308
9,25,6.883377102711006
9,26,0.2625775676609515
9,27,3.4173774238311636
9,28,74.64870713267622
9,29,1.602956693637178
9,30,7.624454603513289
9,31,9.737504768707081
9,32,11.432349287707828
9,33,13.40761108577288
9,34,3.615331372747367
9,35,3.8197225963470567
9,36,2.914566761940532
9,37,0.5193797453102444
9,38,7.28767014251509
9,39,5.227017947379217
9,40,13.40761108577288
9,41,4.721284103377142
9,42,6.972047134800779
9,44,9.334258954509398
9,45,74.64870713267622
9,46,9.782081536907059
9,47,9.896650232192798
9,48,8.211004708337574
9,49,11.78633569703241
9,50,8.366422290721909
9,51,7.439871022455277
9,52,9.034635254804552
9,53,8.814271674680665
9,54,8.346470416339988
9,55,8.523894452966756
9,56,6.555268839454782
9,57,7.5301663530938105
9,59,9.104743207357915
9,60,8.621554384605394
9,61,3.3383340852512933
9,62,3.3383340852512933
9,63,3.3383340852512933
9,64,4.639438414964861
9,65,0.5193797453102444
9,66,9.130792062178362
9,67,8.829395804931533
9,68,8.023079384674837
10,0,0.7487417259480569
10,2,1.7328433211855727
10,3,0.7487417259480569
10,4,0.7145058574066638
10,5,0.39192275795347303
10,6,0.9272400679517971
10,7,1.365778576901326
10,8,8.33802779636291
10,9,8.010114406399595
10,10,0.0
10,11,0.45772540595452793
10,12,11.091297136541293
10,13,11.26402003643854
10,14,16.4218305303616
10,15,12.554301338272545
10,16,6.159092334620181
10,17,6.523132039043515
10,18,4.685430968419105
10,19,4.816448968062234
10,20,4.916468289775208
10,21,4.52273299106677
10,22,3.801021986723821
10,23,3.801021986723821
10,24,5.141419057302201
10,25,5.850828268925504
10,26,7.747536838738643
10,27,5.519242145447522
10,28,68.13607617817274
10,29,9.352989914758144
10,30,15.32061343879489
10,31,17.433663603988684
10,32,4.919718333204346
10,33,21.157644306893843
10,34,4.9487776086443755
10,35,5.153168832244066
10,36,6.022052807338152
10,37,8.33802779636291
10,38,6.255121308729587
10,39,6.560464183276226
10,40,21.157644306893843
10,41,6.05473033927415
10,42,14.66820597008238
10,44,17.030417789791
10,45,68.13607617817274
10,46,3.082670741537959
10,47,2.6710255282196966
10,48,0.6375380705688531
10,49,5.273704742528929
10,50,0.35630788432231314
10,51,0.9272400679517971
10,52,1.8090105508314525
10,53,1.5886469707075634
10,54,1.1208457123668873
10,55,1.2982697489936552
10,56,14.251427674736384
10,57,6.777165449478862
10,59,2.592112252854436
10,60,2.108923430101914
10,61,4.671780321148302
10,62,4.671780321148302
10,63,4.671780321148302
10,64,5.972884650861869
10,65,8.33802779636291
10,66,2.618161107674881
10,67,2.3167648504280534
10,68,1.5104484301713565
11,0,1.2064671319025848
11,2,2.190568727140101
11,3,1.2064671319025848
11,4,1.1722312633611918
11,5,0.8496481639080009
11,6,1.384965473906325
11,7,1.823503982855854
11,8,8.795753202317437
11,9,8.467839812354123
11,10,0.45772540595452793
11,11,0.0
11,12,11.54902254249582
11,13,11.721745442393068
11,14,16.87955593631613
11,15,13.012026744227072
11,16,6.616817740574708
11,17,6.980857444998042
11,18,5.143156374373633
11,19,5.274174374016762
11,20,5.374193695729736
11,21,4.980458397021299
11,22,4.258747392678349
11,23,4.258747392678349
11,24,5.599144463256729
11,25,6.308553674880032
11,26,8.205262244693172
11,27,5.9769675514020495
11,28,68.59380158412728
11,29,9.81071532071267
11,30,15.778338844749417
11,31,17.89138900994321
11,32,5.377443739158874
11,33,21.61536971284837
11,34,5.406503014598903
11,35,5.610894238198593
11,36,6.479778213292681
11,37,8.795753202317437
11,38,6.712846714684114
11,39,7.0181895892307535
11,40,21.61536971284837
11,41,6.512455745228678
11,42,15.125931376036908
11,44,17.48814319574553
11,45,68.59380158412728
11,46,3.540396147492487
11,47,3.1287509341742243
11,48,1.095263476523381
11,49,5.731430148483457
11,50,0.814033290276841
11,51,1.384965473906325
11,52,2.2667359567859804
11,53,2.0463723766620916
11,54,1.5785711183214153
11,55,1.7559951549481831
11,56,14.70915308069091
11,57,7.23489085543339
11,59,3.0498376588089635
11,60,2.5666488360564417
11,61,5.1295057271028295
11,62,5.1295057271028295
11,63,5.1295057271028295
11,64,6.430610056816397
11,65,8.795753202317437
11,66,3.0758865136294093
11,67,2.774490256382581
11,68,1.9681738361258845
12,0,10.342555410593235
12,2,11.32665700583075
12,3,10.342555410593235
12,4,11.02195747804101
12,5,10.69937437858782
12,6,10.521053752596973
12,7,10.999284675041652
12,8,2.8929043927651144
12,9,3.412284138075359
12,10,11.091297136541293
12,11,11.54902254249582
12,12,0.0
12,13,0.5386215044123912
12,14,5.346932406795709
12,15,1.4794032147066518
12,16,8.817444539338702
12,17,9.181484243762036
12,18,12.32241461851857
12,19,12.453432618161699
12,20,11.836150357675773
12,21,11.442415058967336
12,22,10.720704054624386
12,23,10.720704054624386
12,24,10.673969044476006
12,25,9.964559832852704
12,26,3.414780520457681
12,27,5.790902071286034
12,28,77.72988986281793
12,29,1.809327444438181
12,30,4.245715315228997
12,31,6.35876548042279
12,32,10.148228772625638
12,33,10.432245774867695
12,34,6.525535884153827
12,35,6.321144660554138
12,36,5.288091409395403
12,37,2.8929043927651144
12,38,10.368852872656786
12,39,8.308200677520913
12,40,10.432245774867695
12,41,7.802466833518839
12,42,3.5933078465164883
12,44,5.955519666225108
12,45,77.72988986281793
12,46,12.863264267048756
12,47,12.977832962334494
12,48,11.29218743847927
12,49,14.867518427174106
12,50,11.447605020863605
12,51,10.521053752596973
12,52,12.11581798494625
12,53,11.895454404822361
12,54,11.427653146481685
12,55,11.605077183108452
12,56,3.1765295511704905
12,57,10.611349083235506
12,59,12.185925937499611
12,60,11.70273711474709
12,61,6.41951681539299
12,62,6.41951681539299
12,63,6.41951681539299
12,64,7.720621145106557
12,65,2.8929043927651144
12,66,12.21197479232006
12,67,11.910578535073231
12,68,11.104262114816535
13,0,10.515278310490482
13,2,11.499379905727999
13,3,10.515278310490482
13,4,11.194680377938257
13,5,10.872097278485066
13,6,10.693776652494222
13,7,11.172007574938899
13,8,2.9946070700073304
13,9,3.513986815317575
13,10,11.26402003643854
13,11,11.721745442393068
13,12,0.5386215044123912
13,13,0.0
13,14,5.211684879762426
13,15,1.3441556876733687
13,16,8.990167439235949
13,17,9.354207143659282
13,18,12.495137518415817
13,19,12.626155518058948
13,20,12.008873257573022
13,21,11.615137958864583
13,22,10.893426954521633
13,23,10.893426954521633
13,24,10.846691944373253
13,25,10.13728273274995
13,26,3.5164831976998965
13,27,5.89260474852825
13,28,77.90261276271517
13,29,1.9110301216803969
13,30,4.110467788195715
13,31,6.223517953389508
13,32,10.68685027703803
13,33,9.893624270455303
13,34,6.627238561396043
13,35,6.4228473377963535
13,36,5.389794086637618
13,37,2.9946070700073304
13,38,10.541575772554033
13,39,8.480923577418162
13,40,9.893624270455303
13,41,7.975189733416086
13,42,3.4580603194832054
13,44,5.820272139191825
13,45,77.90261276271517
13,46,13.035987166946004
13,47,13.150555862231741
13,48,11.46491033837652
13,49,15.040241327071353
13,50,11.620327920760854
13,51,10.693776652494222
13,52,12.288540884843497
13,53,12.068177304719608
13,54,11.600376046378933
13,55,11.777800083005701
13,56,3.0412820241372076
13,57,10.784071983132755
13,59,12.35864883739686
13,60,11.87546001464434
13,61,6.592239715290238
13,62,6.592239715290238
13,63,6.592239715290238
13,64,7.893344045003805
13,65,2.9946070700073304
13,66,12.384697692217307
13,67,12.08330143497048
13,68,11.276985014713782
14,0,15.673088804413544
14,2,16.657190399651057
14,3,15.673088804413544
14,4,16.352490871861317
14,5,16.029907772408126
14,6,15.851587146417284
14,7,16.32981806886196
14,8,8.206291949769756
14,9,8.725671695079999
14,10,16.4218305303616
14,11,16.87955593631613
14,12,5.346932406795709
14,13,5.211684879762426
14,14,0.0
14,15,3.867529192089057
14,16,14.14797793315901
14,17,14.512017637582344
14,18,17.65294801233888
14,19,17.78396601198201
14,20,17.16668375149608
14,21,16.772948452787645
14,22,16.051237448444695
14,23,16.051237448444695
14,24,16.004502438296313
14,25,15.295093226673012
14,26,8.728168077462321
14,27,11.104289628290674
14,28,83.06042325663823
14,29,7.122715001442822
14,30,1.101217091566711
14,31,1.7831698994222063
14,32,15.495161179421347
14,33,15.10530915021773
14,34,11.838923441158467
14,35,11.634532217558778
14,36,10.601478966400043
14,37,8.206291949769756
14,38,15.699386266477095
14,39,13.638734071341222
14,40,15.10530915021773
14,41,13.133000227339148
14,42,2.9592157557096
14,44,2.186415713619889
14,45,83.06042325663823
14,46,18.193797660869066
14,47,18.308366356154803
14,48,16.622720832299578
14,49,20.198051820994415
14,50,16.778138414683916
14,51,15.851587146417284
14,52,17.446351378766558
14,53,17.22598779864267
14,54,16.758186540301992
14,55,16.93561057692876
14,56,2.170402855625218
14,57,15.941882477055817
14,59,17.516459331319922
14,60,17.033270508567398
14,61,11.750050209213299
14,62,11.750050209213299
14,63,11.750050209213299
14,64,13.051154538926866
14,65,8.206291949769756
14,66,17.542508186140367
14,67,17.241111928893538
14,68,16.434795508636842
15,0,11.805559612324487
15,2,12.789661207562002
15,3,11.805559612324487
15,4,12.484961679772262
15,5,12.162378580319071
15,6,11.984057954328225
15,7,12.462288876772904
15,8,4.338762757680699
15,9,4.858142502990943
15,10,12.554301338272545
15,11,13.012026744227072
15,12,1.4794032147066518
15,13,1.3441556876733687
15,14,3.867529192089057
15,15,0.0
15,16,10.280448741069954
15,17,10.644488445493288
15,18,13.785418820249822
15,19,13.916436819892951
15,20,13.299154559407025
15,21,12.905419260698588
15,22,12.183708256355638
15,23,12.183708256355638
15,24,12.136973246207258
15,25,11.427564034583956
15,26,4.860638885373265
15,27,7.236760436201617
15,28,79.19289406454918
15,29,3.2551858093537653
15,30,2.7663121005223457
15,31,4.879362265716138
15,32,11.62763198733229
15,33,11.237779958128673
15,34,7.971394249069411
15,35,7.767003025469722
15,36,6.733949774310986
15,37,4.338762757680699
15,38,11.831857074388038
15,39,9.771204879252165
15,40,11.237779958128673
15,41,9.26547103525009
15,42,2.1139046318098367
15,44,4.476116451518456
15,45,79.19289406454918
15,46,14.326268468780007
15,47,14.440837164065746
15,48,12.755191640210523
15,49,16.330522628905356
15,50,12.910609222594857
15,51,11.984057954328225
15,52,13.578822186677503
15,53,13.358458606553613
15,54,12.890657348212937
15,55,13.068081384839704
15,56,1.6971263364638387
15,57,12.074353284966758
15,59,13.648930139230863
15,60,13.165741316478343
15,61,7.882521017124242
15,62,7.882521017124242
15,63,7.882521017124242
15,64,9.18362534683781
15,65,4.338762757680699
15,66,13.674978994051312
15,67,13.373582736804483
15,68,12.567266316547787
16,0,5.410350608672124
16,2,6.394452203909639
16,3,5.410350608672124
16,4,6.089752676119899
16,5,5.767169576666708
16,6,5.588848950675864
16,7,6.067079873120542
16,8,6.064175199160319
16,9,5.736261809197004
16,10,6.159092334620181
16,11,6.616817740574708
16,12,8.817444539338702
16,13,8.990167439235949
16,14,14.14797793315901
16,15,10.280448741069954
16,16,0.0
16,17,0.36403970442333405
16,18,3.959780911790543
16,19,4.090798911433672
16,20,3.473516650947747
16,21,3.0797813522393094
16,22,2.35807034789636
16,23,2.35807034789636
16,24,1.8565245051373047
16,25,1.147115293514002
16,26,5.473684241536053
16,27,3.2453895482449306
16,28,72.79768506089681
16,29,7.079137317555553
16,30,13.046760841592299
16,31,15.159811006786093
16,32,9.581327215928413
16,33,18.883791709691252
16,34,2.674925011441785
16,35,2.8793162350414745
16,36,3.748200210135562
16,37,6.064175199160319
16,38,1.551408333318085
16,39,0.5934996208303261
16,40,18.883791709691252
16,41,1.0992334648324014
16,42,12.39435337287979
16,44,14.75656519258841
16,45,72.79768506089681
16,46,5.562541138671689
16,47,5.9741863519899505
16,48,6.3599826365581595
16,49,9.935313625252997
16,50,6.515400218942494
16,51,5.588848950675864
16,52,7.183613183025138
16,53,6.96324960290125
16,54,6.4954483445605735
16,55,6.672872381187341
16,56,11.977575077533793
16,57,6.589759991788228
16,59,7.253721135578503
16,60,6.770532312825981
16,61,2.397927723945711
16,62,2.397927723945711
16,63,2.397927723945711
16,64,3.6990320536592787
16,65,6.064175199160319
16,66,7.279769990398949
16,67,6.978373733152121
16,68,6.172057312895424
17,0,5.7743903130954575
17,2,6.758491908332973
17,3,5.7743903130954575
17,4,6.4537923805432325
17,5,6.131209281090042
17,6,5.952888655099198
17,7,6.431119577543876
17,8,6.428214903583653
17,9,6.100301513620338
17,10,6.523132039043515
17,11,6.980857444998042
17,12,9.181484243762036
17,13,9.354207143659282
17,14,14.512017637582344
17,15,10.644488445493288
17,16,0.36403970442333405
17,17,0.0
17,18,4.323820616213877
17,19,4.454838615857006
17,20,3.8375563553710808
17,21,3.4438210566626433
17,22,2.7221100523196937
17,23,2.7221100523196937
17,24,1.4924848007139706
17,25,0.7830755890906681
17,26,5.837723945959387
17,27,3.6094292526682645
17,28,73.16172476532014
17,29,7.443177021978887
17,30,13.410800546015633
17,31,15.523850711209427
17,32,9.945366920351747
17,33,19.247831414114586
17,34,3.0389647158651187
17,35,3.2433559394648084
17,36,4.112239914558896
17,37,6.428214903583653
17,38,1.1873686288947511
17,39,0.9575393252536601
17,40,19.247831414114586
17,41,1.4632731692557353
17,42,12.758393077303124
17,44,15.120604897011743
17,45,73.16172476532014
17,46,5.926580843095023
17,47,6.338226056413284
17,48,6.724022340981493
17,49,10.29935332967633
17,50,6.879439923365828
17,51,5.952888655099198
17,52,7.547652887448472
17,53,7.327289307324584
17,54,6.859488048983907
17,55,7.036912085610675
17,56,12.341614781957126
17,57,6.953799696211562
17,59,7.617760840001837
17,60,7.134572017249315
17,61,2.761967428369045
17,62,2.761967428369045
17,63,2.761967428369045
17,64,4.063071758082613
17,65,6.428214903583653
17,66,7.6438096948222825
17,67,7.342413437575455
17,68,6.536097017318758
18,0,4.123469083336667
18,2,5.107570678574183
18,3,4.123469083336667
18,4,4.616091309918822
18,5,4.293508210465632
18,6,4.301967425340408
18,7,4.780198347785086
18,8,9.569145278340187
18,9,9.241231888376873
18,10,4.685430968419105
18,11,5.143156374373633
18,12,12.32241461851857
18,13,12.495137518415817
18,14,17.65294801233888
18,15,13.785418820249822
18,16,3.959780911790543
18,17,4.323820616213877
18,18,0.0
18,19,0.13101799964312905
18,20,0.5610781589514586
18,21,0.9548134576598959
18,22,1.601710563894183
18,23,1.601710563894183
18,24,2.9421076344725634
18,25,3.651516846095866
18,26,8.978654320715922
18,27,6.7503596274248
18,28,71.51080353556137
18,29,10.584107396735421
18,30,16.551730920772165
18,31,18.664781085965963
18,32,8.294445690592955
18,33,22.388761788871122
18,34,6.179895090621653
18,35,6.3842863142213435
18,36,7.253170289315431
18,37,9.569145278340187
18,38,4.055809885899949
18,39,4.553280532620869
18,40,22.388761788871122
18,41,5.059014376622944
18,42,15.899323452059658
18,44,18.261535271768278
18,45,71.51080353556137
18,46,1.6027602268811458
18,47,2.014405440199408
18,48,5.073101111222703
18,49,8.648432099917539
18,50,5.0417388527414175
18,51,4.301967425340408
18,52,4.252750094516783
18,53,3.0967839977115412
18,54,3.5645852560522173
18,55,3.7420092926789854
18,56,15.48254515671366
18,57,10.094730070968097
18,59,5.966839610243045
18,60,5.483650787490523
18,61,5.90289780312558
18,62,5.90289780312558
18,63,5.90289780312558
18,64,7.204002132839147
18,65,9.569145278340187
18,66,5.9928884650634915
18,67,5.691492207816664
18,68,4.885175787559967
19,0,4.2544870829797965
19,2,5.238588678217312
19,3,4.2544870829797965
19,4,4.747109309561951
19,5,4.424526210108761
19,6,4.432985424983537
19,7,4.911216347428215
19,8,9.700163277983316
19,9,9.372249888020002
19,10,4.816448968062234
19,11,5.274174374016762
19,12,12.453432618161699
19,13,12.626155518058948
19,14,17.78396601198201
19,15,13.916436819892951
19,16,4.090798911433672
19,17,4.454838615857006
19,18,0.13101799964312905
19,19,0.0
19,20,0.6920961585945877
19,21,1.085831457303025
19,22,1.7327285635373122
19,23,1.7327285635373122
19,24,3.0731256341156925
19,25,3.782534845738995
19,26,9.109672320359051
19,27,6.881377627067929
19,28,71.6418215352045
19,29,10.71512539637855
19,30,16.682748920415296
19,31,18.79579908560909
19,32,8.425463690236086
19,33,22.51977978851425
19,34,6.3109130902647825
19,35,6.515304313864473
19,36,7.38418828895856
19,37,9.700163277983316
19,38,4.186827885543078
19,39,4.684298532263998
19,40,22.51977978851425
19,41,5.190032376266073
19,42,16.03034145170279
19,44,18.39255327141141
19,45,71.6418215352045
19,46,1.733778226524275
19,47,2.145423439842537
19,48,5.2041191108658325
19,49,8.77945009956067
19,50,5.172756852384547
19,51,4.432985424983537
19,52,4.383768094159912
19,53,3.2278019973546703
19,54,3.6956032556953464
19,55,3.8730272923221145
19,56,15.61356315635679
19,57,10.225748070611225
19,59,6.097857609886174
19,60,5.6146687871336525
19,61,6.033915802768709
19,62,6.033915802768709
19,63,6.033915802768709
19,64,7.335020132482276
19,65,9.700163277983316
19,66,6.123906464706621
19,67,5.822510207459793
19,68,5.016193787203096
20,0,4.16772656382715
20,2,5.151828159064666
20,3,4.16772656382715
20,4,4.847128631274925
20,5,4.524545531821735
20,6,4.346224905830891
20,7,4.8244558282755685
20,8,9.08288101749739
20,9,8.754967627534077
20,10,4.916468289775208
20,11,5.374193695729736
20,12,11.836150357675773
20,13,12.008873257573022
20,14,17.16668375149608
20,15,13.299154559407025
20,16,3.473516650947747
20,17,3.8375563553710808
20,18,0.5610781589514586
20,19,0.6920961585945877
20,20,0.0
20,21,0.3937352987084373
20,22,1.115446303051387
20,23,1.115446303051387
20,24,2.455843373629767
20,25,3.1652525852530693
20,26,8.492390059873125
20,27,6.264095366582003
20,28,71.55506101605184
20,29,10.097843135892624
20,30,16.06546665992937
20,31,18.178516825123165
20,32,8.33870317108344
20,33,21.902497528028327
20,34,5.693630829778857
20,35,5.898022053378547
20,36,6.766906028472635
20,37,9.08288101749739
20,38,3.5695456250571524
20,39,4.067016271778073
20,40,21.902497528028327
20,41,4.572750115780147
20,42,15.413059191216862
20,44,17.77527101092548
20,45,71.55506101605184
20,46,2.1638383858326042
20,47,2.5754835991508664
20,48,5.117358591713187
20,49,8.692689580408024
20,50,5.272776174097521
20,51,4.346224905830891
20,52,4.813828253468241
20,53,3.6578621566629996
20,54,4.125663415003676
20,55,4.303087451630444
20,56,14.996280895870864
20,57,9.608465810125299
20,59,6.0110970907335295
20,60,5.527908267981008
20,61,5.416633542282783
20,62,5.416633542282783
20,63,5.416633542282783
20,64,6.71773787199635
20,65,9.08288101749739
20,66,6.037145945553975
20,67,5.7357496883071475
20,68,4.929433268050451
21,0,3.7739912651187133
21,2,4.758092860356229
21,3,3.7739912651187133
21,4,4.453393332566488
21,5,4.130810233113298
21,6,3.9524896071224536
21,7,4.4307205295671315
21,8,8.689145718788954
21,9,8.36123232882564
21,10,4.52273299106677
21,11,4.980458397021299
21,12,11.442415058967336
21,13,11.615137958864583
21,14,16.772948452787645
21,15,12.905419260698588
21,16,3.0797813522393094
21,17,3.4438210566626433
21,18,0.9548134576598959
21,19,1.085831457303025
21,20,0.3937352987084373
21,21,0.0
21,22,0.7217110043429498
21,23,0.7217110043429498
21,24,2.06210807492133
21,25,2.7715172865446323
21,26,8.098654761164688
21,27,5.870360067873566
21,28,71.1613257173434
21,29,9.704107837184187
21,30,15.671731361220933
21,31,17.784781526414726
21,32,7.944967872375003
21,33,21.50876222931989
21,34,5.29989553107042
21,35,5.50428675467011
21,36,6.3731707297641975
21,37,8.689145718788954
21,38,3.1758103263487154
21,39,3.6732809730696356
21,40,21.50876222931989
21,41,4.17901481707171
21,42,15.019323892508424
21,44,17.381535712217044
21,45,71.1613257173434
21,46,2.5575736845410417
21,47,2.969218897859304
21,48,4.72362329300475
21,49,8.298954281699586
21,50,4.879040875389084
21,51,3.9524896071224536
21,52,5.207563552176678
21,53,4.051597455371437
21,54,4.519398713712113
21,55,4.696822750338881
21,56,14.602545597162427
21,57,9.214730511416864
21,59,5.6173617920250924
21,60,5.134172969272571
21,61,5.022898243574346
21,62,5.022898243574346
21,63,5.022898243574346
21,64,6.324002573287913
21,65,8.689145718788954
21,66,5.643410646845538
21,67,5.3420143895987104
21,68,4.535697969342014
22,0,3.0522802607757638
22,2,4.036381856013279
22,3,3.0522802607757638
22,4,3.7316823282235387
22,5,3.409099228770348
22,6,3.230778602779504
22,7,3.7090095252241824
22,8,7.967434714446004
22,9,7.63952132448269
22,10,3.801021986723821
22,11,4.258747392678349
22,12,10.720704054624386
22,13,10.893426954521633
22,14,16.051237448444695
22,15,12.183708256355638
22,16,2.35807034789636
22,17,2.7221100523196937
22,18,1.601710563894183
22,19,1.7327285635373122
22,20,1.115446303051387
22,21,0.7217110043429498
22,22,0.0
22,23,0.0
22,24,1.34039707057838
22,25,2.0498062822016827
22,26,7.376943756821738
22,27,5.148649063530616
22,28,70.43961471300045
22,29,8.982396832841237
22,30,14.950020356877983
22,31,17.063070522071776
22,32,7.223256868032053
22,33,20.78705122497694
22,34,4.57818452672747
22,35,4.78257575032716
22,36,5.6514597254212475
22,37,7.967434714446004
22,38,2.454099322005766
22,39,2.951569968726686
22,40,20.78705122497694
22,41,3.457303812728761
22,42,14.297612888165474
22,44,16.659824707874094
22,45,70.43961471300045
22,46,3.204470790775329
22,47,3.616116004093591
22,48,4.0019122886618
22,49,7.5772432773566365
22,50,4.157329871046134
22,51,3.230778602779504
22,52,4.825542835128779
22,53,4.605179255004891
22,54,4.137377996664214
22,55,4.314802033290982
22,56,13.880834592819477
22,57,8.493019507073914
22,59,4.8956507876821425
22,60,4.412461964929621
22,61,4.301187239231396
22,62,4.301187239231396
22,63,4.301187239231396
22,64,5.602291568944963
22,65,7.967434714446004
22,66,4.921699642502588
22,67,4.6203033852557605
22,68,3.8139869649990636
23,0,3.0522802607757638
23,2,4.036381856013279
23,3,3.0522802607757638
23,4,3.7316823282235387
23,5,3.409099228770348
23,6,3.230778602779504
23,7,3.7090095252241824
23,8,7.967434714446004
23,9,7.63952132448269
23,10,3.801021986723821
23,11,4.258747392678349
23,12,10.720704054624386
23,13,10.893426954521633
23,14,16.051237448444695
23,15,12.183708256355638
23,16,2.35807034789636
23,17,2.7221100523196937
23,18,1.601710563894183
23,19,1.7327285635373122
23,20,1.115446303051387
23,21,0.7217110043429498
23,22,0.0
23,23,0.0
23,24,1.34039707057838
23,25,2.0498062822016827
23,26,7.376943756821738
23,27,5.148649063530616
23,28,70.43961471300045
23,29,8.982396832841237
23,30,14.950020356877983
23,31,17.063070522071776
23,32,7.223256868032053
23,33,20.78705122497694
23,34,4.57818452672747
23,35,4.78257575032716
23,36,5.6514597254212475
23,37,7.967434714446004
23,38,2.454099322005766
23,39,2.951569968726686
23,40,20.78705122497694
23,41,3.457303812728761
23,42,14.297612888165474
23,44,16.659824707874094
23,45,70.43961471300045
23,46,3.204470790775329
23,47,3.616116004093591
23,48,4.0019122886618
23,49,7.5772432773566365
23,50,4.157329871046134
23,51,3.230778602779504
23,52,4.825542835128779
23,53,4.605179255004891
23,54,4.137377996664214
23,55,4.314802033290982
23,56,13.880834592819477
23,57,8.493019507073914
23,59,4.8956507876821425
23,60,4.412461964929621
23,61,4.301187239231396
23,62,4.301187239231396
23,63,4.301187239231396
23,64,5.602291568944963
23,65,7.967434714446004
23,66,4.921699642502588
23,67,4.6203033852557605
23,68,3.8139869649990636
24,0,4.392677331354144
24,2,5.376778926591659
24,3,4.392677331354144
24,4,5.072079398801919
24,5,4.749496299348728
24,6,4.571175673357884
24,7,5.049406595802562
24,8,7.920699704297624
24,9,7.592786314334308
24,10,5.141419057302201
24,11,5.599144463256729
24,12,10.673969044476006
24,13,10.846691944373253
24,14,16.004502438296313
24,15,12.136973246207258
24,16,1.8565245051373047
24,17,1.4924848007139706
24,18,2.9421076344725634
24,19,3.0731256341156925
24,20,2.455843373629767
24,21,2.06210807492133
24,22,1.34039707057838
24,23,1.34039707057838
24,24,0.0
24,25,0.7094092116233025
24,26,7.330208746673357
24,27,5.101914053382235
24,28,71.78001178357883
24,29,8.935661822692857
24,30,14.903285346729604
24,31,17.016335511923398
24,32,8.563653938610432
24,33,20.740316214828557
24,34,4.531449516579089
24,35,4.735840740178779
24,36,5.604724715272866
24,37,7.920699704297624
24,38,1.1137022514273855
24,39,2.4500241259676305
24,40,20.740316214828557
24,41,2.9557579699697056
24,42,14.250877878017093
24,44,16.613089697725712
24,45,71.78001178357883
24,46,4.544867861353709
24,47,4.956513074671971
24,48,5.34230935924018
24,49,8.917640347935016
24,50,5.497726941624514
24,51,4.571175673357884
24,52,6.165939905707159
24,53,5.9455763255832705
24,54,5.477775067242594
24,55,5.655199103869362
24,56,13.834099582671097
24,57,8.446284496925532
24,59,6.236047858260522
24,60,5.752859035508001
24,61,4.254452229083015
24,62,4.254452229083015
24,63,4.254452229083015
24,64,5.5555565587965825
24,65,7.920699704297624
24,66,6.262096713080968
24,67,5.96070045583414
24,68,5.1543840355774435
25,0,5.102086542977447
25,2,6.086188138214962
25,3,5.102086542977447
25,4,5.781488610425222
25,5,5.458905510972031
25,6,5.280584884981187
25,7,5.758815807425865
25,8,7.211290492674321
25,9,6.883377102711006
25,10,5.850828268925504
25,11,6.308553674880032
25,12,9.964559832852704
25,13,10.13728273274995
25,14,15.295093226673012
25,15,11.427564034583956
25,16,1.147115293514002
25,17,0.7830755890906681
25,18,3.651516846095866
25,19,3.782534845738995
25,20,3.1652525852530693
25,21,2.7715172865446323
25,22,2.0498062822016827
25,23,2.0498062822016827
25,24,0.7094092116233025
25,25,0.0
25,26,6.620799535050055
25,27,4.3925048417589325
25,28,72.48942099520212
25,29,8.226252611069555
25,30,14.1938761351063
25,31,16.306926300300095
25,32,9.273063150233735
25,33,20.030907003205254
25,34,3.8220403049557867
25,35,4.026431528555476
25,36,4.895315503649564
25,37,7.211290492674321
25,38,0.40429303980408304
25,39,1.7406149143443281
25,40,20.030907003205254
25,41,2.2463487583464032
25,42,13.541468666393792
25,44,15.903680486102411
