source_id,target_id,rtt
0,0,0.0
0,1,0.5892555054582507
0,2,2.3881848239286785
0,3,2.2018224321300486
0,4,4.2212477695246555
0,5,5.195811644400637
0,6,1.4409167117390698
0,7,5.0605776833640235
0,8,60.88504642007714
0,9,60.88504642007714
0,10,3.144279047250252
0,11,60.88504642007714
0,12,60.88504642007714
0,13,60.88504642007714
0,14,2.3571410245644633
0,15,2.7029623803840046
0,16,7.290477095211565
0,17,7.035693674644263
0,18,4.966383513299787
0,19,4.523359415530388
0,20,3.933540432789077
0,21,3.5967602576563236
0,22,4.62222159359025
0,23,4.210786821413738
1,0,0.5892555054582507
1,1,0.0
1,2,2.9007646311946464
1,3,2.7679761094943554
1,4,3.6351923272233906
1,5,4.606593080843944
1,6,1.1107069793524216
1,7,4.48246108229918
1,8,60.86581459024
1,9,60.86581459024
1,10,2.748219815155141
1,11,60.86581459024
1,12,60.86581459024
1,13,60.86581459024
1,14,2.580399730058007
1,15,2.780180930146424
1,16,6.705772722791387
1,17,6.4480390402182906
1,18,4.404133929462107
1,19,4.033948883135518
1,20,3.49405114142269
1,21,3.4805637011131867
1,22,4.609978250709675
1,23,4.5143138565868846
2,0,2.3881848239286785
2,1,2.9007646311946464
2,2,0.0
2,3,0.6182273784002192
2,4,6.436788794394298
2,5,7.307267959920007
2,6,3.027071641879664
2,7,6.9913443448578025
2,8,59.68555805510494
2,9,59.68555805510494
2,10,5.508420680970595
2,11,59.68555805510494
2,12,59.68555805510494
2,13,59.68555805510494
2,14,3.8166715916511054
2,15,4.444363995537348
2,16,9.253855413361324
2,17,9.199964150836037
2,18,7.287748772994693
2,19,6.911221353910288
2,20,6.3136961162953416
2,21,5.6196412154769995
2,22,6.369233311616583
2,23,5.026268151055624
3,0,2.2018224321300486
3,1,2.7679761094943554
3,2,0.6182273784002192
3,3,0.0
3,4,6.388333816091699
3,5,7.315425141683556
3,6,3.1213240159224904
3,7,7.072620216929866
3,8,60.30172308368387
3,9,60.30172308368387
3,10,5.217778261102791
3,11,60.30172308368387
3,12,60.30172308368387
3,13,60.30172308368387
3,14,3.2898084156857217
3,15,3.946774789689663
3,16,9.333147309623845
3,17,9.187104706890228
3,18,7.167507764884825
3,19,6.683443591114613
3,20,6.043241884984512
3,21,5.163714190825244
3,22,5.842909794065749
3,23,4.416066932224834
4,0,4.2212477695246555
4,1,3.6351923272233906
4,2,6.436788794394298
4,3,6.388333816091699
4,4,0.0
4,5,1.0961417321206366
4,6,3.4997828723673883
4,7,1.5376321052924935
4,8,61.23971552984273
4,9,61.23971552984273
4,10,2.6105054988768552
4,11,61.23971552984273
4,12,61.23971552984273
4,13,61.23971552984273
4,14,5.186783756878675
4,15,4.843086859603845
4,16,3.2934767671103105
4,17,2.8180427109668833
4,18,1.1401989299618316
4,19,1.9997568296168917
4,20,2.3502763890064635
4,21,4.4252880835885815
4,22,5.667500097459483
4,23,6.992521878869318
5,0,5.195811644400637
5,1,4.606593080843944
5,2,7.307267959920007
5,3,7.315425141683556
5,4,1.0961417321206366
5,5,0.0
5,6,4.297382731122617
5,7,0.8933834703308625
5,8,60.79385290910121
5,9,60.79385290910121
5,10,3.6705184265521273
5,11,60.79385290910121
5,12,60.79385290910121
5,13,60.79385290910121
5,14,6.280855027582494
5,15,5.937670556194421
5,16,2.198540807796153
5,17,1.9039317959154507
5,18,1.5151414297503927
5,19,2.778209478697089
5,20,3.2990343575881163
5,21,5.4750410434040475
5,22,6.6907626052382225
5,23,8.08689496395762
6,0,1.4409167117390698
6,1,1.1107069793524216
6,2,3.027071641879664
6,3,3.1213240159224904
6,4,3.4997828723673883
6,5,4.297382731122617
6,6,0.0
6,7,3.9676276932679704
6,8,59.8266801306477
6,9,59.8266801306477
6,10,3.439695243056067
6,11,59.8266801306477
6,12,59.8266801306477
6,13,59.8266801306477
6,14,3.6865206530926593
6,15,3.8818731784628113
6,16,6.230924936372995
6,17,6.198578682824291
6,18,4.471524563654939
6,19,4.433131508287274
6,20,4.05343893969671
6,21,4.485196941948685
6,22,5.667643960438159
6,23,5.605420708491685
7,0,5.0605776833640235
7,1,4.48246108229918
7,2,6.9913443448578025
7,3,7.072620216929866
7,4,1.5376321052924935
7,5,0.8933834703308625
7,6,3.9676276932679704
7,7,0.0
7,8,59.92342049510302
7,9,59.92342049510302
7,10,4.104320970991361
7,11,59.92342049510302
7,12,59.92342049510302
7,13,59.92342049510302
7,14,6.4587638266148915
7,15,6.207025009626812
7,16,2.263305483781732
7,17,2.4849205033717507
7,18,2.3285446751812158
7,19,3.4838674309449957
7,20,3.8876404715742687
7,21,5.917674625731485
7,22,7.179063257950231
7,23,8.344393813360679
8,0,60.88504642007714
8,1,60.86581459024
8,2,59.68555805510494
8,3,60.30172308368387
8,4,61.23971552984273
8,5,60.79385290910121
8,6,59.8266801306477
8,7,59.92342049510302
8,8,0.0
8,9,0.0
8,10,63.00219335205917
8,11,0.0
8,12,0.0
8,13,0.0
8,14,63.17660830674708
8,15,63.587821821277274
8,16,60.05174356420015
8,17,61.40171095508158
8,18,62.23821840177467
8,19,63.20518184583157
8,20,63.29248423389794
8,21,64.31090780072806
8,22,65.47538435207622
8,23,64.70045403210482
9,0,60.88504642007714
9,1,60.86581459024
9,2,59.68555805510494
9,3,60.30172308368387
9,4,61.23971552984273
9,5,60.79385290910121
9,6,59.8266801306477
9,7,59.92342049510302
9,8,0.0
9,9,0.0
9,10,63.00219335205917
9,11,0.0
9,12,0.0
9,13,0.0
9,14,63.17660830674708
9,15,63.587821821277274
9,16,60.05174356420015
9,17,61.40171095508158
9,18,62.23821840177467
9,19,63.20518184583157
9,20,63.29248423389794
9,21,64.31090780072806
9,22,65.47538435207622
9,23,64.70045403210482
10,0,3.144279047250252
10,1,2.748219815155141
10,2,5.508420680970595
10,3,5.217778261102791
10,4,2.6105054988768552
10,5,3.6705184265521273
10,6,3.439695243056067
10,7,4.104320970991361
10,8,63.00219335205917
10,9,63.00219335205917
10,10,0.0
10,11,63.00219335205917
10,12,63.00219335205917
10,13,63.00219335205917
10,14,2.916695736206133
10,15,2.3985480735597653
10,16,5.8176409329019325
10,17,5.028631021605228
10,18,2.606177232321303
10,19,1.5866791178971056
10,20,0.8430376599171904
10,21,1.8159672725350364
10,22,3.078033280561441
10,23,4.504785239205818
11,0,60.88504642007714
11,1,60.86581459024
11,2,59.68555805510494
11,3,60.30172308368387
11,4,61.23971552984273
11,5,60.79385290910121
11,6,59.8266801306477
11,7,59.92342049510302
11,8,0.0
11,9,0.0
11,10,63.00219335205917
11,11,0.0
11,12,0.0
11,13,0.0
11,14,63.17660830674708
11,15,63.587821821277274
11,16,60.05174356420015
11,17,61.40171095508158
11,18,62.23821840177467
11,19,63.20518184583157
11,20,63.29248423389794
11,21,64.31090780072806
11,22,65.47538435207622
11,23,64.70045403210482
12,0,60.88504642007714
12,1,60.86581459024
12,2,59.68555805510494
12,3,60.30172308368387
12,4,61.23971552984273
12,5,60.79385290910121
12,6,59.8266801306477
12,7,59.92342049510302
12,8,0.0
12,9,0.0
12,10,63.00219335205917
12,11,0.0
12,12,0.0
12,13,0.0
12,14,63.17660830674708
12,15,63.587821821277274
12,16,60.05174356420015
12,17,61.40171095508158
12,18,62.23821840177467
12,19,63.20518184583157
12,20,63.29248423389794
12,21,64.31090780072806
12,22,65.47538435207622
12,23,64.70045403210482
13,0,60.88504642007714
13,1,60.86581459024
13,2,59.68555805510494
13,3,60.30172308368387
13,4,61.23971552984273
13,5,60.79385290910121
13,6,59.8266801306477
13,7,59.92342049510302
13,8,0.0
13,9,0.0
13,10,63.00219335205917
13,11,0.0
13,12,0.0
13,13,0.0
13,14,63.17660830674708
13,15,63.587821821277274
13,16,60.05174356420015
13,17,61.40171095508158
13,18,62.23821840177467
13,19,63.20518184583157
13,20,63.29248423389794
13,21,64.31090780072806
13,22,65.47538435207622
13,23,64.70045403210482
14,0,2.3571410245644633
14,1,2.580399730058007
14,2,3.8166715916511054
14,3,3.2898084156857217
14,4,5.186783756878675
14,5,6.280855027582494
14,6,3.6865206530926593
14,7,6.4587638266148915
14,8,63.17660830674708
14,9,63.17660830674708
14,10,2.916695736206133
14,11,63.17660830674708
14,12,63.17660830674708
14,13,63.17660830674708
14,14,0.0
14,15,0.7210058899650044
14,16,8.479393891435825
14,17,7.860008202863007
14,18,5.4743279132371505
14,19,4.489398551427469
14,20,3.70972104731692
14,21,2.0195273162095555
14,22,2.5543957973591573
14,23,1.9644455977690567
15,0,2.7029623803840046
15,1,2.780180930146424
15,2,4.444363995537348
15,3,3.946774789689663
15,4,4.843086859603845
15,5,5.937670556194421
15,6,3.8818731784628113
15,7,6.207025009626812
15,8,63.587821821277274
15,9,63.587821821277274
15,10,2.3985480735597653
15,11,63.587821821277274
15,12,63.587821821277274
15,13,63.587821821277274
15,14,0.7210058899650044
15,15,0.0
15,16,8.127262258817334
15,17,7.41656177624358
15,18,5.001134094975249
15,19,3.9252628892035966
15,20,3.1371409801631454
15,21,1.298664444820008
15,22,1.9571002719078177
15,23,2.1494679970209747
16,0,7.290477095211565
16,1,6.705772722791387
16,2,9.253855413361324
16,3,9.333147309623845
16,4,3.2934767671103105
16,5,2.198540807796153
16,6,6.230924936372995
16,7,2.263305483781732
16,8,60.05174356420015
16,9,60.05174356420015
16,10,5.8176409329019325
16,11,60.05174356420015
16,12,60.05174356420015
16,13,60.05174356420015
16,14,8.479393891435825
16,15,8.127262258817334
16,16,0.0
16,17,1.3786431047983916
16,18,3.3527927868442506
16,19,4.689444258812826
16,20,5.338925911486063
16,21,7.593906773934768
16,22,8.761687759751045
16,23,10.274918012743566
17,0,7.035693674644263
17,1,6.4480390402182906
17,2,9.199964150836037
17,3,9.187104706890228
17,4,2.8180427109668833
17,5,1.9039317959154507
17,6,6.198578682824291
17,7,2.4849205033717507
17,8,61.40171095508158
17,9,61.40171095508158
17,10,5.028631021605228
17,11,61.40171095508158
17,12,61.40171095508158
17,13,61.40171095508158
17,14,7.860008202863007
17,15,7.41656177624358
17,16,1.3786431047983916
17,17,0.0
17,18,2.4264548206835808
17,19,3.6837823275991783
17,20,4.41509899901429
17,21,6.710759123557458
17,22,7.793316452353744
17,23,9.533099095784259
18,0,4.966383513299787
18,1,4.404133929462107
18,2,7.287748772994693
18,3,7.167507764884825
18,4,1.1401989299618316
18,5,1.5151414297503927
18,6,4.471524563654939
18,7,2.3285446751812158
18,8,62.23821840177467
18,9,62.23821840177467
18,10,2.606177232321303
18,11,62.23821840177467
18,12,62.23821840177467
18,13,62.23821840177467
18,14,5.4743279132371505
18,15,5.001134094975249
18,16,3.3527927868442506
18,17,2.4264548206835808
18,18,0.0
18,19,1.3395208473002047
18,20,2.0064499317318973
18,21,4.295439668397222
18,22,5.420667629943723
18,23,7.10847926797953
19,0,4.523359415530388
19,1,4.033948883135518
19,2,6.911221353910288
19,3,6.683443591114613
19,4,1.9997568296168917
19,5,2.778209478697089
19,6,4.433131508287274
19,7,3.4838674309449957
19,8,63.20518184583157
19,9,63.20518184583157
19,10,1.5866791178971056
19,11,63.20518184583157
19,12,63.20518184583157
19,13,63.20518184583157
19,14,4.489398551427469
19,15,3.9252628892035966
19,16,4.689444258812826
19,17,3.6837823275991783
19,18,1.3395208473002047
19,19,0.0
19,20,0.7885447620177309
19,21,3.0517020240018247
19,22,4.1110441924859735
19,23,5.954255944855981
20,0,3.933540432789077
20,1,3.49405114142269
20,2,6.3136961162953416
20,3,6.043241884984512
20,4,2.3502763890064635
20,5,3.2990343575881163
20,6,4.05343893969671
20,7,3.8876404715742687
20,8,63.29248423389794
20,9,63.29248423389794
20,10,0.8430376599171904
20,11,63.29248423389794
20,12,63.29248423389794
20,13,63.29248423389794
20,14,3.70972104731692
20,15,3.1371409801631454
20,16,5.338925911486063
20,17,4.41509899901429
20,18,2.0064499317318973
20,19,0.7885447620177309
20,20,0.0
20,21,2.295813256272977
20,22,3.4227753632797366
20,23,5.171998905206464
21,0,3.5967602576563236
21,1,3.4805637011131867
21,2,5.6196412154769995
21,3,5.163714190825244
21,4,4.4252880835885815
21,5,5.4750410434040475
21,6,4.485196941948685
21,7,5.917674625731485
21,8,64.31090780072806
21,9,64.31090780072806
21,10,1.8159672725350364
21,11,64.31090780072806
21,12,64.31090780072806
21,13,64.31090780072806
21,14,2.0195273162095555
21,15,1.298664444820008
21,16,7.593906773934768
21,17,6.710759123557458
21,18,4.295439668397222
21,19,3.0517020240018247
21,20,2.295813256272977
21,21,0.0
21,22,1.2964500059086599
21,23,2.956150769555155
22,0,4.62222159359025
22,1,4.609978250709675
22,2,6.369233311616583
22,3,5.842909794065749
22,4,5.667500097459483
22,5,6.6907626052382225
22,6,5.667643960438159
22,7,7.179063257950231
22,8,65.47538435207622
22,9,65.47538435207622
22,10,3.078033280561441
22,11,65.47538435207622
22,12,65.47538435207622
22,13,65.47538435207622
22,14,2.5543957973591573
22,15,1.9571002719078177
22,16,8.761687759751045
22,17,7.793316452353744
22,18,5.420667629943723
22,19,4.1110441924859735
22,20,3.4227753632797366
22,21,1.2964500059086599
22,22,0.0
22,23,2.4992359114615432
23,0,4.210786821413738
23,1,4.5143138565868846
23,2,5.026268151055624
23,3,4.416066932224834
23,4,6.992521878869318
23,5,8.08689496395762
23,6,5.605420708491685
23,7,8.344393813360679
23,8,64.70045403210482
23,9,64.70045403210482
23,10,4.504785239205818
23,11,64.70045403210482
23,12,64.70045403210482
23,13,64.70045403210482
23,14,1.9644455977690567
23,15,2.1494679970209747
23,16,10.274918012743566
23,17,9.533099095784259
23,18,7.10847926797953
23,19,5.954255944855981
23,20,5.171998905206464
23,21,2.956150769555155
23,22,2.4992359114615432
23,23,0.0
