source_id,target_id,rtt
0,0,0.0
0,1,7.930792757625073
0,2,6.7144766341963935
0,3,1.6524140402569039
0,4,5.351777575719396
0,5,6.322286184963913
0,6,4.0527645814821245
0,7,4.234866932773654
0,8,7.358884073889787
0,9,7.89592759506115
0,10,87.5348801054462
0,12,27.00340346906884
0,13,24.416551292867076
0,14,25.855045070772665
0,15,22.517172659639847
0,16,18.309091528633978
0,17,20.110153136332134
0,18,22.762354572949867
0,19,87.5348801054462
0,20,5.135036835201754
0,21,7.922253280278449
0,22,87.5348801054462
0,23,7.686083894661108
0,24,8.366766439629961
0,25,12.020344456518574
0,26,12.103421505643434
0,27,18.668498964106305
0,28,15.686254714668376
0,29,29.751058482994512
0,30,87.5348801054462
0,31,39.72617691088031
0,32,36.08135062507942
0,33,16.01393345197525
0,34,11.650143624359938
0,35,87.5348801054462
0,37,35.30208441980231
0,38,39.69506997953695
0,39,5.041075994007165
0,40,5.9383440879503535
0,41,30.24818893099581
0,42,36.919348385721314
0,43,36.79157075818725
0,44,37.701214850136125
0,45,40.89997725739509
0,46,31.278176745814786
0,47,26.342667556440404
0,48,15.405022452241433
1,0,7.930792757625073
1,1,0.0
1,2,14.286828143153272
1,3,9.574641097727657
1,4,9.590704225676985
1,5,10.872785137616392
1,6,6.560721994674348
1,7,8.059268512248916
1,8,12.316834689587182
1,9,12.86620038976356
1,10,79.69342228796657
1,12,33.85341550077787
1,13,31.480028619584814
1,14,32.41233989192234
1,15,28.413939153273496
1,16,22.477125242917968
1,17,23.88315559710394
1,18,25.788408022854178
1,19,79.69342228796657
1,20,12.448343575121584
1,21,15.1228884357058
1,22,79.69342228796657
1,23,14.239331047964924
1,24,15.907783722689285
1,25,19.70852692540287
1,26,19.339973491716915
1,27,26.311063802387316
1,28,23.039814511445567
1,29,36.89218105852817
1,30,79.69342228796657
1,31,47.61796401906287
1,32,43.98430924312081
1,33,21.584532031970095
1,34,16.141558125586016
1,35,79.69342228796657
1,37,43.08515751759799
1,38,47.54378689888926
1,39,12.681846915518083
1,40,13.579785743930733
1,41,37.659150553166505
1,42,44.389520568501936
1,43,44.387358209961576
1,44,45.412207693598646
1,45,48.82578582257929
1,46,39.208491513086635
1,47,34.236256492414086
1,48,23.33408213401536
2,0,6.7144766341963935
2,1,14.286828143153272
2,2,0.0
2,3,5.18035197184038
2,4,6.505116040078072
2,5,6.085722505980396
2,6,8.35631541138753
2,7,7.161264074187941
2,8,5.650903736810094
2,9,5.7612894153358285
2,10,93.12551920251005
2,12,20.386300110726076
2,13,17.74160809168725
2,14,19.373619721011227
2,15,16.5113595460639
2,16,14.098016662192402
2,17,16.091823476165843
2,18,19.193736380507946
2,19,93.12551920251005
2,20,1.9233573920568012
2,21,1.6964040550500616
2,22,93.12551920251005
2,23,3.013498245793357
2,24,1.6530560444974596
2,25,5.424720045788313
2,26,5.454865856944173
2,27,12.032967387632869
2,28,8.974921724437039
2,29,26.339587153834568
2,30,93.12551920251005
2,31,33.45299356659094
2,32,29.860387732920433
2,33,10.647212444192064
2,34,8.33676320057787
2,35,93.12551920251005
2,37,28.80594034698873
2,38,33.3056066015803
2,39,1.6743898931583987
2,40,0.8006582713806392
2,41,26.25854876601333
2,42,32.64788902265179
2,43,32.22814776967387
2,44,32.81933698362731
2,45,35.07049095842181
2,46,25.409155013817557
2,47,20.11449608060273
2,48,9.88650407520955
3,0,1.6524140402569039
3,1,9.574641097727657
3,2,5.18035197184038
3,3,0.0
3,4,5.4100372235708685
3,5,6.096629113133183
3,6,5.041490743629657
3,7,4.73407323461329
3,8,6.859612174085289
3,9,7.342008399063126
3,10,89.13208806622738
3,12,25.549366784562736
3,13,22.920935378731716
3,14,24.47140716542255
3,15,21.308728256680965
3,16,17.582455664786977
3,17,19.450793540229217
3,18,22.241271451890004
3,19,89.13208806622738
3,20,3.790359219738784
3,21,6.516338344350778
3,22,89.13208806622738
3,23,6.551154135005878
3,24,6.821428967629897
3,25,10.408260622848838
3,26,10.620599270493974
3,27,17.055204482140432
3,28,14.14853580256949
3,29,28.413337567498026
3,30,89.13208806622738
3,31,38.073781640946684
3,32,34.42929717757841
3,33,14.96015428809756
3,34,11.019780757352235
3,35,89.13208806622738
3,37,33.65818968533552
3,38,38.04429289401302
3,39,3.5128124069185116
3,40,4.387530251666904
3,41,28.821706706455753
3,42,35.46434970212561
3,43,35.29502705463201
3,44,36.163806625560035
3,45,39.26681380193569
3,46,29.639111806703347
3,47,24.690258347757847
3,48,13.770031246307767
4,0,5.351777575719396
4,1,9.590704225676985
4,2,6.505116040078072
4,3,5.4100372235708685
4,4,0.0
4,5,1.2988416681142185
4,6,3.0639462196638463
4,7,1.6095837169667648
4,8,2.731420502830174
4,9,3.2908637278483686
4,10,86.82811696301498
4,12,24.360812970554914
4,13,22.102038705180583
4,14,22.848593685931807
4,15,18.83778493411551
4,16,13.472153578857199
4,17,15.139736901593126
4,18,17.60023003792631
4,19,86.82811696301498
4,20,4.713352258447413
4,21,6.510938491507398
4,22,86.82811696301498
4,23,5.076164703001614
4,24,7.747397190846407
4,25,11.479149278444435
4,26,10.378348537647797
4,27,17.66831199678352
4,28,14.0560525538083
4,29,32.60211906181916
4,30,86.82811696301498
4,31,39.42871868556034
4,32,35.90934765786606
4,33,12.025922493876049
4,34,6.8340629868467095
4,35,86.82811696301498
4,37,34.49952335991073
4,38,39.139408666682115
4,39,5.5651062610187285
4,40,6.158848575009711
4,41,32.66507597937205
4,42,39.11560711755639
4,43,38.72460764740807
4,44,39.323700264586044
4,45,41.36543276696387
4,46,31.72348294893221
4,47,26.2331747635705
4,48,16.38512904984725
5,0,6.322286184963913
5,1,10.872785137616392
5,2,6.085722505980396
5,3,6.096629113133183
5,4,1.2988416681142185
5,5,0.0
5,6,4.361735726781445
5,7,2.9036834634268507
5,8,1.445082079962604
5,9,1.995796273799922
5,10,87.64685941552094
5,12,23.139519953959756
5,13,20.9233551032069
5,14,21.59579966937469
5,15,17.54647449214738
5,16,12.230985488659773
5,17,13.933930965637291
5,18,16.472325885061053
5,19,87.64685941552094
5,20,4.505884608223251
5,21,5.775381432732477
5,22,87.64685941552094
5,23,4.1468497057312055
5,24,7.120033039329716
5,25,10.713307413939306
5,26,9.397355886624036
5,27,16.715107266615057
5,28,13.02979413116085
5,29,32.396404541816416
5,30,87.64685941552094
5,31,38.505418895797916
5,32,35.01643891904863
5,33,10.729880190311397
5,34,5.568715217949971
5,35,87.64685941552094
5,37,33.50258800679928
5,38,38.1728018514966
5,39,5.4656026674343385
5,40,5.892982754298084
5,41,32.34425256479974
5,42,38.71710535390207
5,43,38.262974446452326
5,44,38.78747619138673
5,45,40.57857368364146
5,46,30.960371138734487
5,47,25.386127017873136
5,48,15.850910861419733
6,0,4.0527645814821245
6,1,6.560721994674348
6,2,8.35631541138753
6,3,5.041490743629657
6,4,3.0639462196638463
6,5,4.361735726781445
6,6,0.0
6,7,1.4985630214863075
6,8,5.793357166233927
6,9,6.35470794329617
6,10,84.79778102893631
6,12,27.309774580640973
6,13,24.978783858148905
6,14,25.851775699587133
6,15,21.897572920007374
6,16,16.398108404395405
6,17,17.987534482206662
6,18,20.27583368133095
6,19,84.79778102893631
6,20,6.4334221066063755
6,21,8.860278185223645
6,22,84.79778102893631
6,23,7.762359290980099
6,24,9.860345121665931
6,25,13.70147257624713
6,26,12.986340314057339
6,27,20.150777736957384
6,28,16.697439324260056
6,29,33.40772388749815
6,30,84.79778102893631
6,31,41.77103761468218
6,32,38.19627769948234
6,33,15.089627418407408
6,34,9.830238213064408
6,35,84.79778102893631
6,37,37.00337632067301
6,38,41.57225242834865
6,39,6.963748655681801
6,40,7.780262613762502
6,41,33.72977190961791
6,42,40.32210745355236
6,43,40.073377041551616
6,44,40.835064666485465
6,45,43.41488925754684
6,46,33.75261705743835
6,47,28.459230013926447
6,48,18.06941617577942
7,0,4.234866932773654
7,1,8.059268512248916
7,2,7.161264074187941
7,3,4.73407323461329
7,4,1.6095837169667648
7,5,2.9036834634268507
7,6,1.4985630214863075
7,7,0.0
7,8,4.317477006215143
7,9,4.884048336677143
7,10,85.96880730304818
7,12,25.81691279635206
7,13,23.499403045222962
7,14,24.353344842518755
7,15,20.41185026504614
7,16,15.060983981181648
7,17,16.7039635671474
7,18,19.100852618261786
7,19,85.96880730304818
7,20,5.250481465509005
7,21,7.504446872041092
7,22,85.96880730304818
7,23,6.309125432965918
7,24,8.58847969798391
7,25,12.41070687821737
7,26,11.569561474498157
7,27,18.783394589177696
7,28,15.276396282805388
7,29,32.73803052074051
7,30,85.96880730304818
7,31,40.4649825664455
7,32,36.90945939839289
7,33,13.613290868169326
7,34,8.438337739240826
7,35,85.96880730304818
7,37,35.638144305942916
7,38,40.23330146692971
7,39,5.912914146960415
7,40,6.660788282959635
7,41,32.94433435778473
7,42,39.47974386910534
7,43,39.16887740349984
7,44,39.86133457079066
7,45,42.221352675462754
7,46,32.56219458241348
7,47,27.189819095724314
7,48,16.995132457241393
8,0,7.358884073889787
8,1,12.316834689587182
8,2,5.650903736810094
8,3,6.859612174085289
8,4,2.731420502830174
8,5,1.445082079962604
8,6,5.793357166233927
8,7,4.317477006215143
8,8,0.0
8,9,0.5730385255825676
8,10,88.75722938872457
8,12,21.715314794814084
8,13,19.52814502146768
8,14,20.15607650126382
8,15,16.106381839440402
8,16,10.988624934448096
8,17,12.756992445542105
8,18,15.423799364554332
8,19,88.75722938872457
8,20,4.434326711180844
8,21,4.964038666959915
8,22,88.75722938872457
8,23,3.163898005626232
8,24,6.3924648696701025
8,25,9.757316433484851
8,26,8.215145736813538
8,27,15.52687501004604
8,28,11.780224345112643
8,29,31.95167778385218
8,30,88.75722938872457
8,31,37.319810383843226
8,32,33.86149099221598
8,33,9.29714098609887
8,34,4.308379867816545
8,35,88.75722938872457
8,37,32.25255911265889
8,38,36.94767515068866
8,39,5.440137872962784
8,40,5.6503139878976025
8,41,31.775812774031504
8,42,38.05673606863421
8,43,37.53700346135582
8,44,37.98354817845091
8,45,39.52141891199955
8,46,29.93541853066193
8,47,24.285521574841336
8,48,15.107824626086735
9,0,7.89592759506115
9,1,12.86620038976356
9,2,5.7612894153358285
9,3,7.342008399063126
9,4,3.2908637278483686
9,5,1.995796273799922
9,6,6.35470794329617
9,7,4.884048336677143
9,8,0.5730385255825676
9,9,0.0
9,10,89.0557294640363
9,12,21.21581715981306
9,13,19.05888114580273
9,14,19.63406938562519
9,15,15.550885775884934
9,16,10.432602643949258
9,17,12.21440678242779
9,18,14.912331401554548
9,19,89.0557294640363
9,20,4.708684362724501
9,21,4.911238594523547
9,22,89.0557294640363
9,23,3.06633404778373
9,24,6.359428726086341
9,25,9.582092531678795
9,26,7.916030066203076
9,27,15.205965770327218
9,28,11.426452021953567
9,29,31.977692183625848
9,30,89.0557294640363
9,31,36.98847964063542
9,32,33.54857373169896
9,33,8.735075258827562
9,34,3.7570621956036074
9,35,89.0557294640363
9,37,31.88411146456902
9,38,36.59323686519047
9,39,5.710486869029902
9,40,5.838087563141849
9,41,31.74915019018627
9,42,37.986525302257085
9,43,37.43741315977194
9,44,37.84774589444753
9,45,39.25995325629326
9,46,29.694258628051777
9,47,24.007069282026603
9,48,15.021355068840286
10,0,87.5348801054462
10,1,79.69342228796657
10,2,93.12551920251005
10,3,89.13208806622738
10,4,86.82811696301498
10,5,87.64685941552094
10,6,84.79778102893631
10,7,85.96880730304818
10,8,88.75722938872457
10,9,89.0557294640363
10,10,0.0
10,12,107.70082309295108
10,13,106.62721025592869
10,14,105.44139374139844
10,15,100.32935488889949
10,16,92.24127580616677
10,17,91.82780004592715
10,18,90.42891645144665
10,19,0.0
10,20,91.20594203274592
10,21,93.33893374519751
10,22,0.0
10,23,91.79351191068504
10,24,94.53638563353692
10,25,98.30718808596514
10,26,96.96829010336153
10,27,104.25475105053775
10,28,100.4291149347559
10,29,115.50303413692349
10,30,0.0
10,31,125.97151471419514
10,32,122.59573152583896
10,33,95.06139831514633
10,34,90.0115323203857
10,35,0.0
10,37,120.61371778389751
10,38,125.41407106315752
10,39,91.75650599410429
10,40,92.57722840148683
10,41,116.8162158273625
10,42,123.53347849053361
10,43,123.80224370239047
10,44,125.01562137588152
10,45,128.18619069057817
10,46,118.53028853968753
10,47,113.03207103225486
10,48,102.82800595882941
12,0,27.00340346906884
12,1,33.85341550077787
12,2,20.386300110726076
12,3,25.549366784562736
12,4,24.360812970554914
12,5,23.139519953959756
12,6,27.309774580640973
12,7,25.81691279635206
12,8,21.715314794814084
12,9,21.21581715981306
12,10,107.70082309295108
12,12,0.0
12,13,2.9402545126289064
12,14,2.3630581396068657
12,15,7.395990699913134
12,16,15.459967186469965
12,17,15.982877849339058
12,18,17.946606599200223
12,19,107.70082309295108
12,20,21.87299133868452
12,21,19.082361224957857
12,22,107.70082309295108
12,23,19.646920457169728
12,24,18.78017104072635
12,25,15.757372885020546
12,26,14.932125522468311
12,27,10.258167267459989
12,28,11.599288458994025
12,29,28.8809563872337
12,30,107.70082309295108
12,31,19.7511760735062
12,32,17.462005838744385
12,33,13.18644464093012
12,34,18.830516820374935
12,35,107.70082309295108
12,37,14.001611734218512
12,38,18.615160357290954
12,39,22.039453378112537
12,40,21.18640985916991
12,41,26.82139198849642
12,42,30.04702771537188
12,43,28.52954156403587
12,44,27.537256317434796
12,45,24.181181188502453
12,46,17.31380226724715
12,47,12.439107826190407
12,48,16.85212242386658
13,0,24.416551292867076
13,1,31.480028619584814
13,2,17.74160809168725
13,3,22.920935378731716
13,4,22.102038705180583
13,5,20.9233551032069
13,6,24.978783858148905
13,7,23.499403045222962
13,8,19.52814502146768
13,9,19.05888114580273
13,10,106.62721025592869
13,12,2.9402545126289064
13,13,0.0
13,14,3.6336910833204548
13,15,7.133824669133896
13,16,14.624963526443569
13,17,15.503169839516648
13,18,17.901269641683932
13,19,106.62721025592869
13,20,19.310117090908953
13,21,16.52315729355865
13,22,106.62721025592869
13,23,17.240795787269775
13,24,16.111992667795157
13,25,12.938096758300642
13,26,12.313142115500387
13,27,7.320621744988065
13,28,8.833394386964544
13,29,26.654752443269235
13,30,106.62721025592869
13,31,19.945830299780674
13,32,17.223033444795043
13,33,11.609877544360785
13,34,17.02537978062113
13,35,106.62721025592869
13,37,14.251268995048516
13,38,19.036973721983045
13,39,19.408784102784047
13,40,18.537937299901614
13,41,24.74956698156588
13,42,28.47450909991611
13,43,27.07085978667867
13,44,26.29117300700989
13,45,23.864718454475085
13,46,16.09310533403842
13,47,10.667633250256875
13,48,13.926114995822664
14,0,25.855045070772665
14,1,32.41233989192234
14,2,19.373619721011227
14,3,24.47140716542255
14,4,22.848593685931807
14,5,21.59579966937469
14,6,25.851775699587133
14,7,24.353344842518755
14,8,20.15607650126382
14,9,19.63406938562519
14,10,105.44139374139844
14,12,2.3630581396068657
14,13,3.6336910833204548
14,14,0.0
14,15,5.112871854401951
14,16,13.224832282248618
14,17,13.664415882901638
14,18,15.584188920493375
14,19,105.44139374139844
14,20,20.72560768572768
14,21,17.95695422002586
14,22,105.44139374139844
14,23,18.325349987738598
14,24,17.822627926717818
14,25,15.144463074446293
14,26,13.95304674195347
14,27,10.438364332897606
14,28,10.956182271831604
14,29,30.285990384964972
14,30,105.44139374139844
14,31,22.107610556589055
14,32,19.766521550672056
14,33,11.296030758061224
14,34,17.00618892957341
14,35,105.44139374139844
14,37,16.356239094187018
14,38,20.978190384175253
14,39,20.9899363623284
14,40,20.172309459823964
14,41,28.359516210343678
14,42,31.921005265508317
14,43,30.461931092194973
14,44,29.56764511421637
14,45,26.482589287730224
14,46,19.334368383062912
14,47,14.159961084871734
14,48,17.050809518829986
15,0,22.517172659639847
15,1,28.413939153273496
15,2,16.5113595460639
15,3,21.308728256680965
15,4,18.83778493411551
15,5,17.54647449214738
15,6,21.897572920007374
15,7,20.41185026504614
15,8,16.106381839440402
15,9,15.550885775884934
15,10,100.32935488889949
15,12,7.395990699913134
15,13,7.133824669133896
15,14,5.112871854401951
15,15,0.0
15,16,8.11966621293066
15,17,8.595708271006899
15,18,10.782164159627593
15,19,100.32935488889949
15,20,17.521719513762772
15,21,14.909302593235417
15,22,100.32935488889949
15,23,14.831331504112454
15,24,15.15429675639684
15,25,13.428836894231106
15,26,11.500099506328068
15,27,11.02126769213597
15,28,9.661658198079234
15,29,32.37591291421245
15,30,100.32935488889949
15,31,26.91079643319547
15,32,24.322520738476385
15,33,6.840604705735885
15,34,12.496963932011822
15,35,100.32935488889949
15,37,21.167887206101792
15,38,25.880444767529724
15,39,17.986773767737922
15,40,17.275056721458082
15,41,30.793632297068108
15,42,35.12549861962285
15,43,33.83341890884917
15,44,33.20890288313392
15,45,30.98676904350926
15,46,23.09102358509359
15,47,17.410881165150197
15,48,16.969736496871594
16,0,18.309091528633978
16,1,22.477125242917968
16,2,14.098016662192402
16,3,17.582455664786977
16,4,13.472153578857199
16,5,12.230985488659773
16,6,16.398108404395405
16,7,15.060983981181648
16,8,10.988624934448096
16,9,10.432602643949258
16,10,92.24127580616677
16,12,15.459967186469965
16,13,14.624963526443569
16,14,13.224832282248618
16,15,8.11966621293066
16,16,0.0
16,17,2.0161862458276887
16,18,5.276666959029608
16,19,92.24127580616677
16,20,14.201489132554729
16,21,12.440061134755352
16,22,92.24127580616677
16,23,11.360240065963959
16,24,13.424279748159691
16,25,13.909497334731663
16,26,11.280740823787502
16,27,15.358719758702744
16,28,12.108639769942878
16,29,36.371618415487454
16,30,92.24127580616677
16,31,34.55682506608306
16,32,31.69762367197982
16,33,4.5977678693808
16,34,6.681587281195184
16,35,92.24127580616677
16,37,28.876011818553817
16,38,33.659470815765374
16,39,15.022400418105493
16,40,14.649771189848648
16,41,35.32410841221735
16,42,40.56031884558261
16,43,39.525179819330866
16,44,39.273631279766825
16,45,38.2119026525244
16,46,29.575506840880596
16,47,23.621704470511485
16,48,19.21778886358984
17,0,20.110153136332134
17,1,23.88315559710394
17,2,16.091823476165843
17,3,19.450793540229217
17,4,15.139736901593126
17,5,13.933930965637291
17,6,17.987534482206662
17,7,16.7039635671474
17,8,12.756992445542105
17,9,12.21440678242779
17,10,91.82780004592715
17,12,15.982877849339058
17,13,15.503169839516648
17,14,13.664415882901638
17,15,8.595708271006899
17,16,2.0161862458276887
17,17,0.0
17,18,3.2956206560253736
17,19,91.82780004592715
17,20,16.140442777791208
17,21,14.441136219432071
17,22,91.82780004592715
17,23,13.318900344585254
17,24,15.438392660347361
17,25,15.877734510407922
17,26,13.257156230981119
17,27,16.967284253904857
17,28,13.886794492248777
17,29,38.16579858621405
17,30,91.82780004592715
17,31,35.430165927245135
17,32,32.704978204755406
17,33,6.473676180556338
17,34,8.461364279317015
17,35,91.82780004592715
17,37,29.705336753287707
17,38,34.44703372957504
17,39,16.980401610594996
17,40,16.63052855311498
17,41,37.04446289659557
17,42,42.143159254016176
17,43,41.05415202357784
17,44,40.71864331608305
17,45,39.295271408968205
17,46,30.884802598218883
17,47,24.97276215268283
17,48,21.112405726114055
18,0,22.762354572949867
18,1,25.788408022854178
18,2,19.193736380507946
18,3,22.241271451890004
18,4,17.60023003792631
18,5,16.472325885061053
18,6,20.27583368133095
18,7,19.100852618261786
18,8,15.423799364554332
18,9,14.912331401554548
18,10,90.42891645144665
18,12,17.946606599200223
18,13,17.901269641683932
18,14,15.584188920493375
18,15,10.782164159627593
18,16,5.276666959029608
18,17,3.2956206560253736
18,18,0.0
18,19,90.42891645144665
18,20,19.100052895280896
18,21,17.571836631481453
18,22,90.42891645144665
18,23,16.3388379434213
18,24,18.62790583503294
18,25,19.171902717983585
18,26,16.548970346771306
18,27,20.070303044784747
18,28,17.118550211404134
18,29,41.3835227027543
18,30,90.42891645144665
18,31,37.64856934840638
18,32,35.1046835912908
18,33,9.762933447312628
18,34,11.235731349139403
18,35,90.42891645144665
18,37,31.897003956648437
18,38,36.5583669592616
18,39,19.981190178072524
18,40,19.692017876683835
18,41,40.204522410115956
18,42,45.17175507974114
18,43,44.02947012918029
18,44,43.60578349009117
18,45,41.76480803571543
18,46,33.64576861027454
18,47,27.80064016768287
18,48,24.394886610186287
19,0,87.5348801054462
19,1,79.69342228796657
19,2,93.12551920251005
19,3,89.13208806622738
19,4,86.82811696301498
19,5,87.64685941552094
19,6,84.79778102893631
19,7,85.96880730304818
19,8,88.75722938872457
19,9,89.0557294640363
19,10,0.0
19,12,107.70082309295108
19,13,106.62721025592869
19,14,105.44139374139844
19,15,100.32935488889949
19,16,92.24127580616677
19,17,91.82780004592715
19,18,90.42891645144665
19,19,0.0
19,20,91.20594203274592
19,21,93.33893374519751
19,22,0.0
19,23,91.79351191068504
19,24,94.53638563353692
19,25,98.30718808596514
19,26,96.96829010336153
19,27,104.25475105053775
19,28,100.4291149347559
19,29,115.50303413692349
19,30,0.0
19,31,125.97151471419514
19,32,122.59573152583896
19,33,95.06139831514633
19,34,90.0115323203857
19,35,0.0
19,37,120.61371778389751
19,38,125.41407106315752
19,39,91.75650599410429
19,40,92.57722840148683
19,41,116.8162158273625
19,42,123.53347849053361
19,43,123.80224370239047
19,44,125.01562137588152
19,45,128.18619069057817
19,46,118.53028853968753
19,47,113.03207103225486
19,48,102.82800595882941
20,0,5.135036835201754
20,1,12.448343575121584
20,2,1.9233573920568012
20,3,3.790359219738784
20,4,4.713352258447413
20,5,4.505884608223251
20,6,6.4334221066063755
20,7,5.250481465509005
20,8,4.434326711180844
20,9,4.708684362724501
20,10,91.20594203274592
20,12,21.87299133868452
20,13,19.310117090908953
20,14,20.72560768572768
20,15,17.521719513762772
20,16,14.201489132554729
20,17,16.140442777791208
20,18,19.100052895280896
20,19,91.20594203274592
20,20,0.0
20,21,2.7912602368713824
20,22,91.20594203274592
20,23,2.8788417687844365
20,24,3.4718094906672015
20,25,7.307586454086587
20,26,7.0068920209996985
20,27,13.866729896773926
20,28,10.652755320671533
20,29,27.928615851254058
20,30,91.20594203274592
20,31,35.36206704579099
20,32,31.775107493896208
20,33,11.253791660279823
20,34,7.927822735070048
20,35,91.20594203274592
20,37,30.677861133659995
20,38,35.19897910880704
20,39,1.005863127110092
20,40,1.4469899722001454
20,41,27.95433123114634
20,42,34.40424962612122
20,43,34.02771726168403
20,44,34.662317724196264
20,45,36.9924239819479
20,46,27.330767503321137
20,47,22.0320078186508
20,48,11.756885004102582
21,0,7.922253280278449
21,1,15.1228884357058
21,2,1.6964040550500616
21,3,6.516338344350778
21,4,6.510938491507398
21,5,5.775381432732477
21,6,8.860278185223645
21,7,7.504446872041092
21,8,4.964038666959915
21,9,4.911238594523547
21,10,93.33893374519751
21,12,19.082361224957857
21,13,16.52315729355865
21,14,17.95695422002586
21,15,14.909302593235417
21,16,12.440061134755352
21,17,14.441136219432071
21,18,17.571836631481453
21,19,93.33893374519751
21,20,2.7912602368713824
21,21,0.0
21,22,93.33893374519751
21,23,1.8532357250145681
21,24,1.453163599800763
21,25,4.968945050667066
21,26,4.236109784370495
21,27,11.290615572441103
21,28,7.9188616720799905
21,29,27.08861810311898
21,30,93.33893374519751
21,31,32.96759397898934
21,32,29.425424930396165
21,33,8.953303934727092
21,34,6.911087941133779
21,35,93.33893374519751
21,37,28.144348943127152
21,38,32.729119692289615
21,39,3.0822452812500942
21,40,2.390290349724009
21,41,26.837954556550127
21,42,33.0938682219514
21,43,32.575758911148284
21,44,33.045327537290454
21,45,34.85685119334797
21,46,25.22006963559218
21,47,19.72967842187436
21,48,10.145267931105714
22,0,87.5348801054462
22,1,79.69342228796657
22,2,93.12551920251005
22,3,89.13208806622738
22,4,86.82811696301498
22,5,87.64685941552094
22,6,84.79778102893631
22,7,85.96880730304818
22,8,88.75722938872457
22,9,89.0557294640363
22,10,0.0
22,12,107.70082309295108
22,13,106.62721025592869
22,14,105.44139374139844
22,15,100.32935488889949
22,16,92.24127580616677
22,17,91.82780004592715
22,18,90.42891645144665
22,19,0.0
22,20,91.20594203274592
22,21,93.33893374519751
22,22,0.0
22,23,91.79351191068504
22,24,94.53638563353692
22,25,98.30718808596514
22,26,96.96829010336153
22,27,104.25475105053775
22,28,100.4291149347559
22,29,115.50303413692349
22,30,0.0
22,31,125.97151471419514
22,32,122.59573152583896
22,33,95.06139831514633
22,34,90.0115323203857
22,35,0.0
22,37,120.61371778389751
22,38,125.41407106315752
22,39,91.75650599410429
22,40,92.57722840148683
22,41,116.8162158273625
22,42,123.53347849053361
22,43,123.80224370239047
22,44,125.01562137588152
22,45,128.18619069057817
22,46,118.53028853968753
22,47,113.03207103225486
22,48,102.82800595882941
23,0,7.686083894661108
23,1,14.239331047964924
23,2,3.013498245793357
23,3,6.551154135005878
23,4,5.076164703001614
23,5,4.1468497057312055
23,6,7.762359290980099
23,7,6.309125432965918
23,8,3.163898005626232
23,9,3.06633404778373
23,10,91.79351191068504
23,12,19.646920457169728
23,13,17.240795787269775
23,14,18.325349987738598
23,15,14.831331504112454
23,16,11.360240065963959
23,17,13.318900344585254
23,18,16.3388379434213
23,19,91.79351191068504
23,20,2.8788417687844365
23,21,1.8532357250145681
23,22,91.79351191068504
23,23,0.0
23,24,3.306248322723641
23,25,6.607441036367762
23,26,5.302397878705919
23,27,12.598525013914456
23,28,8.989072470725997
23,29,28.941180751249863
23,30,91.79351191068504
23,31,34.3759011884177
23,32,30.876006287343202
23,33,8.411051725521899
23,34,5.334706795889705
23,35,91.79351191068504
23,37,29.423438265486283
23,38,34.06832987673686
23,39,3.662425196620777
23,40,3.3766434879056546
23,41,28.685699853053492
23,42,34.922400373938395
23,43,34.38398020400502
23,44,34.820053484378924
23,45,36.438250911464294
23,46,26.82902792813236
23,47,21.239280883782104
23,48,11.960473542838056
24,0,8.366766439629961
24,1,15.907783722689285
24,2,1.6530560444974596
24,3,6.821428967629897
24,4,7.747397190846407
24,5,7.120033039329716
24,6,9.860345121665931
24,7,8.58847969798391
24,8,6.3924648696701025
24,9,6.359428726086341
24,10,94.53638563353692
24,12,18.78017104072635
24,13,16.111992667795157
24,14,17.822627926717818
24,15,15.15429675639684
24,16,13.424279748159691
24,17,15.438392660347361
24,18,18.62790583503294
24,19,94.53638563353692
24,20,3.4718094906672015
24,21,1.453163599800763
24,22,94.53638563353692
24,23,3.306248322723641
24,24,0.0
24,25,3.8432720053899234
24,26,3.8708484608194715
24,27,10.403383108673468
24,28,7.327452389616611
24,29,25.635510409231593
24,30,94.53638563353692
24,31,31.911456642050993
24,32,28.337053465567266
24,33,9.632397430206273
24,34,8.238664255580243
24,35,94.53638563353692
24,37,27.206052215435474
24,38,31.732334296821687
24,39,3.3257541664827155
24,40,2.4345125780204393
24,41,25.392242490017527
24,42,31.66702490300992
24,43,31.16806197082124
24,44,31.66826259500602
24,45,33.649807463862935
24,46,23.99698302326006
24,47,18.606032094071942
24,48,8.740394615450283
25,0,12.020344456518574
25,1,19.70852692540287
25,2,5.424720045788313
25,3,10.408260622848838
25,4,11.479149278444435
25,5,10.713307413939306
25,6,13.70147257624713
25,7,12.41070687821737
25,8,9.757316433484851
25,9,9.582092531678795
25,10,98.30718808596514
25,12,15.757372885020546
25,13,12.938096758300642
25,14,15.144463074446293
25,15,13.428836894231106
25,16,13.909497334731663
25,17,15.877734510407922
25,18,19.171902717983585
25,19,98.30718808596514
25,20,7.307586454086587
25,21,4.968945050667066
25,22,98.30718808596514
25,23,6.607441036367762
25,24,3.8432720053899234
25,25,0.0
25,26,2.638022906775654
25,27,6.64826494978273
25,28,4.192640846885479
25,29,23.130997576717835
25,30,98.30718808596514
25,31,28.069565050612916
25,32,24.500843048802725
25,33,9.467968989912421
25,34,10.334802318023987
25,35,98.30718808596514
25,37,23.381220386512595
25,38,27.891479017626416
25,39,7.0373848130016805
25,40,6.134396253694015
25,41,22.561217816027888
25,42,28.575620373355584
25,43,27.937193035810175
25,44,28.28110260354249
25,45,29.88801726825495
25,46,20.25402317889679
25,47,14.78057199743279
25,48,5.7240569231153575
26,0,12.103421505643434
26,1,19.339973491716915
26,2,5.454865856944173
26,3,10.620599270493974
26,4,10.378348537647797
26,5,9.397355886624036
26,6,12.986340314057339
26,7,11.569561474498157
26,8,8.215145736813538
26,9,7.916030066203076
26,10,96.96829010336153
26,12,14.932125522468311
26,13,12.313142115500387
26,14,13.95304674195347
26,15,11.500099506328068
26,16,11.280740823787502
26,17,13.257156230981119
26,18,16.548970346771306
26,19,96.96829010336153
26,20,7.0068920209996985
26,21,4.236109784370495
26,22,96.96829010336153
26,23,5.302397878705919
26,24,3.8708484608194715
26,25,2.638022906775654
26,26,0.0
26,27,7.319717648964554
26,28,3.7115578783251078
26,29,25.653522518677356
26,30,96.96829010336153
26,31,29.114168713676015
26,32,25.646480514985107
26,33,6.88850178040133
26,34,7.974089102592799
26,35,96.96829010336153
26,37,24.12217596823584
26,38,28.777238267300245
26,39,7.108675942844347
26,40,6.2553225669358365
26,41,24.97635401835961
26,42,30.840724373348092
26,43,30.112080933635507
26,44,30.32573504292548
26,45,31.356273966242814
26,46,21.823398628006146
26,47,16.093658244840235
26,48,8.233941316949656
27,0,18.668498964106305
27,1,26.311063802387316
27,2,12.032967387632869
27,3,17.055204482140432
27,4,17.66831199678352
27,5,16.715107266615057
27,6,20.150777736957384
27,7,18.783394589177696
27,8,15.52687501004604
27,9,15.205965770327218
27,10,104.25475105053775
27,12,10.258167267459989
27,13,7.320621744988065
27,14,10.438364332897606
27,15,11.02126769213597
27,16,15.358719758702744
27,17,16.967284253904857
27,18,20.070303044784747
27,19,104.25475105053775
27,20,13.866729896773926
27,21,11.290615572441103
27,22,104.25475105053775
27,23,12.598525013914456
27,24,10.403383108673468
27,25,6.64826494978273
27,26,7.319717648964554
27,27,0.0
27,28,3.8794293021856117
27,29,21.513885092575844
27,30,104.25475105053775
27,31,21.794947023401566
27,32,18.34345550086889
27,33,10.94075141892899
27,34,14.601218228709167
27,35,104.25475105053775
27,37,16.855113441623825
27,38,21.471098751162497
27,39,13.671611761572105
27,40,12.76693543312312
27,41,20.16144921081599
27,42,25.201771962623926
27,43,24.184950199300577
27,44,24.039783128780588
27,45,24.19892902269385
27,46,14.834479360781739
27,47,8.934219719910821
27,48,6.630659343921554
28,0,15.686254714668376
28,1,23.039814511445567
28,2,8.974921724437039
28,3,14.14853580256949
28,4,14.0560525538083
28,5,13.02979413116085
28,6,16.697439324260056
28,7,15.276396282805388
28,8,11.780224345112643
28,9,11.426452021953567
28,10,100.4291149347559
28,12,11.599288458994025
28,13,8.833394386964544
28,14,10.956182271831604
28,15,9.661658198079234
28,16,12.108639769942878
28,17,13.886794492248777
28,18,17.118550211404134
28,19,100.4291149347559
28,20,10.652755320671533
28,21,7.9188616720799905
28,22,100.4291149347559
28,23,8.989072470725997
28,24,7.327452389616611
28,25,4.192640846885479
28,26,3.7115578783251078
28,27,3.8794293021856117
28,28,0.0
28,29,24.279515194396648
28,30,100.4291149347559
28,31,25.571848181037026
28,32,22.169045509487454
28,33,7.5342099868727095
28,34,10.729639230605379
28,35,100.4291149347559
28,37,20.475988550674934
28,38,25.168686641110305
28,39,10.649232820576644
28,40,9.76194985687155
28,41,23.225413079123914
28,42,28.64421327964415
28,43,27.73607118013068
28,44,27.720354981677293
28,45,28.07742598091122
28,46,18.69718716543336
28,47,12.813142542553496
28,48,7.519175334031643
29,0,29.751058482994512
29,1,36.89218105852817
29,2,26.339587153834568
29,3,28.413337567498026
29,4,32.60211906181916
29,5,32.396404541816416
29,6,33.40772388749815
29,7,32.73803052074051
29,8,31.95167778385218
29,9,31.977692183625848
29,10,115.50303413692349
29,12,28.8809563872337
29,13,26.654752443269235
29,14,30.285990384964972
29,15,32.37591291421245
29,16,36.371618415487454
29,17,38.16579858621405
29,18,41.3835227027543
29,19,115.50303413692349
29,20,27.928615851254058
29,21,27.08861810311898
29,22,115.50303413692349
29,23,28.941180751249863
29,24,25.635510409231593
29,25,23.130997576717835
29,26,25.653522518677356
29,27,21.513885092575844
29,28,24.279515194396648
29,29,0.0
29,30,115.50303413692349
29,31,22.04436610727423
29,32,19.398752885084622
29,33,31.777238658879067
29,34,33.43636339513707
29,35,115.50303413692349
29,37,22.419924205468554
29,38,23.39437280073457
29,39,27.03791507835041
29,40,26.509508232279885
29,41,2.8164131928071168
29,42,8.230932484471657
29,43,9.105773552814767
29,44,11.127839234345947
29,45,18.869106358873253
29,46,14.296007786598565
29,47,16.669154115037387
29,48,17.4227258101826
30,0,87.5348801054462
30,1,79.69342228796657
30,2,93.12551920251005
30,3,89.13208806622738
30,4,86.82811696301498
30,5,87.64685941552094
30,6,84.79778102893631
30,7,85.96880730304818
30,8,88.75722938872457
30,9,89.0557294640363
30,10,0.0
30,12,107.70082309295108
30,13,106.62721025592869
30,14,105.44139374139844
30,15,100.32935488889949
30,16,92.24127580616677
30,17,91.82780004592715
30,18,90.42891645144665
30,19,0.0
30,20,91.20594203274592
30,21,93.33893374519751
30,22,0.0
30,23,91.79351191068504
30,24,94.53638563353692
30,25,98.30718808596514
30,26,96.96829010336153
30,27,104.25475105053775
30,28,100.4291149347559
30,29,115.50303413692349
30,30,0.0
30,31,125.97151471419514
30,32,122.59573152583896
30,33,95.06139831514633
30,34,90.0115323203857
30,35,0.0
30,37,120.61371778389751
30,38,125.41407106315752
30,39,91.75650599410429
30,40,92.57722840148683
30,41,116.8162158273625
30,42,123.53347849053361
30,43,123.80224370239047
30,44,125.01562137588152
30,45,128.18619069057817
30,46,118.53028853968753
30,47,113.03207103225486
30,48,102.82800595882941
31,0,39.72617691088031
31,1,47.61796401906287
31,2,33.45299356659094
31,3,38.073781640946684
31,4,39.42871868556034
31,5,38.505418895797916
31,6,41.77103761468218
31,7,40.4649825664455
31,8,37.319810383843226
31,9,36.98847964063542
31,10,125.97151471419514
31,12,19.7511760735062
31,13,19.945830299780674
31,14,22.107610556589055
31,15,26.91079643319547
31,16,34.55682506608306
31,17,35.430165927245135
31,18,37.64856934840638
31,19,125.97151471419514
31,20,35.36206704579099
31,21,32.96759397898934
31,22,125.97151471419514
31,23,34.3759011884177
31,24,31.911456642050993
31,25,28.069565050612916
31,26,29.114168713676015
31,27,21.794947023401566
31,28,25.571848181037026
31,29,22.04436610727423
31,30,125.97151471419514
31,31,0.0
31,32,3.688047928815864
31,33,31.159726504725874
31,34,35.98310351501117
31,35,125.97151471419514
31,37,5.753022391878221
31,38,1.7997201907959441
31,39,34.9846172904068
31,40,34.10369776556705
31,41,19.232159810221955
31,42,17.399523793582073
31,43,15.48105368711362
31,44,13.32425550910892
31,45,5.601367548298173
31,46,9.345286916198834
31,47,13.383704609035133
31,48,24.530940508387676
32,0,36.08135062507942
32,1,43.98430924312081
32,2,29.860387732920433
32,3,34.42929717757841
32,4,35.90934765786606
32,5,35.01643891904863
32,6,38.19627769948234
32,7,36.90945939839289
32,8,33.86149099221598
32,9,33.54857373169896
32,10,122.59573152583896
32,12,17.462005838744385
32,13,17.223033444795043
32,14,19.766521550672056
32,15,24.322520738476385
32,16,31.69762367197982
32,17,32.704978204755406
32,18,35.1046835912908
32,19,122.59573152583896
32,20,31.775107493896208
32,21,29.425424930396165
32,22,122.59573152583896
32,23,30.876006287343202
32,24,28.337053465567266
32,25,24.500843048802725
32,26,25.646480514985107
32,27,18.34345550086889
32,28,22.169045509487454
32,29,19.398752885084622
32,30,122.59573152583896
32,31,3.688047928815864
32,32,0.0
32,33,28.08438623410146
32,34,32.710280397904455
32,35,122.59573152583896
32,37,4.131589746724919
32,38,4.2771172909579835
32,39,31.374195204925467
32,40,30.498588989657332
32,41,16.591643329901597
32,42,15.941294979821983
32,43,14.047344784243851
32,44,12.18562866714459
32,45,6.719301597856874
32,46,5.839431648834741
32,47,9.753472880964942
32,48,20.851265899333335
33,0,16.01393345197525
33,1,21.584532031970095
33,2,10.647212444192064
33,3,14.96015428809756
33,4,12.025922493876049
33,5,10.729880190311397
33,6,15.089627418407408
33,7,13.613290868169326
33,8,9.29714098609887
33,9,8.735075258827562
33,10,95.06139831514633
33,12,13.18644464093012
33,13,11.609877544360785
33,14,11.296030758061224
33,15,6.840604705735885
33,16,4.5977678693808
33,17,6.473676180556338
33,18,9.762933447312628
33,19,95.06139831514633
33,20,11.253791660279823
33,21,8.953303934727092
33,22,95.06139831514633
33,23,8.411051725521899
33,24,9.632397430206273
33,25,9.467968989912421
33,26,6.88850178040133
33,27,10.94075141892899
33,28,7.5342099868727095
33,29,31.777238658879067
33,30,95.06139831514633
33,31,31.159726504725874
33,32,28.08438623410146
33,33,0.0
33,34,5.7227046364312715
33,35,95.06139831514633
33,37,25.6131805757419
33,38,30.426988275456882
33,39,11.891517102553122
33,40,11.325190800161538
33,41,30.759621299331524
33,42,36.099623291391715
33,43,35.120385918339565
33,44,34.96582716671987
33,45,34.43126685000454
33,46,25.483588600214446
33,47,19.504215529404235
33,48,14.640481971207288
34,0,11.650143624359938
34,1,16.141558125586016
34,2,8.33676320057787
34,3,11.019780757352235
34,4,6.8340629868467095
34,5,5.568715217949971
34,6,9.830238213064408
34,7,8.438337739240826
34,8,4.308379867816545
34,9,3.7570621956036074
34,10,90.0115323203857
34,12,18.830516820374935
34,13,17.02537978062113
34,14,17.00618892957341
34,15,12.496963932011822
34,16,6.681587281195184
34,17,8.461364279317015
34,18,11.235731349139403
34,19,90.0115323203857
34,20,7.927822735070048
34,21,6.911087941133779
34,22,90.0115323203857
34,23,5.334706795889705
34,24,8.238664255580243
34,25,10.334802318023987
34,26,7.974089102592799
34,27,14.601218228709167
34,28,10.729639230605379
34,29,33.43636339513707
34,30,90.0115323203857
34,31,35.98310351501117
34,32,32.710280397904455
34,33,5.7227046364312715
34,34,0.0
34,35,90.0115323203857
34,37,30.615746264895265
34,38,35.40647756456598
34,39,8.8564982234348
34,40,8.697589257509106
34,41,32.89195908717868
34,42,38.81419976775671
34,43,38.07911634025269
34,44,38.2481087079764
34,45,38.77148559846095
34,46,29.426555793078684
34,47,23.531940649493336
34,48,16.05769357725077
35,0,87.5348801054462
35,1,79.69342228796657
35,2,93.12551920251005
35,3,89.13208806622738
35,4,86.82811696301498
35,5,87.64685941552094
35,6,84.79778102893631
35,7,85.96880730304818
35,8,88.75722938872457
35,9,89.0557294640363
35,10,0.0
35,12,107.70082309295108
35,13,106.62721025592869
35,14,105.44139374139844
35,15,100.32935488889949
35,16,92.24127580616677
35,17,91.82780004592715
35,18,90.42891645144665
35,19,0.0
35,20,91.20594203274592
35,21,93.33893374519751
35,22,0.0
35,23,91.79351191068504
35,24,94.53638563353692
35,25,98.30718808596514
35,26,96.96829010336153
35,27,104.25475105053775
35,28,100.4291149347559
35,29,115.50303413692349
35,30,0.0
35,31,125.97151471419514
35,32,122.59573152583896
35,33,95.06139831514633
35,34,90.0115323203857
35,35,0.0
35,37,120.61371778389751
35,38,125.41407106315752
