source_id,target_id,rtt
0,0,0.0
0,1,7.930792757625073
0,2,6.839616340333814
0,3,1.6524140402569039
0,4,5.351777575719396
0,5,6.6506192438336145
0,6,8.415723795383242
0,7,9.914286816869549
0,8,8.095701323796218
0,9,8.668739849378786
0,10,97.72446931341509
0,12,30.13713668727712
0,13,27.196882174648216
0,14,28.302809235003977
0,15,32.61347749442174
0,16,22.001582977587148
0,17,24.017769223414838
0,18,27.16674855551898
0,19,117.59566500696563
0,20,6.171089574285507
0,21,8.96234981115689
0,22,92.17989453873437
0,23,10.815585536171458
0,24,10.415513410957653
0,25,14.258785416347576
0,26,16.89680832312323
0,27,20.907050366130306
0,28,20.608366201448337
0,29,35.09952142924842
0,30,164.7545063408621
0,31,43.28279089582193
0,32,39.59474296700607
0,33,17.40381510820635
0,34,12.425802044982394
0,35,169.2543056100171
0,37,43.72633271373099
0,38,45.08251108661788
0,39,5.1652264471754155
0,40,6.070005259807015
0,41,32.2831082364413
0,42,39.031280995000834
0,43,40.95226263847163
0,44,43.28730173420596
0,45,44.14680268460252
0,46,35.82072467605862
0,47,29.841270086041128
0,48,19.107617742262605
1,0,7.930792757625073
1,1,0.0
1,2,14.770409097958888
1,3,9.583206797881978
1,4,13.28257033334447
1,5,14.581412001458688
1,6,16.346516553008318
1,7,17.845079574494626
1,8,16.02649408142129
1,9,16.59953260700386
1,10,105.65526207104017
1,12,38.0679294449022
1,13,35.127674932273294
1,14,36.23360199262905
1,15,40.544270252046815
1,16,29.932375735212222
1,17,31.948561981039912
1,18,35.09754131314405
1,19,125.5264577645907
1,20,14.10188233191058
1,21,16.893142568781965
1,22,100.11068729635944
1,23,18.746378293796532
1,24,18.34630616858273
1,25,22.18957817397265
1,26,24.827601080748302
1,27,28.83784312375538
1,28,28.53915895907341
1,29,43.03031418687349
1,30,172.68529909848718
1,31,51.21358365344701
1,32,47.52553572463115
1,33,25.334607865831423
1,34,20.356594802607468
1,35,177.18509836764218
1,37,51.65712547135607
1,38,53.013303844242955
1,39,13.09601920480049
1,40,14.00079801743209
1,41,40.21390099406637
1,42,46.962073752625905
1,43,48.8830553960967
1,44,51.21809449183103
1,45,52.0775954422276
1,46,43.751517433683695
1,47,37.772062843666205
1,48,27.038410499887675
2,0,6.839616340333814
2,1,14.770409097958888
2,2,0.0
2,3,5.18720230007691
2,4,9.078251688995218
2,5,7.779410020881
2,6,9.429297507263804
2,7,7.930734485777496
2,8,6.334327940918396
2,9,5.7612894153358285
2,10,94.81701887937213
2,12,26.646300133260105
2,13,23.7060456206312
2,14,25.395358800961016
2,15,29.70602706037878
2,16,19.09413254354419
2,17,21.11031878937188
2,18,24.25929812147602
2,19,114.68821457292267
2,20,2.6802530202684904
2,21,5.471513257139873
2,22,95.90636865201019
2,23,7.324748982154441
2,24,6.924676856940636
2,25,10.76794886233056
2,26,13.405971769106213
2,27,17.41621381211329
2,28,17.117529647431322
2,29,31.608684875231397
2,30,161.26366978684507
2,31,39.79195434180492
2,32,36.103906412989055
2,33,14.496364674163392
2,34,9.518351610939437
2,35,165.76346905600008
2,37,40.235496159713975
2,38,41.59167453260086
2,39,1.6743898931583987
2,40,2.579168705789998
2,41,28.792271682424282
2,42,35.54044444098382
2,43,37.461426084454615
2,44,39.796465180188946
2,45,40.655966130585504
2,46,32.3298881220416
2,47,26.350433532024113
2,48,15.616781188245586
3,0,1.6524140402569039
3,1,9.583206797881978
3,2,5.18720230007691
3,3,0.0
3,4,7.0041916159763
3,5,8.303033284090517
3,6,10.068137835640146
3,7,9.769156999537609
3,8,9.748115364053122
3,9,10.32115388963569
3,10,99.376883353672
3,12,28.48472264702022
3,13,25.544468134391316
3,14,29.178159217711766
3,15,34.265891534678644
3,16,23.653997017844052
3,17,25.670183263671742
3,18,28.81916259577588
3,19,119.24807904722255
3,20,4.518675534028604
3,21,7.309935770899986
3,22,93.83230857899127
3,23,9.163171495914554
3,24,8.763099370700749
3,25,12.606371376090673
3,26,15.244394282866326
3,27,19.254636325873403
3,28,18.955952161191433
3,29,33.44710738899151
3,30,163.1020923006052
3,31,41.63037685556503
3,32,37.94232892674917
3,33,19.056229148463252
3,34,14.078216085239298
3,35,167.6018915697602
3,37,42.07391867347409
3,38,43.43009704636098
3,39,3.5128124069185116
3,40,4.417591219550111
3,41,30.630694196184393
3,42,37.37886695474393
3,43,39.29984859821472
3,44,41.634887693949054
3,45,42.49438864434562
3,46,34.16831063580172
3,47,28.188856045784227
3,48,17.455203702005697
4,0,5.351777575719396
4,1,13.28257033334447
4,2,9.078251688995218
4,3,7.0041916159763
4,4,0.0
4,5,1.2988416681142185
4,6,3.0639462196638463
4,7,4.5625092411501535
4,8,2.7439237480768224
4,9,3.31696227365939
4,10,92.37269173769569
4,12,25.04229321780949
4,13,22.102038705180583
4,14,22.951031659284578
4,15,27.26169991870234
4,16,16.649805401867752
4,17,18.665991647695442
4,18,21.814970979799583
4,19,112.24388743124624
4,20,9.30219872837878
4,21,6.510938491507398
4,22,86.82811696301498
4,23,6.383296321443121
4,24,7.964102091308161
4,25,11.479149278444435
4,26,14.117172185220088
4,27,18.127414228227167
4,28,17.828730063545194
4,29,40.24235683756187
4,30,163.21858601664508
4,31,40.30544191429481
4,32,36.81510682910293
4,33,12.052037532486953
4,34,7.074024469262998
4,35,166.27695662848996
4,37,39.3072707534716
4,38,42.105162105090756
4,39,10.308061855488873
4,40,11.212840668120473
4,41,37.42594364475475
4,42,41.3373239577254
4,43,39.41634231425461
4,44,41.75138140998894
4,45,41.36543276696387
4,46,33.04108853815548
4,47,27.061633948137988
4,48,16.65620642261311
5,0,6.6506192438336145
5,1,14.581412001458688
5,2,7.779410020881
5,3,8.303033284090517
5,4,1.2988416681142185
5,5,0.0
5,6,4.362787887778065
5,7,5.861350909264373
5,8,1.445082079962604
5,9,2.018120605545172
5,10,91.07385006958148
5,12,24.015248130777227
5,13,21.0770017513479
5,14,21.65218999117036
5,15,25.962858250588123
5,16,15.350963733753535
5,17,17.367149979581225
5,18,20.51612931168536
5,19,110.94504576313201
5,20,9.728950615214853
5,21,6.93769037834347
5,22,88.1269586311292
5,23,5.084454653328902
5,24,8.390853978144232
5,25,11.600213137223967
5,26,14.23823604399962
5,27,17.22408637587239
5,28,17.94979392232473
5,29,39.3880948961124
5,30,163.3396498754246
5,31,39.00660024618059
5,32,35.91177897674815
5,33,10.753195864372735
5,34,5.775182801148779
5,35,164.97811496037573
5,37,38.00842908535738
5,38,40.806320436976534
5,39,9.453799914039399
5,40,10.358578726670999
5,41,36.57168170330528
5,42,41.45838781650494
5,43,39.53740617303414
5,44,41.87244526876847
5,45,41.27807386183843
5,46,32.1377606858007
5,47,26.15830609578321
5,48,17.082958309449182
6,0,8.415723795383242
6,1,16.346516553008318
6,2,9.429297507263804
6,3,10.068137835640146
6,4,3.0639462196638463
6,5,4.362787887778065
6,6,0.0
6,7,1.4985630214863075
6,8,5.807869967740669
6,9,6.35470794329617
6,10,95.41043740733248
6,12,28.106239437473338
6,13,25.16598492484443
6,14,25.98877732892136
6,15,30.299445588339122
6,16,19.687551071504533
6,17,21.703737317332223
6,18,24.85271664943636
6,19,115.28163310088303
6,20,6.749044486995313
6,21,9.540304723866695
6,22,89.89206318267883
6,23,9.4210419910799
6,24,10.993468323667459
6,25,14.543095498108281
6,26,17.181118404883936
6,27,21.19136044789101
6,28,20.892676283209042
6,29,37.689202596178404
6,30,166.28253223630892
6,31,43.34318758393159
6,32,39.87905304876678
6,33,15.089783202123733
6,34,10.111770138899779
6,35,169.31470229812672
6,37,42.345016423108376
6,38,45.14290777472753
6,39,7.754907614105405
6,40,8.659686426737004
6,41,34.872789403371286
6,42,41.62096216193082
6,43,42.480288533918454
6,44,44.815327629652785
6,45,44.42937898662772
6,46,36.105034757819325
6,47,30.125580167801832
6,48,19.68557265497241
7,0,9.914286816869549
7,1,17.845079574494626
7,2,7.930734485777496
7,3,9.769156999537609
7,4,4.5625092411501535
7,5,5.861350909264373
7,6,1.4985630214863075
7,7,0.0
7,8,7.306432989226977
7,9,7.853270964782478
7,10,96.90900042881879
7,12,29.216528578500622
7,13,26.276274065871718
7,14,27.487340350407667
7,15,31.798008609825427
7,16,21.186114092990838
7,17,23.202300338818528
7,18,26.351279670922665
7,19,116.78019612236932
7,20,5.250481465509005
7,21,8.041741702380389
7,22,91.39062620416513
7,23,9.894977427394956
7,24,9.494905302181152
7,25,13.338177307571076
7,26,15.97620021434673
7,27,19.986442257353808
7,28,19.687758092671835
7,29,36.1906395746921
7,30,165.07761404577172
7,31,42.362182787045434
7,32,38.67413485822957
7,33,16.58834622361004
7,34,11.610333160386086
7,35,168.33369750124058
7,37,42.80572460495449
7,38,44.16190297784138
7,39,6.256344592619097
7,40,7.161123405250697
7,41,33.37422638188498
7,42,40.122399140444514
7,43,41.275370343381255
7,44,43.610409439115585
7,45,43.22619457582603
7,46,34.90011656728212
7,47,28.92066197726463
7,48,18.187009633486102
8,0,8.095701323796218
8,1,16.02649408142129
8,2,6.334327940918396
8,3,9.748115364053122
8,4,2.7439237480768224
8,5,1.445082079962604
8,6,5.807869967740669
8,7,7.306432989226977
8,8,0.0
8,9,0.5730385255825676
8,10,89.62876798961886
8,12,22.570166050814624
8,13,19.631919671385297
8,14,20.207107911207757
8,15,24.517776170625517
8,16,13.905881653790932
8,17,15.92206789961862
8,18,19.07104723172276
8,19,109.49996368316941
8,20,8.283868535252248
8,21,5.4926082983808655
8,22,89.5720407110918
8,23,3.639372573366298
8,24,6.945771898181629
8,25,10.155131057261363
8,26,12.793153964037018
8,27,15.779004295909786
8,28,16.504711842362127
8,29,37.943012816149796
8,30,161.89456779546202
8,31,37.56151816621799
8,32,34.46669689678555
8,33,9.30811378441013
8,34,4.3301007211861755
8,35,163.53303288041312
8,37,36.563347005394775
8,38,39.36123835701393
8,39,8.008717834076794
8,40,8.913496646708394
8,41,35.12659962334268
8,42,40.013305736542335
8,43,38.09232409307154
8,44,40.42736318880587
8,45,39.832991781875826
8,46,30.6926786058381
8,47,24.713224015820607
8,48,15.63787622948658
9,0,8.668739849378786
9,1,16.59953260700386
9,2,5.7612894153358285
9,3,10.32115388963569
9,4,3.31696227365939
9,5,2.018120605545172
9,6,6.35470794329617
9,7,7.853270964782478
9,8,0.5730385255825676
9,9,0.0
9,10,89.0557294640363
9,12,21.997127525232056
9,13,19.05888114580273
9,14,19.63406938562519
9,15,23.94473764504295
9,16,13.332843128208363
9,17,15.349029374036052
9,18,18.49800870614019
9,19,108.92692515758685
9,20,7.710830009669681
9,21,4.919569772798298
9,22,90.14507923667436
9,23,3.06633404778373
9,24,6.372733372599061
9,25,9.582092531678795
9,26,12.22011543845445
9,27,15.205965770327218
9,28,15.931673316779557
9,29,37.36997429056723
9,30,161.32152926987945
9,31,36.98847964063542
9,32,33.89365837120298
9,33,8.735075258827562
9,34,3.7570621956036074
9,35,162.95999435483054
9,37,35.99030847981221
9,38,38.78819983143136
9,39,7.435679308494227
9,40,8.340458121125826
9,41,34.55356109776011
9,42,39.44026721095977
9,43,37.51928556748897
9,44,39.8543246632233
9,45,39.25995325629326
9,46,30.119640080255532
9,47,24.14018549023804
9,48,15.064837703904011
10,0,97.72446931341509
10,1,105.65526207104017
10,2,94.81701887937213
10,3,99.376883353672
10,4,92.37269173769569
10,5,91.07385006958148
10,6,95.41043740733248
10,7,96.90900042881879
10,8,89.62876798961886
10,9,89.0557294640363
10,10,0.0
10,12,111.05285698926835
10,13,108.11461060983903
10,14,108.68979884966149
10,15,113.00046710907925
10,16,102.38857259224467
10,17,104.40475883807235
10,18,107.5537381701765
10,19,197.98265462162317
10,20,96.76655947370598
10,21,93.9752992368346
10,22,179.20080870071067
10,23,92.12206351182003
10,24,95.42846283663536
10,25,98.6378219957151
10,26,101.27584490249076
10,27,104.26169523436351
10,28,104.98740278081587
10,29,126.42570375460353
10,30,250.37725873391577
10,31,126.04420910467172
10,32,122.94938783523929
10,33,97.79080472286387
10,34,92.81279165963991
10,35,252.01572381886686
10,37,125.0460379438485
10,38,127.84392929546766
10,39,96.49140877253053
10,40,97.39618758516214
10,41,123.60929056179641
10,42,128.49599667499606
10,43,126.57501503152528
10,44,128.9100541272596
10,45,128.31568272032956
10,46,119.17536954429184
10,47,113.19591495427434
10,48,104.12056716794031
12,0,30.13713668727712
12,1,38.0679294449022
12,2,26.646300133260105
12,3,28.48472264702022
12,4,25.04229321780949
12,5,24.015248130777227
12,6,28.106239437473338
12,7,29.216528578500622
12,8,22.570166050814624
12,9,21.997127525232056
12,10,111.05285698926835
12,12,0.0
12,13,2.9402545126289064
12,14,2.3630581396068657
12,15,7.475929994008817
12,16,18.087824510843404
12,17,16.071638265015714
12,18,17.947247060100242
12,19,108.37616351154689
12,20,23.966047112991617
12,21,21.174786876120233
12,22,111.87041018082448
12,23,23.0280226011348
12,24,19.72162327631947
12,25,15.878351270929548
12,26,17.85186343812769
12,27,10.260876257616971
12,28,14.140305559802583
12,29,41.49668189414503
12,30,153.81335800169805
12,31,22.88608481240958
12,32,22.850886980518805
12,33,14.55013205698969
12,34,20.272836693420963
12,35,148.85759952660473
12,37,18.719297233793885
12,38,23.533114861905467
12,39,24.971910240101707
12,40,25.876689052733305
12,41,38.68026870133791
12,42,31.932095942778375
12,43,30.01111429930758
12,44,32.34615339504191
12,45,26.804972967103993
12,46,25.174550567545285
12,47,19.195095977527792
12,48,21.602408194044905
13,0,27.196882174648216
13,1,35.127674932273294
13,2,23.7060456206312
13,3,25.544468134391316
13,4,22.102038705180583
13,5,21.0770017513479
13,6,25.16598492484443
13,7,26.276274065871718
13,8,19.631919671385297
13,9,19.05888114580273
13,10,108.11461060983903
13,12,2.9402545126289064
13,13,0.0
13,14,3.6336910833204548
13,15,8.746562937722405
13,16,16.207645413741584
13,17,17.342271208729304
13,18,19.21788000381383
13,19,109.64679645526049
13,20,21.02579260036271
13,21,18.23453236349133
13,22,108.93015566819557
13,23,20.087768088505896
13,24,16.781368763690566
13,25,12.938096758300642
13,26,14.911608925498784
13,27,7.320621744988065
13,28,11.200051047173677
13,29,38.556427381516116
13,30,150.87310348906914
13,31,19.945830299780674
13,32,23.633878228596537
13,33,11.609877544360785
13,34,17.332582180792055
13,35,145.91734501397582
13,37,19.98993017750747
13,38,21.74555049057662
13,39,22.031655727472803
13,40,22.9364345401044
13,41,35.740014188709
13,42,28.991841430149467
13,43,27.07085978667867
13,44,29.405898882413
13,45,23.864718454475085
13,46,22.23429605491638
13,47,16.254841464898888
13,48,18.662153681416
14,0,28.302809235003977
14,1,36.23360199262905
14,2,25.395358800961016
14,3,29.178159217711766
14,4,22.951031659284578
14,5,21.65218999117036
14,6,25.98877732892136
14,7,27.487340350407667
14,8,20.207107911207757
14,9,19.63406938562519
14,10,108.68979884966149
14,12,2.3630581396068657
14,13,3.6336910833204548
14,14,0.0
14,15,5.112871854401951
14,16,15.724766371236539
14,17,13.70858012540885
14,18,15.584188920493375
14,19,106.01310537194003
14,20,24.659483683683163
14,21,21.868223446811783
14,22,109.77914862229954
14,23,22.70040343340892
14,24,20.41505984701102
14,25,16.571787841621095
14,26,18.54530000881924
14,27,10.95431282830852
14,28,14.833742130494132
14,29,42.19011846483657
14,30,154.5067945723896
14,31,22.969776913094545
14,32,20.487828840911938
14,33,15.24356862768124
14,34,20.966273264112512
14,35,148.94129162728967
14,37,16.356239094187018
14,38,21.1700567222986
14,39,25.665346810793256
14,40,26.570125623424854
14,41,39.373705272029454
14,42,32.62553251346992
14,43,30.704550869999125
14,44,33.039589965733455
14,45,27.49840953779554
14,46,25.867987138236835
14,47,19.88853254821934
14,48,22.29584476473645
15,0,32.61347749442174
15,1,40.544270252046815
15,2,29.70602706037878
15,3,34.265891534678644
15,4,27.26169991870234
15,5,25.962858250588123
15,6,30.299445588339122
15,7,31.798008609825427
15,8,24.517776170625517
15,9,23.94473764504295
15,10,113.00046710907925
15,12,7.475929994008817
15,13,8.746562937722405
15,14,5.112871854401951
15,15,0.0
15,16,10.611894516834587
15,17,8.595708271006899
15,18,10.782164159627593
15,19,101.21108061107425
15,20,29.772355538085115
15,21,26.981095301213735
15,22,114.08981688171731
15,23,27.011071692826683
15,24,25.52793170141297
15,25,21.684659696023047
15,26,23.65817186322119
15,27,16.067184682710472
15,28,19.946613984896082
15,29,47.302990319238525
15,30,159.61966642679155
15,31,28.082648767496497
15,32,25.60070069531389
15,33,15.209662386215388
15,34,20.93236702264666
15,35,154.05416348169163
15,37,21.46911094858897
15,38,26.282928576700552
15,39,30.778218665195208
15,40,31.682997477826806
15,41,44.486577126431406
15,42,37.73840436787187
15,43,35.81742272440108
15,44,38.15246182013541
15,45,32.61128139219749
15,46,30.980858992638787
15,47,25.001404402621294
15,48,27.408716619138403
16,0,22.001582977587148
16,1,29.932375735212222
16,2,19.09413254354419
16,3,23.653997017844052
16,4,16.649805401867752
16,5,15.350963733753535
16,6,19.687551071504533
16,7,21.186114092990838
16,8,13.905881653790932
16,9,13.332843128208363
16,10,102.38857259224467
16,12,18.087824510843404
16,13,16.207645413741584
16,14,15.724766371236539
16,15,10.611894516834587
16,16,0.0
16,17,2.0161862458276887
16,18,5.311806901853062
16,19,95.74072335329971
16,20,21.04367313787804
16,21,18.25241290100666
16,22,103.47792236488273
16,23,16.399177175992094
16,24,17.909008864683145
16,25,14.06573685929322
16,26,16.703759766068874
16,27,20.71400180907595
16,28,20.415317644393983
16,29,50.702817418775595
16,30,165.80517359749388
16,31,36.15347571352226
16,32,36.21259521214848
16,33,4.5977678693808
16,34,10.320472505812072
16,35,162.1249904277174
16,37,32.08100546542356
16,38,36.89482309353514
16,39,20.76852243670259
16,40,21.673301249334187
16,41,47.88640422596848
16,42,43.923911538574195
16,43,42.0029298951034
16,44,44.33796899083773
16,45,40.07236386821667
16,46,35.62767611900426
16,47,29.64822152898677
16,48,19.78979378240858
17,0,24.017769223414838
17,1,31.948561981039912
17,2,21.11031878937188
17,3,25.670183263671742
17,4,18.665991647695442
17,5,17.367149979581225
17,6,21.703737317332223
17,7,23.202300338818528
17,8,15.92206789961862
17,9,15.349029374036052
17,10,104.40475883807235
17,12,16.071638265015714
17,13,17.342271208729304
17,14,13.70858012540885
17,15,8.595708271006899
17,16,2.0161862458276887
17,17,0.0
17,18,3.2956206560253736
17,19,93.72453710747203
17,20,23.05985938370573
17,21,20.26859914683435
17,22,105.49410861071041
17,23,18.415363421819784
17,24,19.925195110510835
17,25,16.08192310512091
17,26,18.719946011896564
17,27,22.73018805490364
17,28,22.43150389022167
17,29,52.71900366460328
17,30,167.82135984332155
17,31,36.6783570385034
17,32,34.19640896632079
17,33,6.6139541152084895
17,34,12.33665875163976
17,35,162.64987175269852
17,37,30.06481921959587
17,38,34.878636847707455
17,39,22.78470868253028
17,40,23.689487495161877
17,41,49.90259047179616
17,42,45.940097784401885
17,43,44.01911614093109
17,44,46.35415523666542
17,45,41.20698966320439
17,46,37.64386236483195
17,47,31.66440777481446
17,48,21.80598002823627
18,0,27.16674855551898
18,1,35.09754131314405
18,2,24.25929812147602
18,3,28.81916259577588
18,4,21.814970979799583
18,5,20.51612931168536
18,6,24.85271664943636
18,7,26.351279670922665
18,8,19.07104723172276
18,9,18.49800870614019
18,10,107.5537381701765
18,12,17.947247060100242
18,13,19.21788000381383
18,14,15.584188920493375
18,15,10.782164159627593
18,16,5.311806901853062
18,17,3.2956206560253736
18,18,0.0
18,19,90.42891645144665
18,20,26.20883871580987
18,21,23.417578478938488
18,22,108.64308794281456
18,23,21.56434275392392
18,24,23.074174442614975
18,25,19.230902437225048
18,26,21.8689253440007
18,27,25.879167387007776
18,28,25.58048322232581
18,29,55.867982996707426
18,30,170.09098349288297
18,31,38.55396583358792
18,32,36.07201776140531
18,33,9.762933447312628
18,34,15.4856380837439
18,35,164.52548054778305
18,37,31.940428014680393
18,38,36.75424564279197
18,39,25.93368801463442
18,40,26.838466827266018
18,41,53.05156980390031
18,42,48.209721433963296
18,43,46.2887397904925
18,44,48.62377888622683
18,45,43.08259845828891
18,46,40.79284169693609
18,47,34.8133871069186
18,48,24.954959360340407
19,0,117.59566500696563
19,1,125.5264577645907
19,2,114.68821457292267
19,3,119.24807904722255
19,4,112.24388743124624
19,5,110.94504576313201
19,6,115.28163310088303
19,7,116.78019612236932
19,8,109.49996368316941
19,9,108.92692515758685
19,10,197.98265462162317
19,12,108.37616351154689
19,13,109.64679645526049
19,14,106.01310537194003
19,15,101.21108061107425
19,16,95.74072335329971
19,17,93.72453710747203
19,18,90.42891645144665
19,19,0.0
19,20,116.63775516725653
19,21,113.84649493038515
19,22,199.07200439426123
19,23,111.99325920537058
19,24,113.50309089406163
19,25,109.65981888867171
19,26,112.29784179544737
19,27,116.30808383845444
19,28,116.00939967377246
19,29,146.29689944815408
19,30,260.5198999443296
19,31,128.98288228503458
19,32,126.50093421285196
19,33,100.19184989875929
19,34,105.91455453519056
19,35,254.9543969992297
19,37,122.36934446612705
19,38,127.18316209423863
19,39,116.36260446608108
19,40,117.26738327871269
19,41,143.48048625534696
19,42,138.63863788540993
19,43,136.71765624193915
19,44,139.05269533767347
19,45,133.51151490973558
19,46,131.22175814838275
19,47,125.24230355836525
19,48,115.38387581178706
20,0,6.171089574285507
20,1,14.10188233191058
20,2,2.6802530202684904
20,3,4.518675534028604
20,4,9.30219872837878
20,5,9.728950615214853
20,6,6.749044486995313
20,7,5.250481465509005
20,8,8.283868535252248
20,9,7.710830009669681
20,10,96.76655947370598
20,12,23.966047112991617
20,13,21.02579260036271
20,14,24.659483683683163
20,15,29.772355538085115
20,16,21.04367313787804
20,17,23.05985938370573
20,18,26.20883871580987
20,19,116.63775516725653
20,20,0.0
20,21,2.7912602368713824
20,22,96.13031569139376
20,23,4.6444959618859505
20,24,4.244423836672145
20,25,8.087695842062068
20,26,10.725718748837721
20,27,14.735960791844798
20,28,14.437276627162829
20,29,30.940158109183095
20,30,159.8271325802627
20,31,37.11170132153642
20,32,33.42365339272056
20,33,16.445905268497242
20,34,11.467892205273287
20,35,163.0832160357316
20,37,37.55524313944548
20,38,38.91142151233237
20,39,1.005863127110092
20,40,1.9106419397416912
20,41,28.123744916375976
20,42,34.87191767493551
20,43,36.02488887787224
20,44,38.359927973606574
20,45,37.97571311031702
20,46,29.64963510177311
20,47,23.670180511755618
20,48,12.936528167977096
21,0,8.96234981115689
21,1,16.893142568781965
21,2,5.471513257139873
21,3,7.309935770899986
21,4,6.510938491507398
21,5,6.93769037834347
21,6,9.540304723866695
21,7,8.041741702380389
21,8,5.4926082983808655
21,9,4.919569772798298
21,10,93.9752992368346
21,12,21.174786876120233
21,13,18.23453236349133
21,14,21.868223446811783
21,15,26.981095301213735
21,16,18.25241290100666
21,17,20.26859914683435
21,18,23.417578478938488
21,19,113.84649493038515
21,20,2.7912602368713824
21,21,0.0
21,22,93.33905545452238
21,23,1.8532357250145681
21,24,1.453163599800763
21,25,5.296435605190687
21,26,7.934458511966341
21,27,11.944700554973416
21,28,11.646016390291448
21,29,33.731418346054475
21,30,157.03587234339133
21,31,34.32044108466504
21,32,30.63239315584918
21,33,13.654645031625861
21,34,8.676631968401907
21,35,160.29195579886022
21,37,34.7639829025741
21,38,36.12016127546099
21,39,3.7971233639814743
21,40,4.701902176613074
21,41,30.915005153247357
21,42,35.15461028447166
21,43,33.23362864100086
21,44,35.56866773673519
21,45,35.184452873445636
21,46,26.85837486490173
21,47,20.878920274884237
21,48,10.145267931105714
22,0,92.17989453873437
22,1,100.11068729635944
22,2,95.90636865201019
22,3,93.83230857899127
22,4,86.82811696301498
22,5,88.1269586311292
22,6,89.89206318267883
22,7,91.39062620416513
22,8,89.5720407110918
22,9,90.14507923667436
22,10,179.20080870071067
22,12,111.87041018082448
22,13,108.93015566819557
22,14,109.77914862229954
22,15,114.08981688171731
22,16,103.47792236488273
22,17,105.49410861071041
22,18,108.64308794281456
22,19,199.07200439426123
22,20,96.13031569139376
22,21,93.33905545452238
22,22,0.0
22,23,93.21141328445809
22,24,94.79221905432314
22,25,98.30726624145942
22,26,100.94528914823508
22,27,104.95553119124214
22,28,104.65684702656019
22,29,127.07047380057685
22,30,250.04670297966004
22,31,127.13355887730978
22,32,123.64322379211791
22,33,98.88015449550193
22,34,93.90214143227797
22,35,253.10507359150492
22,37,126.13538771648656
22,38,128.93327906810572
22,39,97.13617881850385
22,40,98.04095763113546
22,41,124.25406060776973
22,42,128.16544092074037
22,43,126.24445927726958
22,44,128.5794983730039
22,45,128.19354972997886
22,46,119.86920550117046
22,47,113.88975091115296
22,48,103.4843233856281
23,0,10.815585536171458
23,1,18.746378293796532
23,2,7.324748982154441
23,3,9.163171495914554
23,4,6.383296321443121
23,5,5.084454653328902
23,6,9.4210419910799
23,7,9.894977427394956
23,8,3.639372573366298
23,9,3.06633404778373
23,10,92.12206351182003
23,12,23.0280226011348
23,13,20.087768088505896
23,14,22.70040343340892
23,15,27.011071692826683
23,16,16.399177175992094
23,17,18.415363421819784
23,18,21.56434275392392
23,19,111.99325920537058
23,20,4.6444959618859505
23,21,1.8532357250145681
23,22,93.21141328445809
23,23,0.0
23,24,3.306399324815331
23,25,7.149671330205255
23,26,9.787694236980908
23,27,13.797936279987985
23,28,13.499252115306016
23,29,35.584654071069046
23,30,158.8891080684059
23,31,36.17367680967961
23,32,32.48562888086375
23,33,11.801409306611292
23,34,6.823396243387338
23,35,162.14519152387476
23,37,36.61721862758867
23,38,37.97339700047556
23,39,5.6503590889960424
23,40,6.555137901627642
23,41,32.76824087826193
23,42,37.00784600948623
23,43,35.08686436601543
23,44,37.421903461749764
23,45,37.03768859846021
23,46,28.7116105899163
23,47,22.732155999898808
23,48,11.998503656120281
24,0,10.415513410957653
24,1,18.34630616858273
24,2,6.924676856940636
24,3,8.763099370700749
24,4,7.964102091308161
24,5,8.390853978144232
24,6,10.993468323667459
24,7,9.494905302181152
24,8,6.945771898181629
24,9,6.372733372599061
24,10,95.42846283663536
24,12,19.72162327631947
24,13,16.781368763690566
24,14,20.41505984701102
24,15,25.52793170141297
24,16,17.909008864683145
24,17,19.925195110510835
24,18,23.074174442614975
24,19,113.50309089406163
24,20,4.244423836672145
24,21,1.453163599800763
24,22,94.79221905432314
24,23,3.306399324815331
24,24,0.0
24,25,3.8432720053899234
24,26,6.481294912165577
24,27,10.491536955172654
24,28,10.192852790490685
24,29,35.18458194585524
24,30,155.58270874359056
24,31,32.86727748486428
24,32,29.17922955604842
24,33,13.311240995302345
24,34,10.129795568202669
24,35,158.83879219905944
24,37,33.31081930277334
24,38,34.66699767566023
24,39,5.250286963782237
24,40,6.155065776413837
24,41,32.368168753048124
24,42,33.70144668467089
24,43,31.7804650412001
24,44,34.115504136934426
24,45,33.73128927364487
24,46,25.40521126510097
24,47,19.425756675083477
24,48,9.567328928505281
25,0,14.258785416347576
25,1,22.18957817397265
25,2,10.76794886233056
25,3,12.606371376090673
25,4,11.479149278444435
25,5,11.600213137223967
25,6,14.543095498108281
25,7,13.338177307571076
25,8,10.155131057261363
25,9,9.582092531678795
25,10,98.6378219957151
25,12,15.878351270929548
25,13,12.938096758300642
25,14,16.571787841621095
25,15,21.684659696023047
25,16,14.06573685929322
25,17,16.08192310512091
25,18,19.230902437225048
25,19,109.65981888867171
25,20,8.087695842062068
25,21,5.296435605190687
25,22,98.30726624145942
25,23,7.149671330205255
25,24,3.8432720053899234
25,25,0.0
25,26,2.638022906775654
25,27,6.64826494978273
25,28,6.349580785100762
25,29,39.02785395124516
25,30,151.73943673820065
25,31,29.024005479474358
25,32,25.33595755065849
25,33,9.467968989912421
25,34,13.339154727282402
25,35,154.9955201936695
25,37,29.467547297383412
25,38,30.8237256702703
25,39,9.093558969172161
25,40,9.99833778180376
25,41,36.211440758438044
25,42,29.85817467928097
25,43,27.937193035810175
25,44,30.272232131544502
25,45,29.88801726825495
25,46,21.561939259711043
25,47,15.582484669693551
25,48,5.7240569231153575
26,0,16.89680832312323
26,1,24.827601080748302
26,2,13.405971769106213
26,3,15.244394282866326
26,4,14.117172185220088
26,5,14.23823604399962
26,6,17.181118404883936
26,7,15.97620021434673
26,8,12.793153964037018
26,9,12.22011543845445
26,10,101.27584490249076
26,12,17.85186343812769
26,13,14.911608925498784
26,14,18.54530000881924
26,15,23.65817186322119
26,16,16.703759766068874
26,17,18.719946011896564
26,18,21.8689253440007
26,19,112.29784179544737
26,20,10.725718748837721
26,21,7.934458511966341
26,22,100.94528914823508
26,23,9.787694236980908
26,24,6.481294912165577
26,25,2.638022906775654
26,26,0.0
26,27,7.590987180510719
26,28,3.7115578783251078
26,29,41.665876858020816
26,30,154.37745964497628
26,31,29.96672771020235
26,32,26.278679781386483
26,33,12.105991896688074
26,34,15.977177634058055
26,35,155.93824242439752
26,37,30.410269528111403
26,38,31.76644790099829
26,39,11.731581875947814
26,40,12.636360688579414
26,41,38.8494636652137
26,42,32.496197586056624
26,43,30.575215942585828
26,44,32.91025503832016
26,45,31.78991620320457
26,46,22.504661490439034
26,47,16.52520690042154
26,48,8.362079829891012
27,0,20.907050366130306
27,1,28.83784312375538
27,2,17.41621381211329
27,3,19.254636325873403
27,4,18.127414228227167
27,5,17.22408637587239
27,6,21.19136044789101
27,7,19.986442257353808
27,8,15.779004295909786
27,9,15.205965770327218
27,10,104.26169523436351
27,12,10.260876257616971
27,13,7.320621744988065
27,14,10.95431282830852
27,15,16.067184682710472
27,16,20.71400180907595
27,17,22.73018805490364
27,18,25.879167387007776
27,19,116.30808383845444
27,20,14.735960791844798
27,21,11.944700554973416
27,22,104.95553119124214
27,23,13.797936279987985
27,24,10.491536955172654
27,25,6.64826494978273
27,26,7.590987180510719
27,27,0.0
27,28,3.8794293021856117
27,29,35.67051779413802
27,30,147.98719390169106
27,31,22.375740529691626
27,32,18.687692600875764
27,33,16.11623393969515
27,34,18.963027965930827
27,35,148.3472552438868
27,37,22.819282347600684
27,38,24.17546072048757
27,39,15.741823918954891
27,40,16.64660273158649
27,41,32.8541046013309
27,42,26.105931842771373
27,43,24.184950199300577
27,44,26.519989295034904
27,45,24.19892902269385
27,46,14.913674309928314
27,47,8.934219719910821
27,48,12.372321872898087
28,0,20.608366201448337
28,1,28.53915895907341
28,2,17.117529647431322
28,3,18.955952161191433
28,4,17.828730063545194
28,5,17.94979392232473
28,6,20.892676283209042
28,7,19.687758092671835
28,8,16.504711842362127
28,9,15.931673316779557
28,10,104.98740278081587
28,12,14.140305559802583
28,13,11.200051047173677
28,14,14.833742130494132
28,15,19.946613984896082
28,16,20.415317644393983
28,17,22.43150389022167
28,18,25.58048322232581
28,19,116.00939967377246
28,20,14.437276627162829
28,21,11.646016390291448
28,22,104.65684702656019
28,23,13.499252115306016
28,24,10.192852790490685
28,25,6.349580785100762
28,26,3.7115578783251078
28,27,3.8794293021856117
28,28,0.0
28,29,39.549947096323635
28,30,151.86662320387666
28,31,26.25516983187724
28,32,22.567121903061377
28,33,15.817549775013182
28,34,19.68873551238316
28,35,152.2266845460724
28,37,26.698711649786297
28,38,28.054890022673185
28,39,15.443139754272922
28,40,16.34791856690452
28,41,36.733533903516516
28,42,29.985361144956983
28,43,28.064379501486187
28,44,30.399418597220514
28,45,28.07835832487946
28,46,18.793103612113924
28,47,12.813649022096433
28,48,12.07363770821612
29,0,35.09952142924842
29,1,43.03031418687349
29,2,31.608684875231397
29,3,33.44710738899151
29,4,40.24235683756187
29,5,39.3880948961124
29,6,37.689202596178404
29,7,36.1906395746921
29,8,37.943012816149796
29,9,37.36997429056723
29,10,126.42570375460353
29,12,41.49668189414503
29,13,38.556427381516116
29,14,42.19011846483657
29,15,47.302990319238525
29,16,50.702817418775595
29,17,52.71900366460328
29,18,55.867982996707426
29,19,146.29689944815408
29,20,30.940158109183095
29,21,33.731418346054475
29,22,127.07047380057685
29,23,35.584654071069046
29,24,35.18458194585524
29,25,39.02785395124516
29,26,41.665876858020816
29,27,35.67051779413802
29,28,39.549947096323635
29,29,0.0
29,30,135.2878112972279
29,31,28.038873940590996
29,32,31.726921869406862
29,33,46.10504954939479
29,34,41.12703648617084
29,35,150.623697082871
29,37,34.65241175949852
29,38,29.83859413138694
29,39,29.934294982073
29,40,30.839073794704596
29,41,2.8164131928071168
29,42,9.56458595136665
29,43,11.485567594837446
29,44,13.820606690571775
29,45,22.437506392292825
29,46,32.09977874697562
29,47,38.07923333699311
29,48,43.87668627716019
30,0,164.7545063408621
30,1,172.68529909848718
30,2,161.26366978684507
30,3,163.1020923006052
30,4,163.21858601664508
30,5,163.3396498754246
30,6,166.28253223630892
30,7,165.07761404577172
30,8,161.89456779546202
30,9,161.32152926987945
30,10,250.37725873391577
30,12,153.81335800169805
30,13,150.87310348906914
30,14,154.5067945723896
30,15,159.61966642679155
30,16,165.80517359749388
30,17,167.82135984332155
30,18,170.09098349288297
30,19,260.5198999443296
30,20,159.8271325802627
30,21,157.03587234339133
30,22,250.04670297966004
30,23,158.8891080684059
30,24,155.58270874359056
30,25,151.73943673820065
30,26,154.37745964497628
30,27,147.98719390169106
30,28,151.86662320387666
30,29,135.2878112972279
30,30,0.0
30,31,140.35555004814404
30,32,144.0435979769599
30,33,161.20740572811306
30,34,165.07859146548304
30,35,262.940373190424
30,37,146.96908786705154
30,38,142.15527023893998
30,39,159.5892798936867
30,40,160.4940587063183
30,41,132.4713981044208
30,42,125.72322534586127
30,43,123.80224370239047
30,44,126.1372827981248
30,45,134.75418249984585
30,46,144.41645485452867
30,47,150.39590944454616
30,48,157.463493661316
31,0,43.28279089582193
31,1,51.21358365344701
31,2,39.79195434180492
31,3,41.63037685556503
31,4,40.30544191429481
31,5,39.00660024618059
31,6,43.34318758393159
31,7,42.362182787045434
31,8,37.56151816621799
31,9,36.98847964063542
31,10,126.04420910467172
31,12,22.88608481240958
31,13,19.945830299780674
31,14,22.969776913094545
31,15,28.082648767496497
31,16,36.15347571352226
31,17,36.6783570385034
31,18,38.55396583358792
31,19,128.98288228503458
31,20,37.11170132153642
31,21,34.32044108466504
31,22,127.13355887730978
31,23,36.17367680967961
31,24,32.86727748486428
31,25,29.024005479474358
31,26,29.96672771020235
31,27,22.375740529691626
31,28,26.25516983187724
31,29,28.038873940590996
31,30,140.35555004814404
31,31,0.0
31,32,3.688047928815864
31,33,31.55570784414146
31,34,37.27841248057273
31,35,125.97151471419514
31,37,6.613537818907527
31,38,1.7997201907959441
31,39,38.11756444864652
31,40,39.02234326127812
31,41,25.222460747783877
31,42,18.474287989224344
31,43,16.553306345753548
31,44,14.235584500901194
31,45,5.601367548298173
31,46,15.263639902980973
31,47,13.441520809780807
31,48,34.74806240258972
32,0,39.59474296700607
32,1,47.52553572463115
32,2,36.103906412989055
32,3,37.94232892674917
32,4,36.81510682910293
32,5,35.91177897674815
32,6,39.87905304876678
32,7,38.67413485822957
32,8,34.46669689678555
32,9,33.89365837120298
32,10,122.94938783523929
32,12,22.850886980518805
32,13,23.633878228596537
32,14,20.487828840911938
32,15,25.60070069531389
32,16,36.21259521214848
32,17,34.19640896632079
32,18,36.07201776140531
32,19,126.50093421285196
32,20,33.42365339272056
32,21,30.63239315584918
32,22,123.64322379211791
32,23,32.48562888086375
32,24,29.17922955604842
32,25,25.33595755065849
32,26,26.278679781386483
32,27,18.687692600875764
32,28,22.567121903061377
32,29,31.726921869406862
32,30,144.0435979769599
32,31,3.688047928815864
32,32,0.0
32,33,34.80392654057091
32,34,37.65072056680659
32,35,129.65956264301101
32,37,4.131589746724919
32,38,5.4877681196118075
32,39,34.429516519830656
32,40,35.334295332462254
32,41,28.910508676599743
32,42,22.16233591804021
32,43,20.241354274569414
32,44,17.92363242971706
32,45,9.289415477114037
32,46,15.732927470982435
32,47,9.753472880964942
32,48,31.06001447377385
33,0,17.40381510820635
33,1,25.334607865831423
33,2,14.496364674163392
33,3,19.056229148463252
33,4,12.052037532486953
33,5,10.753195864372735
33,6,15.089783202123733
33,7,16.58834622361004
33,8,9.30811378441013
33,9,8.735075258827562
33,10,97.79080472286387
33,12,14.55013205698969
33,13,11.609877544360785
33,14,15.24356862768124
33,15,15.209662386215388
33,16,4.5977678693808
33,17,6.6139541152084895
33,18,9.762933447312628
33,19,100.19184989875929
33,20,16.445905268497242
33,21,13.654645031625861
33,22,98.88015449550193
33,23,11.801409306611292
33,24,13.311240995302345
33,25,9.467968989912421
33,26,12.105991896688074
33,27,16.11623393969515
33,28,15.817549775013182
33,29,46.10504954939479
33,30,161.20740572811306
33,31,31.55570784414146
33,32,34.80392654057091
33,33,0.0
33,34,5.7227046364312715
33,35,157.5272225583366
33,37,31.59980772186826
33,38,33.355428034937404
33,39,16.17075456732179
33,40,17.075533379953388
33,41,43.28863635658767
33,42,39.32614366919339
33,43,37.405162025722596
33,44,39.74020112145693
33,45,35.474595998835866
33,46,31.029908249623464
33,47,25.05045365960597
33,48,15.192025913027779
34,0,12.425802044982394
34,1,20.356594802607468
34,2,9.518351610939437
34,3,14.078216085239298
34,4,7.074024469262998
34,5,5.775182801148779
34,6,10.111770138899779
34,7,11.610333160386086
34,8,4.3301007211861755
34,9,3.7570621956036074
34,10,92.81279165963991
34,12,20.272836693420963
34,13,17.332582180792055
34,14,20.966273264112512
34,15,20.93236702264666
34,16,10.320472505812072
34,17,12.33665875163976
34,18,15.4856380837439
34,19,105.91455453519056
34,20,11.467892205273287
34,21,8.676631968401907
34,22,93.90214143227797
34,23,6.823396243387338
34,24,10.129795568202669
34,25,13.339154727282402
34,26,15.977177634058055
34,27,18.963027965930827
34,28,19.68873551238316
34,29,41.12703648617084
34,30,165.07859146548304
34,31,37.27841248057273
34,32,37.65072056680659
34,33,5.7227046364312715
34,34,0.0
34,35,163.24992719476788
34,37,37.322512358299534
34,38,39.07813267136868
34,39,11.192741504097835
34,40,12.097520316729435
34,41,38.31062329336372
34,42,43.19732940656337
34,43,41.27634776309257
34,44,43.611386858826904
34,45,41.19730063526714
34,46,33.87670227585914
34,47,27.89724768584165
34,48,18.82189989950762
35,0,169.2543056100171
35,1,177.18509836764218
35,2,165.76346905600008
35,3,167.6018915697602
35,4,166.27695662848996
35,5,164.97811496037573
35,6,169.31470229812672
35,7,168.33369750124058
35,8,163.53303288041312
35,9,162.95999435483054
35,10,252.01572381886686
35,12,148.85759952660473
35,13,145.91734501397582
35,14,148.94129162728967
35,15,154.05416348169163
35,16,162.1249904277174
35,17,162.64987175269852
35,18,164.52548054778305
35,19,254.9543969992297
35,20,163.0832160357316
35,21,160.29195579886022
35,22,253.10507359150492
35,23,162.14519152387476
35,24,158.83879219905944
