source_id,target_id,rtt
0,0,0.0
0,1,1.7945231400737978
0,2,1.8877385782543021
0,3,1.5758818007508222
0,4,4.747317466579649
0,5,4.445255755139097
0,6,5.657392277168073
0,7,5.724212473952187
0,8,4.366003015288568
0,9,1.661186285266051
0,10,112.51260958438048
0,11,3.033121156168737
0,12,112.51260958438048
0,13,2.2888632042336967
0,14,2.1508242271427824
0,15,2.0812182549413913
0,16,6.803367279211075
0,17,5.69756716120821
0,18,4.2335710771678885
0,19,4.041813752441369
0,20,3.5714772662929475
0,21,2.6713646763488477
0,22,3.643022059401959
0,23,3.038756258119833
1,0,1.7945231400737978
1,1,0.0
1,2,1.2098770994853523
1,3,0.21872890795223032
1,4,6.492310186827501
1,5,6.138845655429462
1,6,7.203523739434837
1,7,7.481839117646837
1,8,5.863471678340135
1,9,0.7502896324140423
1,10,110.76875736300417
1,11,4.8176800748175586
1,12,110.76875736300417
1,13,4.068363488290092
1,14,2.79411545487849
1,15,2.283814254413098
1,16,8.59785571346891
1,17,7.491471982450146
1,18,6.017050736227734
1,19,5.823080205937043
1,20,5.3400895634504275
1,21,4.313700548537561
1,22,5.054810262629379
1,23,4.178655079411491
2,0,1.8877385782543021
2,1,1.2098770994853523
2,2,0.0
2,3,1.166872591026619
2,4,6.050703842887855
2,5,5.606694629614894
2,6,6.463191303851391
2,7,7.053518632232909
2,8,5.1115881966867995
2,9,1.863085605008125
2,10,111.34575836558164
2,11,4.553463670091114
2,12,111.34575836558164
2,13,4.050501821190027
2,14,1.7688035790200052
2,15,1.1592763744012675
2,16,8.3739432067794
2,17,7.301064724830222
2,18,5.935659917931541
2,19,5.511432607183009
2,20,4.994773882613723
2,21,3.786007508163615
2,22,4.26318645440946
2,23,3.2589584888430707
3,0,1.5758818007508222
3,1,0.21872890795223032
3,2,1.166872591026619
3,3,0.0
3,4,6.27700960206717
3,5,5.9276383886395125
3,6,7.006153136970926
3,7,7.265669800137205
3,8,5.668980759123192
3,9,0.702927506988648
3,10,110.98262782242148
3,11,4.599324329163351
3,12,110.98262782242148
3,13,3.8513940712402546
3,14,2.6552095549174446
3,15,2.177315285411994
3,16,8.379242075016052
3,17,7.2730181537043075
3,18,5.799942600749792
3,19,5.604985881677305
3,20,5.1227986981189595
3,21,4.104872153044958
3,22,4.866221043806343
3,23,4.010372280960495
4,0,4.747317466579649
4,1,6.492310186827501
4,2,6.050703842887855
4,3,6.27700960206717
4,4,0.0
4,5,0.6367273631962139
4,6,1.93707475403833
4,7,1.0028263115730458
4,8,1.901591235541075
4,9,6.393733509145607
4,10,117.25657974370561
4,11,1.797928133511206
4,12,117.25657974370561
4,13,2.8627717879854004
4,14,4.65680480896484
4,15,5.261882252306562
4,16,2.6059755218241305
4,17,1.847442180565109
4,18,1.8881810308780145
4,19,0.9061093550084366
4,20,1.2083723001564615
4,21,2.2691198047852374
4,22,2.437753735086902
4,23,3.4680822632499058
5,0,4.445255755139097
5,1,6.138845655429462
5,2,5.606694629614894
5,3,5.9276383886395125
5,4,0.6367273631962139
5,5,0.0
5,6,1.6025542678821105
5,7,1.52690849124474
5,8,1.275699462862058
5,9,6.105792943365842
5,10,116.90061913867144
5,11,1.7136586748868479
5,12,116.90061913867144
5,13,2.806603249791348
5,14,4.129304064957679
5,15,4.753933502800326
5,16,3.23235776969382
5,17,2.4770480649492677
5,18,2.283265593523529
5,19,1.1392149590512137
5,20,1.154781820159912
5,21,1.8345277335684205
5,22,1.8123210681210091
5,23,2.8714076664114483
6,0,5.657392277168073
6,1,7.203523739434837
6,2,6.463191303851391
6,3,7.006153136970926
6,4,1.93707475403833
6,5,1.6025542678821105
6,6,0.0
6,7,2.121809090592482
6,8,1.351971413648805
6,9,7.298500473241339
6,10,117.78165634334503
6,11,3.2680720425087526
6,12,117.78165634334503
6,13,4.340581042068386
6,14,4.777365237836211
6,15,5.4400361047844825
6,16,3.9207515022190074
6,17,3.5570027524173575
6,18,3.8134740762658605
6,19,2.7189238818318358
6,20,2.7438140454374045
6,21,2.999726861539259
6,22,2.2035602955301123
6,23,3.290770500388278
7,0,5.724212473952187
7,1,7.481839117646837
7,2,7.053518632232909
7,3,7.265669800137205
7,4,1.0028263115730458
7,5,1.52690849124474
7,6,2.121809090592482
7,7,0.0
7,8,2.6346632655446536
7,9,7.360061013846916
7,10,118.23670727978423
7,11,2.722833166549484
7,12,118.23670727978423
7,13,3.731414035532609
7,14,5.641310623306178
7,15,6.2544584013912345
7,16,1.8388702175890481
7,17,1.4938660397781511
7,18,2.3253985329935944
7,19,1.7329362069942678
7,20,2.1555049235521526
7,21,3.270909948905982
7,22,3.3126110993402857
7,23,4.39518152065728
8,0,4.366003015288568
8,1,5.863471678340135
8,2,5.1115881966867995
8,3,5.668980759123192
8,4,1.901591235541075
8,5,1.275699462862058
8,6,1.351971413648805
8,7,2.6346632655446536
8,8,0.0
8,9,5.987359808090537
8,10,116.4383862148918
8,11,2.3991554888499755
8,12,116.4383862148918
8,13,3.3581456006855928
8,14,3.4383148723065005
8,15,4.0994855012491485
8,16,4.439549645532879
8,17,3.748794428323931
8,18,3.4313670540255665
8,19,2.272615655971121
8,20,2.0379834824042935
8,21,1.7744942201730496
8,22,0.8593824690845675
8,23,1.9766686888847171
9,0,1.661186285266051
9,1,0.7502896324140423
9,2,1.863085605008125
9,3,0.702927506988648
9,4,6.393733509145607
9,5,6.105792943365842
9,6,7.298500473241339
9,7,7.360061013846916
9,8,5.987359808090537
9,9,0.0
9,10,110.88186578952156
9,11,4.646719001421279
9,12,110.88186578952156
9,13,3.7759242726016025
9,14,3.215302206451283
9,15,2.8054195712474246
9,16,8.337447075892781
9,17,7.2230752803096285
9,18,5.707289095932364
9,19,5.655300735234232
9,20,5.204587630401374
9,21,4.327100778088551
9,22,5.2246498799602765
9,23,4.466786361692404
10,0,112.51260958438048
10,1,110.76875736300417
10,2,111.34575836558164
10,3,110.98262782242148
10,4,117.25657974370561
10,5,116.90061913867144
10,6,117.78165634334503
10,7,118.23670727978423
10,8,116.4383862148918
10,9,110.88186578952156
10,10,0.0
10,11,115.52857809340982
10,12,0.0
10,13,114.60888543355831
10,14,113.00431871700951
10,15,112.34162287346413
10,16,119.106446266147
10,17,118.00133317658702
10,18,116.45382706532783
10,19,116.53681099991084
10,20,116.08241139188488
10,21,115.06730823627083
10,22,115.58049890297627
10,23,114.49861169706776
11,0,3.033121156168737
11,1,4.8176800748175586
11,2,4.553463670091114
11,3,4.599324329163351
11,4,1.797928133511206
11,5,1.7136586748868479
11,6,3.2680720425087526
11,7,2.722833166549484
11,8,2.3991554888499755
11,9,4.646719001421279
11,10,115.52857809340982
11,11,0.0
11,12,115.52857809340982
11,13,1.0944176028369783
11,14,3.486644366846179
11,15,3.9812271422775924
11,16,3.8232851104535706
11,17,2.7489967542888682
11,18,1.5293257606846067
11,19,1.00973669205926
11,20,0.5927569398802832
11,21,1.1903784555094223
11,22,2.275032622678872
11,23,2.8049049584137338
12,0,112.51260958438048
12,1,110.76875736300417
12,2,111.34575836558164
12,3,110.98262782242148
12,4,117.25657974370561
12,5,116.90061913867144
12,6,117.78165634334503
12,7,118.23670727978423
12,8,116.4383862148918
12,9,110.88186578952156
12,10,0.0
12,11,115.52857809340982
12,12,0.0
12,13,114.60888543355831
12,14,113.00431871700951
12,15,112.34162287346413
12,16,119.106446266147
12,17,118.00133317658702
12,18,116.45382706532783
12,19,116.53681099991084
12,20,116.08241139188488
12,21,115.06730823627083
12,22,115.58049890297627
12,23,114.49861169706776
13,0,2.2888632042336967
13,1,4.068363488290092
13,2,4.050501821190027
13,3,3.8513940712402546
13,4,2.8627717879854004
13,5,2.806603249791348
13,6,4.340581042068386
13,7,3.731414035532609
13,8,3.3581456006855928
13,9,3.7759242726016025
13,10,114.60888543355831
13,11,1.0944176028369783
13,12,114.60888543355831
13,13,0.0
13,14,3.406505227039953
13,15,3.749564369363767
13,16,4.561539867442471
13,17,3.447365969547592
13,18,1.9487821020932823
13,19,2.0012876466230263
13,20,1.6787072879506513
13,21,1.7539425078546091
13,22,3.031445540454667
13,23,3.209577700164922
14,0,2.1508242271427824
14,1,2.79411545487849
14,2,1.7688035790200052
14,3,2.6552095549174446
14,4,4.65680480896484
14,5,4.129304064957679
14,6,4.777365237836211
14,7,5.641310623306178
14,8,3.4383148723065005
14,9,3.215302206451283
14,10,113.00431871700951
14,11,3.486644366846179
14,12,113.00431871700951
14,13,3.406505227039953
14,14,0.0
14,15,0.6630542842472227
14,16,7.1584290546542695
14,17,6.159072911159299
14,18,5.0035199817152956
14,19,4.302384745383454
14,20,3.777950918842156
14,21,2.441006641759134
14,22,2.578979473340094
14,23,1.5091205959596836
15,0,2.0812182549413913
15,1,2.283814254413098
15,2,1.1592763744012675
15,3,2.177315285411994
15,4,5.261882252306562
15,5,4.753933502800326
15,6,5.4400361047844825
15,7,6.2544584013912345
15,8,4.0994855012491485
15,9,2.8054195712474246
15,10,112.34162287346413
15,11,3.9812271422775924
15,12,112.34162287346413
15,13,3.749564369363767
15,14,0.6630542842472227
15,15,0.0
15,16,7.7228551313349065
15,17,6.698608658662683
15,18,5.469839502153126
15,19,4.851716775192223
15,20,4.325255275692908
15,21,3.013199577663549
15,22,3.2403751387738193
15,23,2.169537010564386
16,0,6.803367279211075
16,1,8.59785571346891
16,2,8.3739432067794
16,3,8.379242075016052
16,4,2.6059755218241305
16,5,3.23235776969382
16,6,3.9207515022190074
16,7,1.8388702175890481
16,8,4.439549645532879
16,9,8.337447075892781
16,10,119.106446266147
16,11,3.8232851104535706
16,12,119.106446266147
16,13,4.561539867442471
16,14,7.1584290546542695
16,15,7.7228551313349065
16,16,0.0
16,17,1.1150855836238949
16,18,2.6561336014230026
16,19,2.875351214890239
16,20,3.400803067732719
16,21,4.718057809348364
16,22,5.04277541972391
16,23,6.06301657871282
17,0,5.69756716120821
17,1,7.491471982450146
17,2,7.301064724830222
17,3,7.2730181537043075
17,4,1.847442180565109
17,5,2.4770480649492677
17,6,3.5570027524173575
17,7,1.4938660397781511
17,8,3.748794428323931
17,9,7.2230752803096285
17,10,118.00133317658702
17,11,2.7489967542888682
17,12,118.00133317658702
17,13,3.447365969547592
17,14,6.159072911159299
17,15,6.698608658662683
17,16,1.1150855836238949
17,17,0.0
17,18,1.5475586217351265
17,19,1.858210693359418
17,20,2.3811709254896978
17,21,3.7244176967929024
17,22,4.226047317015972
17,23,5.167823943473773
18,0,4.2335710771678885
18,1,6.017050736227734
18,2,5.935659917931541
18,3,5.799942600749792
18,4,1.8881810308780145
18,5,2.283265593523529
18,6,3.8134740762658605
18,7,2.3253985329935944
18,8,3.4313670540255665
18,9,5.707289095932364
18,10,116.45382706532783
18,11,1.5293257606846067
18,12,116.45382706532783
18,13,1.9487821020932823
18,14,5.0035199817152956
18,15,5.469839502153126
18,16,2.6561336014230026
18,17,1.5475586217351265
18,18,0.0
18,19,1.1632155907135109
18,20,1.4747593457252792
18,21,2.697746247203101
18,22,3.5955452430904895
18,23,4.295218705920986
19,0,4.041813752441369
19,1,5.823080205937043
19,2,5.511432607183009
19,3,5.604985881677305
19,4,0.9061093550084366
19,5,1.1392149590512137
19,6,2.7189238818318358
19,7,1.7329362069942678
19,8,2.272615655971121
19,9,5.655300735234232
19,10,116.53681099991084
19,11,1.00973669205926
19,12,116.53681099991084
19,13,2.0012876466230263
19,14,4.302384745383454
19,15,4.851716775192223
19,16,2.875351214890239
19,17,1.858210693359418
19,18,1.1632155907135109
19,19,0.0
19,20,0.5264617412185747
19,21,1.8662229217124313
19,22,2.5140242238378145
19,23,3.35040097723359
20,0,3.5714772662929475
20,1,5.3400895634504275
20,2,4.994773882613723
20,3,5.1227986981189595
20,4,1.2083723001564615
20,5,1.154781820159912
20,6,2.7438140454374045
20,7,2.1555049235521526
20,8,2.0379834824042935
20,9,5.204587630401374
20,10,116.08241139188488
20,11,0.5927569398802832
20,12,116.08241139188488
20,13,1.6787072879506513
20,14,3.777950918842156
20,15,4.325255275692908
20,16,3.400803067732719
20,17,2.3811709254896978
20,18,1.4747593457252792
20,19,0.5264617412185747
20,20,0.0
20,21,1.3465687220154652
20,22,2.1210077384199155
20,23,2.8709449265864664
21,0,2.6713646763488477
21,1,4.313700548537561
21,2,3.786007508163615
21,3,4.104872153044958
21,4,2.2691198047852374
21,5,1.8345277335684205
21,6,2.999726861539259
21,7,3.270909948905982
21,8,1.7744942201730496
21,9,4.327100778088551
21,10,115.06730823627083
21,11,1.1903784555094223
21,12,115.06730823627083
21,13,1.7539425078546091
21,14,2.441006641759134
21,15,3.013199577663549
21,16,4.718057809348364
21,17,3.7244176967929024
21,18,2.697746247203101
21,19,1.8662229217124313
21,20,1.3465687220154652
21,21,0.0
21,22,1.2859998464963271
21,23,1.6151577280758456
22,0,3.643022059401959
22,1,5.054810262629379
22,2,4.26318645440946
22,3,4.866221043806343
22,4,2.437753735086902
22,5,1.8123210681210091
22,6,2.2035602955301123
22,7,3.3126110993402857
22,8,0.8593824690845675
22,9,5.2246498799602765
22,10,115.58049890297627
22,11,2.275032622678872
22,12,115.58049890297627
22,13,3.031445540454667
22,14,2.578979473340094
22,15,3.2403751387738193
22,16,5.04277541972391
22,17,4.226047317015972
22,18,3.5955452430904895
22,19,2.5140242238378145
22,20,2.1210077384199155
22,21,1.2859998464963271
22,22,0.0
22,23,1.1310641993735537
23,0,3.038756258119833
23,1,4.178655079411491
23,2,3.2589584888430707
23,3,4.010372280960495
23,4,3.4680822632499058
23,5,2.8714076664114483
23,6,3.290770500388278
23,7,4.39518152065728
23,8,1.9766686888847171
23,9,4.466786361692404
23,10,114.49861169706776
23,11,2.8049049584137338
23,12,114.49861169706776
23,13,3.209577700164922
23,14,1.5091205959596836
23,15,2.169537010564386
23,16,6.06301657871282
23,17,5.167823943473773
23,18,4.295218705920986
23,19,3.35040097723359
23,20,2.8709449265864664
23,21,1.6151577280758456
23,22,1.1310641993735537
23,23,0.0
