source_id,target_id,rtt
0,0,0.0
0,1,0.03787283486336964
0,2,9.602342854934024
0,3,0.1701428161365852
0,4,0.40187512883758314
0,5,46.16551185002123
0,6,0.0
0,7,0.6493337719430976
0,8,142.94713582504343
0,9,142.94713582504343
0,10,4.055373749895954
0,11,142.94713582504343
0,12,142.94713582504343
0,13,142.94713582504343
0,15,142.94713582504343
0,16,142.94713582504343
0,17,142.94713582504343
0,18,142.94713582504343
0,19,142.94713582504343
0,20,88.26251779175917
0,21,0.4658214148727659
0,22,3.7742281319938593
0,23,8.87036056281459
0,24,6.815394220111897
0,25,5.600759678845353
0,26,9.361827344394609
0,27,3.092047628996184
0,28,3.043474830675871
0,29,82.80592523125007
1,0,0.03787283486336964
1,1,0.0
1,2,9.612655794974609
1,3,0.20334617743322003
1,4,0.4056136660531538
1,5,46.17880627257252
1,6,0.03787283486336964
1,7,0.6163956410186545
1,8,142.92495314136212
1,9,142.92495314136212
1,10,4.064343899351991
1,11,142.92495314136212
1,12,142.92495314136212
1,13,142.92495314136212
1,15,142.92495314136212
1,16,142.92495314136212
1,17,142.92495314136212
1,18,142.92495314136212
1,19,142.92495314136212
1,20,88.24180649733685
1,21,0.496732767204599
1,22,3.784033158282766
1,23,8.877767224554715
1,24,6.821268171407927
1,25,5.607224124070402
1,26,9.367776547715678
1,27,3.081029757542769
1,28,3.007864681040487
1,29,82.78457304240581
2,0,9.602342854934024
2,1,9.612655794974609
2,2,0.0
2,3,9.477840496945138
2,4,9.210736135599445
2,5,36.60477600205123
2,6,9.602342854934024
2,7,10.067534465290109
2,8,136.66124769511015
2,9,136.66124769511015
2,10,5.552372895827233
2,11,136.66124769511015
2,12,136.66124769511015
2,13,136.66124769511015
2,15,136.66124769511015
2,16,136.66124769511015
2,17,136.66124769511015
2,18,136.66124769511015
2,19,136.66124769511015
2,20,97.4314494020489
2,21,9.23806759733647
2,22,5.828996414195333
2,23,1.03218673828099
2,24,2.9525603832075116
2,25,4.075576067161052
2,26,1.1411072600925831
2,27,7.2048632866030555
2,28,11.633742368724453
2,29,91.92180836556096
3,0,0.1701428161365852
3,1,0.20334617743322003
3,2,9.477840496945138
3,3,0.0
3,4,0.3356547962104696
3,5,46.03113916773632
3,6,0.1701428161365852
3,7,0.8192986306886076
3,8,142.95929466129613
3,9,142.95929466129613
3,10,3.9366294156018644
3,11,142.95929466129613
3,12,142.95929466129613
3,13,142.95929466129613
3,15,142.95929466129613
3,16,142.95929466129613
3,17,142.95929466129613
3,18,142.95929466129613
3,19,142.95929466129613
3,20,88.41652498366072
3,21,0.2966705328343381
3,22,3.6528735416011298
3,23,8.755547731751742
3,24,6.706253032269021
3,25,5.489899684885054
3,26,9.251978946406984
3,27,3.0540765245515162
3,28,3.2101523363355304
3,29,82.9613766497397
4,0,0.40187512883758314
4,1,0.4056136660531538
4,2,9.210736135599445
4,3,0.3356547962104696
4,4,0.0
4,5,45.78247041870902
4,6,0.40187512883758314
4,7,0.9260483224832373
4,8,142.63366440977524
4,9,142.63366440977524
4,10,3.660899590180546
4,11,142.63366440977524
4,12,142.63366440977524
4,13,142.63366440977524
4,15,142.63366440977524
4,16,142.63366440977524
4,17,142.63366440977524
4,18,142.63366440977524
4,19,142.63366440977524
4,20,88.61001034455961
4,21,0.37392827983463844
4,22,3.3817529938332536
4,23,8.472760541982058
4,24,6.4156909511517455
4,25,5.20179927668053
4,26,8.962205996449574
4,27,2.71852122823307
4,28,3.220372568933827
4,29,83.1492667096028
5,0,46.16551185002123
5,1,46.17880627257252
5,2,36.60477600205123
5,3,46.03113916773632
5,4,45.78247041870902
5,5,0.0
5,6,46.16551185002123
5,7,46.65916625011647
5,8,111.63271866104942
5,9,111.63271866104942
5,10,42.14359837023694
5,11,111.63271866104942
5,12,111.63271866104942
5,13,111.63271866104942
5,15,111.63271866104942
5,16,111.63271866104942
5,17,111.63271866104942
5,18,111.63271866104942
5,19,111.63271866104942
5,20,133.26798254379258
5,21,45.77474347029693
5,22,42.412048832950305
5,23,37.43656481940509
5,24,39.51344462712593
5,25,40.677025084166885
5,26,37.034664253541045
5,27,43.755341550204434
5,28,48.18038753430628
5,29,127.6757623313567
6,0,0.0
6,1,0.03787283486336964
6,2,9.602342854934024
6,3,0.1701428161365852
6,4,0.40187512883758314
6,5,46.16551185002123
6,6,0.0
6,7,0.6493337719430976
6,8,142.94713582504343
6,9,142.94713582504343
6,10,4.055373749895954
6,11,142.94713582504343
6,12,142.94713582504343
6,13,142.94713582504343
6,15,142.94713582504343
6,16,142.94713582504343
6,17,142.94713582504343
6,18,142.94713582504343
6,19,142.94713582504343
6,20,88.26251779175917
6,21,0.4658214148727659
6,22,3.7742281319938593
6,23,8.87036056281459
6,24,6.815394220111897
6,25,5.600759678845353
6,26,9.361827344394609
6,27,3.092047628996184
6,28,3.043474830675871
6,29,82.80592523125007
7,0,0.6493337719430976
7,1,0.6163956410186545
7,2,10.067534465290109
7,3,0.8192986306886076
7,4,0.9260483224832373
7,5,46.65916625011647
7,6,0.6493337719430976
7,7,0.0
7,8,142.86428498552303
7,9,142.86428498552303
7,10,4.517056126046488
7,11,142.86428498552303
7,12,142.86428498552303
7,13,142.86428498552303
7,15,142.86428498552303
7,16,142.86428498552303
7,17,142.86428498552303
7,18,142.86428498552303
7,19,142.86428498552303
7,20,87.68989040836986
7,21,1.112591697816093
7,22,4.247129663262263
7,23,9.300132067482666
7,24,7.229044207303348
7,25,6.0253804121169985
7,26,9.772024161127527
7,27,3.283607347840428
7,28,2.4041832831047354
7,29,82.22723674349332
8,0,142.94713582504343
8,1,142.92495314136212
8,2,136.66124769511015
8,3,142.95929466129613
8,4,142.63366440977524
8,5,111.63271866104942
8,6,142.94713582504343
8,7,142.86428498552303
8,8,0.0
8,9,0.0
8,10,140.24610820362045
8,11,0.0
8,12,0.0
8,13,0.0
8,15,0.0
8,16,0.0
8,17,0.0
8,18,0.0
8,19,0.0
8,20,125.97151471419514
8,21,142.93947886416268
8,22,140.49969012620022
8,23,136.66479617835273
8,24,137.96550448545617
8,25,138.92837246172195
8,26,136.06238732652034
8,27,140.01078789044251
8,28,142.05313382084614
8,29,128.18619069057817
9,0,142.94713582504343
9,1,142.92495314136212
9,2,136.66124769511015
9,3,142.95929466129613
9,4,142.63366440977524
9,5,111.63271866104942
9,6,142.94713582504343
9,7,142.86428498552303
9,8,0.0
9,9,0.0
9,10,140.24610820362045
9,11,0.0
9,12,0.0
9,13,0.0
9,15,0.0
9,16,0.0
9,17,0.0
9,18,0.0
9,19,0.0
9,20,125.97151471419514
9,21,142.93947886416268
9,22,140.49969012620022
9,23,136.66479617835273
9,24,137.96550448545617
9,25,138.92837246172195
9,26,136.06238732652034
9,27,140.01078789044251
9,28,142.05313382084614
9,29,128.18619069057817
10,0,4.055373749895954
10,1,4.064343899351991
10,2,5.552372895827233
10,3,3.9366294156018644
10,4,3.660899590180546
10,5,42.14359837023694
10,6,4.055373749895954
10,7,4.517056126046488
10,8,140.24610820362045
10,9,140.24610820362045
10,10,0.0
10,11,140.24610820362045
10,12,140.24610820362045
10,13,140.24610820362045
10,15,140.24610820362045
10,16,140.24610820362045
10,17,140.24610820362045
10,18,140.24610820362045
10,19,140.24610820362045
10,20,92.08267743058984
10,21,3.7102730552780554
10,22,0.29452328117248017
10,23,4.820893416786259
10,24,2.7930700781269437
10,25,1.5773707499798921
10,26,5.328562513663623
10,27,2.106447580474172
10,28,6.263034888716075
10,29,86.59915938582661
11,0,142.94713582504343
11,1,142.92495314136212
11,2,136.66124769511015
11,3,142.95929466129613
11,4,142.63366440977524
11,5,111.63271866104942
11,6,142.94713582504343
11,7,142.86428498552303
11,8,0.0
11,9,0.0
11,10,140.24610820362045
11,11,0.0
11,12,0.0
11,13,0.0
11,15,0.0
11,16,0.0
11,17,0.0
11,18,0.0
11,19,0.0
11,20,125.97151471419514
11,21,142.93947886416268
11,22,140.49969012620022
11,23,136.66479617835273
11,24,137.96550448545617
11,25,138.92837246172195
11,26,136.06238732652034
11,27,140.01078789044251
11,28,142.05313382084614
11,29,128.18619069057817
12,0,142.94713582504343
12,1,142.92495314136212
12,2,136.66124769511015
12,3,142.95929466129613
12,4,142.63366440977524
12,5,111.63271866104942
12,6,142.94713582504343
12,7,142.86428498552303
12,8,0.0
12,9,0.0
12,10,140.24610820362045
12,11,0.0
12,12,0.0
12,13,0.0
12,15,0.0
12,16,0.0
12,17,0.0
12,18,0.0
12,19,0.0
12,20,125.97151471419514
12,21,142.93947886416268
12,22,140.49969012620022
12,23,136.66479617835273
12,24,137.96550448545617
12,25,138.92837246172195
12,26,136.06238732652034
12,27,140.01078789044251
12,28,142.05313382084614
12,29,128.18619069057817
13,0,142.94713582504343
13,1,142.92495314136212
13,2,136.66124769511015
13,3,142.95929466129613
13,4,142.63366440977524
13,5,111.63271866104942
13,6,142.94713582504343
13,7,142.86428498552303
13,8,0.0
13,9,0.0
13,10,140.24610820362045
13,11,0.0
13,12,0.0
13,13,0.0
13,15,0.0
13,16,0.0
13,17,0.0
13,18,0.0
13,19,0.0
13,20,125.97151471419514
13,21,142.93947886416268
13,22,140.49969012620022
13,23,136.66479617835273
13,24,137.96550448545617
13,25,138.92837246172195
13,26,136.06238732652034
13,27,140.01078789044251
13,28,142.05313382084614
13,29,128.18619069057817
15,0,142.94713582504343
15,1,142.92495314136212
15,2,136.66124769511015
15,3,142.95929466129613
15,4,142.63366440977524
15,5,111.63271866104942
15,6,142.94713582504343
15,7,142.86428498552303
15,8,0.0
15,9,0.0
15,10,140.24610820362045
15,11,0.0
15,12,0.0
15,13,0.0
15,15,0.0
15,16,0.0
15,17,0.0
15,18,0.0
15,19,0.0
15,20,125.97151471419514
15,21,142.93947886416268
15,22,140.49969012620022
15,23,136.66479617835273
15,24,137.96550448545617
15,25,138.92837246172195
15,26,136.06238732652034
15,27,140.01078789044251
15,28,142.05313382084614
15,29,128.18619069057817
16,0,142.94713582504343
16,1,142.92495314136212
16,2,136.66124769511015
16,3,142.95929466129613
16,4,142.63366440977524
16,5,111.63271866104942
16,6,142.94713582504343
16,7,142.86428498552303
16,8,0.0
16,9,0.0
16,10,140.24610820362045
16,11,0.0
16,12,0.0
16,13,0.0
16,15,0.0
16,16,0.0
16,17,0.0
16,18,0.0
16,19,0.0
16,20,125.97151471419514
16,21,142.93947886416268
16,22,140.49969012620022
16,23,136.66479617835273
16,24,137.96550448545617
16,25,138.92837246172195
16,26,136.06238732652034
16,27,140.01078789044251
16,28,142.05313382084614
16,29,128.18619069057817
17,0,142.94713582504343
17,1,142.92495314136212
17,2,136.66124769511015
17,3,142.95929466129613
17,4,142.63366440977524
17,5,111.63271866104942
17,6,142.94713582504343
17,7,142.86428498552303
17,8,0.0
17,9,0.0
17,10,140.24610820362045
17,11,0.0
17,12,0.0
17,13,0.0
17,15,0.0
17,16,0.0
17,17,0.0
17,18,0.0
17,19,0.0
17,20,125.97151471419514
17,21,142.93947886416268
17,22,140.49969012620022
17,23,136.66479617835273
17,24,137.96550448545617
17,25,138.92837246172195
17,26,136.06238732652034
17,27,140.01078789044251
17,28,142.05313382084614
17,29,128.18619069057817
18,0,142.94713582504343
18,1,142.92495314136212
18,2,136.66124769511015
18,3,142.95929466129613
18,4,142.63366440977524
18,5,111.63271866104942
18,6,142.94713582504343
18,7,142.86428498552303
18,8,0.0
18,9,0.0
18,10,140.24610820362045
18,11,0.0
18,12,0.0
18,13,0.0
18,15,0.0
18,16,0.0
18,17,0.0
18,18,0.0
18,19,0.0
18,20,125.97151471419514
18,21,142.93947886416268
18,22,140.49969012620022
18,23,136.66479617835273
18,24,137.96550448545617
18,25,138.92837246172195
18,26,136.06238732652034
18,27,140.01078789044251
18,28,142.05313382084614
18,29,128.18619069057817
19,0,142.94713582504343
19,1,142.92495314136212
19,2,136.66124769511015
19,3,142.95929466129613
19,4,142.63366440977524
19,5,111.63271866104942
19,6,142.94713582504343
19,7,142.86428498552303
19,8,0.0
19,9,0.0
19,10,140.24610820362045
19,11,0.0
19,12,0.0
19,13,0.0
19,15,0.0
19,16,0.0
19,17,0.0
19,18,0.0
19,19,0.0
19,20,125.97151471419514
19,21,142.93947886416268
19,22,140.49969012620022
19,23,136.66479617835273
19,24,137.96550448545617
19,25,138.92837246172195
19,26,136.06238732652034
19,27,140.01078789044251
19,28,142.05313382084614
19,29,128.18619069057817
20,0,88.26251779175917
20,1,88.24180649733685
20,2,97.4314494020489
20,3,88.41652498366072
20,4,88.61001034455961
20,5,133.26798254379258
20,6,88.26251779175917
20,7,87.68989040836986
20,8,125.97151471419514
20,9,125.97151471419514
20,10,92.08267743058984
20,11,125.97151471419514
20,12,125.97151471419514
20,13,125.97151471419514
20,15,125.97151471419514
20,16,125.97151471419514
20,17,125.97151471419514
20,18,125.97151471419514
20,19,125.97151471419514
20,20,0.0
20,21,88.69965329212177
20,22,91.84511152918589
20,23,96.49967983614258
20,24,94.4793591493531
20,25,93.40438158340986
20,26,96.81606758061024
20,27,90.24127146048146
20,28,85.83924035634259
20,29,5.601367548298173
21,0,0.4658214148727659
21,1,0.496732767204599
21,2,9.23806759733647
21,3,0.2966705328343381
21,4,0.37392827983463844
21,5,45.77474347029693
21,6,0.4658214148727659
21,7,1.112591697816093
21,8,142.93947886416268
21,9,142.93947886416268
21,10,3.7102730552780554
21,11,142.93947886416268
21,12,142.93947886416268
21,13,142.93947886416268
21,15,142.93947886416268
21,16,142.93947886416268
21,17,142.93947886416268
21,18,142.93947886416268
21,19,142.93947886416268
21,20,88.69965329212177
21,21,0.0
21,22,3.4228250395146116
21,23,8.531106604935742
21,24,6.492020388295834
21,25,5.274047694317596
21,26,9.035183184693853
21,27,2.9702088307181147
21,28,3.4919366296534777
21,29,83.24626258452123
22,0,3.7742281319938593
22,1,3.784033158282766
22,2,5.828996414195333
22,3,3.6528735416011298
22,4,3.3817529938332536
22,5,42.412048832950305
22,6,3.7742281319938593
22,7,4.247129663262263
22,8,140.49969012620022
22,9,140.49969012620022
22,10,0.29452328117248017
22,11,140.49969012620022
22,12,140.49969012620022
22,13,140.49969012620022
22,15,140.49969012620022
22,16,140.49969012620022
22,17,140.49969012620022
22,18,140.49969012620022
22,19,140.49969012620022
22,20,91.84511152918589
22,21,3.4228250395146116
22,22,0.0
22,23,5.108819830333083
22,24,3.0864750792862874
22,25,1.8715314434095351
22,26,5.6198208596078
22,27,2.000907201098725
22,28,6.042864244191846
22,29,86.36482011356851
23,0,8.87036056281459
23,1,8.877767224554715
23,2,1.03218673828099
23,3,8.755547731751742
23,4,8.472760541982058
23,5,37.43656481940509
23,6,8.87036056281459
23,7,9.300132067482666
23,8,136.66479617835273
23,9,136.66479617835273
23,10,4.820893416786259
23,11,136.66479617835273
23,12,136.66479617835273
23,13,136.66479617835273
23,15,136.66479617835273
23,16,136.66479617835273
23,17,136.66479617835273
23,18,136.66479617835273
23,19,136.66479617835273
23,20,96.49967983614258
23,21,8.531106604935742
23,22,5.108819830333083
23,23,0.0
23,24,2.0803362080988625
23,25,3.274929658941901
23,26,0.6057937414390743
23,27,6.322989869776775
23,28,10.754732251660588
23,29,90.9832266750713
24,0,6.815394220111897
24,1,6.821268171407927
24,2,2.9525603832075116
24,3,6.706253032269021
24,4,6.4156909511517455
24,5,39.51344462712593
24,6,6.815394220111897
24,7,7.229044207303348
24,8,137.96550448545617
24,9,137.96550448545617
24,10,2.7930700781269437
24,11,137.96550448545617
24,12,137.96550448545617
24,13,137.96550448545617
24,15,137.96550448545617
24,16,137.96550448545617
24,17,137.96550448545617
24,18,137.96550448545617
24,19,137.96550448545617
24,20,94.4793591493531
24,21,6.492020388295834
24,22,3.0864750792862874
24,23,2.0803362080988625
24,24,0.0
24,25,1.2182550833697696
24,26,2.5465282320588853
24,27,4.257523260287488
24,28,8.689740203020591
24,29,88.97093625768314
25,0,5.600759678845353
25,1,5.607224124070402
25,2,4.075576067161052
25,3,5.489899684885054
25,4,5.20179927668053
25,5,40.677025084166885
25,6,5.600759678845353
25,7,6.0253804121169985
25,8,138.92837246172195
25,9,138.92837246172195
25,10,1.5773707499798921
25,11,138.92837246172195
25,12,138.92837246172195
25,13,138.92837246172195
25,15,138.92837246172195
25,16,138.92837246172195
25,17,138.92837246172195
25,18,138.92837246172195
25,19,138.92837246172195
25,20,93.40438158340986
25,21,5.274047694317596
25,22,1.8715314434095351
25,23,3.274929658941901
25,24,1.2182550833697696
25,25,0.0
25,26,3.762143690464843
25,27,3.1674112129075347
25,28,7.573632060616893
25,29,87.90555670913041
26,0,9.361827344394609
26,1,9.367776547715678
26,2,1.1411072600925831
26,3,9.251978946406984
26,4,8.962205996449574
26,5,37.034664253541045
26,6,9.361827344394609
26,7,9.772024161127527
26,8,136.06238732652034
26,9,136.06238732652034
26,10,5.328562513663623
26,11,136.06238732652034
26,12,136.06238732652034
26,13,136.06238732652034
26,15,136.06238732652034
26,16,136.06238732652034
26,17,136.06238732652034
26,18,136.06238732652034
26,19,136.06238732652034
26,20,96.81606758061024
26,21,9.035183184693853
26,22,5.6198208596078
26,23,0.6057937414390743
26,24,2.5465282320588853
26,25,3.762143690464843
26,26,0.0
26,27,6.725532967067639
26,28,11.145748149768027
26,29,91.29185671025641
27,0,3.092047628996184
27,1,3.081029757542769
27,2,7.2048632866030555
27,3,3.0540765245515162
27,4,2.71852122823307
27,5,43.755341550204434
27,6,3.092047628996184
27,7,3.283607347840428
27,8,140.01078789044251
27,9,140.01078789044251
27,10,2.106447580474172
27,11,140.01078789044251
27,12,140.01078789044251
27,13,140.01078789044251
27,15,140.01078789044251
27,16,140.01078789044251
27,17,140.01078789044251
27,18,140.01078789044251
27,19,140.01078789044251
27,20,90.24127146048146
27,21,2.9702088307181147
27,22,2.000907201098725
27,23,6.322989869776775
27,24,4.257523260287488
27,25,3.1674112129075347
27,26,6.725532967067639
27,27,0.0
27,28,4.432693222316972
27,29,84.74011121707855
28,0,3.043474830675871
28,1,3.007864681040487
28,2,11.633742368724453
28,3,3.2101523363355304
28,4,3.220372568933827
28,5,48.18038753430628
28,6,3.043474830675871
28,7,2.4041832831047354
28,8,142.05313382084614
28,9,142.05313382084614
28,10,6.263034888716075
28,11,142.05313382084614
28,12,142.05313382084614
28,13,142.05313382084614
28,15,142.05313382084614
28,16,142.05313382084614
28,17,142.05313382084614
28,18,142.05313382084614
28,19,142.05313382084614
28,20,85.83924035634259
28,21,3.4919366296534777
28,22,6.042864244191846
28,23,10.754732251660588
28,24,8.689740203020591
28,25,7.573632060616893
28,26,11.145748149768027
28,27,4.432693222316972
28,28,0.0
28,29,80.34780221741254
29,0,82.80592523125007
29,1,82.78457304240581
29,2,91.92180836556096
29,3,82.9613766497397
29,4,83.1492667096028
29,5,127.6757623313567
29,6,82.80592523125007
29,7,82.22723674349332
29,8,128.18619069057817
29,9,128.18619069057817
29,10,86.59915938582661
29,11,128.18619069057817
29,12,128.18619069057817
29,13,128.18619069057817
29,15,128.18619069057817
29,16,128.18619069057817
29,17,128.18619069057817
29,18,128.18619069057817
29,19,128.18619069057817
29,20,5.601367548298173
29,21,83.24626258452123
29,22,86.36482011356851
29,23,90.9832266750713
29,24,88.97093625768314
29,25,87.90555670913041
29,26,91.29185671025641
29,27,84.74011121707855
29,28,80.34780221741254
29,29,0.0
