source_id,target_id,rtt
0,0,0.0
0,1,9.753472880964942
0,2,17.418594904208444
0,3,22.73271342382465
0,4,19.194543201659027
0,5,51.1113640818408
0,6,19.042901142573662
0,7,15.24124100057675
0,8,23.308040844160203
0,9,158.01001976637525
0,10,82.06286190560886
0,11,22.738286520252487
0,12,20.128243588684022
0,13,30.539895363246195
0,14,35.96460671541652
0,15,18.814914042235742
0,16,29.99483994002904
0,17,18.372157407019568
0,18,13.441520809780807
0,19,14.78057199743279
0,20,25.391003260797504
0,21,26.259721275877226
0,22,26.201673268103892
0,23,27.718668755733432
1,0,9.753472880964942
1,1,0.0
1,2,27.172067785173386
1,3,32.48618630478959
1,4,9.441070320694084
1,5,41.357891200875855
1,6,9.289428261608718
1,7,5.4877681196118075
1,8,13.55456796319526
1,9,148.25654688541033
1,10,91.8163347865738
1,11,32.49175940121743
1,12,29.881716469648964
1,13,40.29336824421114
1,14,45.06515030741601
1,15,28.568386923200684
1,16,20.241367059064093
1,17,8.618684526054626
1,18,3.688047928815864
1,19,24.534044878397733
1,20,35.144476141762446
1,21,36.01319415684217
1,22,35.302216860103385
1,23,23.6923393157426
2,0,17.418594904208444
2,1,27.172067785173386
2,2,0.0
2,3,10.590164333167513
2,4,29.82738866012481
2,5,68.52995898604925
2,6,32.929002670454835
2,7,32.6598359047852
2,8,37.19414237204138
2,9,175.4286146705837
2,10,67.285221849699
2,11,5.319691616044041
2,12,2.7096486844755785
2,13,13.121300459037748
2,14,22.969464844231773
2,15,6.672364951578606
2,16,30.575215942585828
2,17,32.258258934900745
2,18,30.86011571398925
2,19,2.638022906775654
2,20,7.972408356589057
2,21,11.482081219967373
2,22,14.059124177446755
2,23,15.576119665076295
3,0,22.73271342382465
3,1,32.48618630478959
3,2,10.590164333167513
3,3,0.0
3,4,24.19007938055684
3,5,67.61294504449505
3,6,35.544482105227914
3,7,29.003897008668424
3,8,39.809621806814455
3,9,174.51160072902954
3,10,71.32486066811451
3,11,14.664763915549582
3,12,13.299813017643093
3,13,17.16093927745326
3,14,13.23189329159187
3,15,3.9177993815889067
3,16,35.88933446220204
3,17,34.87373836967382
3,18,29.943101772435064
3,19,7.952141426391859
3,20,12.012047175004568
3,21,15.521720038382885
3,22,3.468959844279243
3,23,9.938810385508324
4,0,19.194543201659027
4,1,9.441070320694084
4,2,29.82738866012481
4,3,24.19007938055684
4,4,0.0
4,5,43.42286566393821
4,6,11.354402724671075
4,7,4.8138176281115825
4,8,15.619542426257617
4,9,150.3215213484727
4,10,93.71704736324457
4,11,35.14708027616885
4,12,32.53703734460039
4,13,39.55312597258332
4,14,35.624079986721924
4,15,28.107878762145745
4,16,22.306341522126452
4,17,10.683658989116983
4,18,5.753022391878221
4,19,27.189365753349158
4,20,34.404233870134625
4,21,37.913906733512945
4,22,25.8611465394093
4,23,14.251268995048516
5,0,51.1113640818408
5,1,41.357891200875855
5,2,68.52995898604925
5,3,67.61294504449505
5,4,43.42286566393821
5,5,0.0
5,6,43.27122360485285
5,7,39.46956346285594
5,8,37.675287853532794
5,9,106.89865568453445
5,10,133.17422598744966
5,11,73.84965060209329
5,12,71.23960767052482
5,13,81.651259445087
5,14,79.04694565066015
5,15,69.92627812407655
5,16,54.22316240230822
5,17,42.60047986929875
5,18,37.66984327205999
5,19,65.89193607927359
5,20,76.50236734263831
5,21,77.37108535771803
5,22,69.28401220334752
5,23,57.67413465898673
6,0,19.042901142573662
6,1,9.289428261608718
6,2,32.929002670454835
6,3,35.544482105227914
6,4,11.354402724671075
6,5,43.27122360485285
6,6,0.0
6,7,7.401100523588798
6,8,5.606627172694725
6,9,150.06342758352548
6,10,97.57326967185524
6,11,38.248694286498875
6,12,35.63865135493042
6,13,46.05030312949258
6,14,46.978482711393
6,15,34.32532180848214
6,16,10.951938797455377
6,17,0.6707437355540913
6,18,5.6013803327928535
6,19,30.290979763679182
6,20,40.90141102704389
6,21,41.770129042123614
6,22,37.21554926408038
6,23,25.60567171971959
7,0,15.24124100057675
7,1,5.4877681196118075
7,2,32.6598359047852
7,3,29.003897008668424
7,4,4.8138176281115825
7,5,39.46956346285594
7,6,7.401100523588798
7,7,0.0
7,8,11.66624022517534
7,9,146.3682191473904
7,10,97.3041029061856
7,11,37.97952752082924
7,12,35.36948458926077
7,13,44.366943600694896
7,14,40.43789761483351
7,15,32.92169639025733
7,16,18.353039321044175
7,17,6.730356788034706
7,18,1.7997201907959441
7,19,30.02181299800954
7,20,39.21805149824621
7,21,41.500962276453976
7,22,30.674964167520884
7,23,19.0650866231601
8,0,23.308040844160203
8,1,13.55456796319526
8,2,37.19414237204138
8,3,39.809621806814455
8,4,15.619542426257617
8,5,37.675287853532794
8,6,5.606627172694725
8,7,11.66624022517534
8,8,0.0
8,9,144.45680041083077
8,10,101.83840937344179
8,11,42.51383398808542
8,12,39.90379105651696
8,13,50.315442831079125
8,14,51.24362241297955
8,15,38.59046151006868
8,16,16.5585659701501
8,17,4.9358834371406335
8,18,9.866520034379395
8,19,34.55611946526572
8,20,45.16655072863043
8,21,46.03526874371016
8,22,41.480688965666914
8,23,29.870811421306133
9,0,158.01001976637525
9,1,148.25654688541033
9,2,175.4286146705837
9,3,174.51160072902954
9,4,150.3215213484727
9,5,106.89865568453445
9,6,150.06342758352548
9,7,146.3682191473904
9,8,144.45680041083077
9,9,0.0
9,10,240.07288167198408
9,11,180.74830628662772
9,12,178.13826335505928
9,13,188.54991512962144
9,14,185.94560133519462
9,15,176.82493380861098
9,16,161.01536638098088
9,17,149.3926838479714
9,18,144.56849895659445
9,19,172.79059176380804
9,20,183.40102302717276
9,21,184.26974104225246
9,22,176.182667887882
9,23,164.5727903435212
10,0,82.06286190560886
10,1,91.8163347865738
10,2,67.285221849699
10,3,71.32486066811451
10,4,93.71704736324457
10,5,133.17422598744966
10,6,97.57326967185524
10,7,97.3041029061856
10,8,101.83840937344179
10,9,240.07288167198408
10,10,0.0
10,11,61.96553023365496
10,12,64.57557316522343
10,13,64.46170559555864
10,14,74.30986998075267
10,15,71.31663195297901
10,16,95.21948294398624
10,17,96.90252593630116
10,18,95.50438271538965
10,19,67.28228990817607
10,20,59.31281349310995
10,21,55.80314062973163
10,22,67.85590082383527
10,23,79.46577836819606
11,0,22.738286520252487
11,1,32.49175940121743
11,2,5.319691616044041
11,3,14.664763915549582
11,4,35.14708027616885
11,5,73.84965060209329
11,6,38.248694286498875
11,7,37.97952752082924
11,8,42.51383398808542
11,9,180.74830628662772
11,10,61.96553023365496
11,11,0.0
11,12,2.6100429315684632
11,13,7.801608842993707
11,14,17.649773228187733
11,15,11.992056567622647
11,16,35.89490755862987
11,17,37.57795055094479
11,18,36.17980733003329
11,19,7.957714522819696
11,20,2.652716740545015
11,21,6.162389603923332
11,22,11.19580407127034
11,23,20.895811281120338
12,0,20.128243588684022
12,1,29.881716469648964
12,2,2.7096486844755785
12,3,13.299813017643093
12,4,32.53703734460039
12,5,71.23960767052482
12,6,35.63865135493042
12,7,35.36948458926077
12,8,39.90379105651696
12,9,178.13826335505928
12,10,64.57557316522343
12,11,2.6100429315684632
12,12,0.0
12,13,10.41165177456217
12,14,20.2598161597562
12,15,9.382013636054186
12,16,33.28486462706141
12,17,34.96790761937633
12,18,33.56976439846483
12,19,5.347671591251233
12,20,5.262759672113479
12,21,8.772432535491795
12,22,13.805847002838803
12,23,18.285768349551873
13,0,30.539895363246195
13,1,40.29336824421114
13,2,13.121300459037748
13,3,17.16093927745326
13,4,39.55312597258332
13,5,81.651259445087
13,6,46.05030312949258
13,7,44.366943600694896
13,8,50.315442831079125
13,9,188.54991512962144
13,10,64.46170559555864
13,11,7.801608842993707
13,12,10.41165177456217
13,13,0.0
13,14,20.14594859009141
13,15,19.793665410616356
13,16,43.696516401623576
13,17,45.37955939393849
13,18,43.981416173027
13,19,15.759323365813405
13,20,5.148892102448692
13,21,8.65856496582701
13,22,13.691979433174016
13,23,25.3018569775348
14,0,35.96460671541652
14,1,45.06515030741601
14,2,22.969464844231773
14,3,13.23189329159187
14,4,35.624079986721924
14,5,79.04694565066015
14,6,46.978482711393
14,7,40.43789761483351
14,8,51.24362241297955
14,9,185.94560133519462
14,10,74.30986998075267
14,11,17.649773228187733
14,12,20.2598161597562
14,13,20.14594859009141
14,14,0.0
14,15,17.149692673180777
14,16,49.1212277537939
14,17,46.307738975838916
14,18,41.37710237860015
14,19,21.184034717983728
14,20,14.997056487642718
14,21,18.506729351021036
14,22,9.762933447312628
14,23,21.37281099167341
15,0,18.814914042235742
15,1,28.568386923200684
15,2,6.672364951578606
15,3,3.9177993815889067
15,4,28.107878762145745
15,5,69.92627812407655
15,6,34.32532180848214
15,7,32.92169639025733
15,8,38.59046151006868
15,9,176.82493380861098
15,10,71.31663195297901
15,11,11.992056567622647
15,12,9.382013636054186
15,13,19.793665410616356
15,14,17.149692673180777
15,15,0.0
15,16,31.971535080613126
15,17,33.65457807292805
15,18,32.25643485201655
15,19,4.034342044802952
15,20,14.644773308167665
15,21,15.513491323247386
15,22,7.38675922586815
15,23,13.85660976709723
16,0,29.99483994002904
16,1,20.241367059064093
16,2,30.575215942585828
16,3,35.88933446220204
16,4,22.306341522126452
16,5,54.22316240230822
16,6,10.951938797455377
16,7,18.353039321044175
16,8,16.5585659701501
16,9,161.01536638098088
16,10,95.21948294398624
16,11,35.89490755862987
16,12,33.28486462706141
16,13,43.696516401623576
16,14,49.1212277537939
16,15,31.971535080613126
16,16,0.0
16,17,11.622682533009467
16,18,16.55331913024823
16,19,27.937193035810175
16,20,38.547624299174885
16,21,39.41634231425461
16,22,39.35829430648128
16,23,36.557610517174965
17,0,18.372157407019568
17,1,8.618684526054626
17,2,32.258258934900745
17,3,34.87373836967382
17,4,10.683658989116983
17,5,42.60047986929875
17,6,0.6707437355540913
17,7,6.730356788034706
17,8,4.9358834371406335
17,9,149.3926838479714
17,10,96.90252593630116
17,11,37.57795055094479
17,12,34.96790761937633
17,13,45.37955939393849
17,14,46.307738975838916
17,15,33.65457807292805
17,16,11.622682533009467
17,17,0.0
17,18,4.930636597238762
17,19,29.620236028125092
17,20,40.2306672914898
17,21,41.09938530656953
17,22,36.54480552852628
17,23,24.9349279841655
18,0,13.441520809780807
18,1,3.688047928815864
18,2,30.86011571398925
18,3,29.943101772435064
18,4,5.753022391878221
18,5,37.66984327205999
18,6,5.6013803327928535
18,7,1.7997201907959441
18,8,9.866520034379395
18,9,144.56849895659445
18,10,95.50438271538965
18,11,36.17980733003329
18,12,33.56976439846483
18,13,43.981416173027
18,14,41.37710237860015
18,15,32.25643485201655
18,16,16.55331913024823
18,17,4.930636597238762
18,18,0.0
18,19,28.222092807213595
18,20,38.83252407057831
18,21,39.70124208565803
18,22,31.614168931287523
18,23,20.004291386926738
19,0,14.78057199743279
19,1,24.534044878397733
19,2,2.638022906775654
19,3,7.952141426391859
19,4,27.189365753349158
19,5,65.89193607927359
19,6,30.290979763679182
19,7,30.02181299800954
19,8,34.55611946526572
19,9,172.79059176380804
19,10,67.28228990817607
19,11,7.957714522819696
19,12,5.347671591251233
19,13,15.759323365813405
19,14,21.184034717983728
19,15,4.034342044802952
19,16,27.937193035810175
19,17,29.620236028125092
19,18,28.222092807213595
19,19,0.0
19,20,10.610431263364712
19,21,11.479149278444435
19,22,11.421101270671102
19,23,12.938096758300642
20,0,25.391003260797504
20,1,35.144476141762446
20,2,7.972408356589057
20,3,12.012047175004568
20,4,34.404233870134625
20,5,76.50236734263831
20,6,40.90141102704389
20,7,39.21805149824621
20,8,45.16655072863043
20,9,183.40102302717276
20,10,59.31281349310995
20,11,2.652716740545015
20,12,5.262759672113479
20,13,5.148892102448692
20,14,14.997056487642718
20,15,14.644773308167665
20,16,38.547624299174885
20,17,40.2306672914898
20,18,38.83252407057831
20,19,10.610431263364712
20,20,0.0
20,21,3.5096728633783174
20,22,8.543087330725324
20,23,20.15296487508611
21,0,26.259721275877226
21,1,36.01319415684217
21,2,11.482081219967373
21,3,15.521720038382885
21,4,37.913906733512945
21,5,77.37108535771803
21,6,41.770129042123614
21,7,41.500962276453976
21,8,46.03526874371016
21,9,184.26974104225246
21,10,55.80314062973163
21,11,6.162389603923332
21,12,8.772432535491795
21,13,8.65856496582701
21,14,18.506729351021036
21,15,15.513491323247386
21,16,39.41634231425461
21,17,41.09938530656953
21,18,39.70124208565803
21,19,11.479149278444435
21,20,3.5096728633783174
21,21,0.0
21,22,12.05276019410364
21,23,23.662637738464426
22,0,26.201673268103892
22,1,35.302216860103385
22,2,14.059124177446755
22,3,3.468959844279243
22,4,25.8611465394093
22,5,69.28401220334752
22,6,37.21554926408038
22,7,30.674964167520884
22,8,41.480688965666914
22,9,176.182667887882
22,10,67.85590082383527
22,11,11.19580407127034
22,12,13.805847002838803
22,13,13.691979433174016
22,14,9.762933447312628
22,15,7.38675922586815
22,16,39.35829430648128
22,17,36.54480552852628
22,18,31.614168931287523
22,19,11.421101270671102
22,20,8.543087330725324
22,21,12.05276019410364
22,22,0.0
22,23,11.609877544360785
23,0,27.718668755733432
23,1,23.6923393157426
23,2,15.576119665076295
23,3,9.938810385508324
23,4,14.251268995048516
23,5,57.67413465898673
23,6,25.60567171971959
23,7,19.0650866231601
23,8,29.870811421306133
23,9,164.5727903435212
23,10,79.46577836819606
23,11,20.895811281120338
23,12,18.285768349551873
23,13,25.3018569775348
23,14,21.37281099167341
23,15,13.85660976709723
23,16,36.557610517174965
23,17,24.9349279841655
23,18,20.004291386926738
23,19,12.938096758300642
23,20,20.15296487508611
23,21,23.662637738464426
23,22,11.609877544360785
23,23,0.0
