source_id,target_id,rtt
0,0,0.0
0,1,6.993308236377503
0,2,19.037377226875112
0,3,15.52687501004604
0,4,15.93014452114496
0,5,19.20259960598066
0,6,8.154819840585615
0,7,12.766100830378114
0,8,19.619235437418915
0,9,17.76630169682555
0,10,10.988624934448096
0,11,15.907367477037925
0,12,16.017639025024092
0,13,24.819096951400255
0,14,16.326915719113007
0,15,13.98157424143888
0,16,11.550873944624835
0,17,11.654442247857299
0,18,16.589246405861793
0,19,14.146369286780141
0,20,5.877171232176841
0,21,7.25457124144415
0,22,7.127646211978729
0,23,9.29714098609887
0,24,21.878842438771347
0,25,22.55729549105927
0,26,33.93488753001489
0,27,24.355996244946663
0,28,28.838731247286375
0,29,34.31890005504624
0,30,30.093149589695383
0,31,21.39287453967875
0,32,24.817138141932492
0,33,21.76157447316332
1,0,6.993308236377503
1,1,0.0
1,2,26.030685463252613
1,3,22.520183246423542
1,4,16.443987660408197
1,5,26.195907842358164
1,6,1.1615116042081126
1,7,13.279943969641351
1,8,22.687348897871047
1,9,24.75960993320306
1,10,17.9819331708256
1,11,22.900675713415428
1,12,23.010947261401597
1,13,29.071774882912145
1,14,23.320223955490512
1,15,6.988266005061377
1,16,18.544182181002338
1,17,18.647750484234802
1,18,23.582554642239295
1,19,21.139677523157644
1,20,8.90265213548169
1,21,7.52525212621438
1,22,9.093778791661599
1,23,16.290449222476376
1,24,28.463379016935907
1,25,29.550603727436776
1,26,40.92819576639239
1,27,31.349304481324165
1,28,35.83203948366388
1,29,40.20257461192077
1,30,35.97682414656991
1,31,28.386182776056252
1,32,27.885251602384624
1,33,24.829687933615453
2,0,19.037377226875112
2,1,26.030685463252613
2,2,0.0
2,3,3.5105022168290723
2,4,16.514686510738716
2,5,10.73607981693657
2,6,27.192197067460725
2,7,19.574020652977527
2,8,10.271325273275867
2,9,14.478369595796751
2,10,30.02600216132321
2,11,25.893077180360173
2,12,22.825558847623505
2,13,7.435549666839912
2,14,23.13483554171242
2,15,25.865698617557502
2,16,18.33968676606995
2,17,18.462362070456713
2,18,13.30131430483299
2,19,20.954289109379555
2,20,24.914548459051954
2,21,26.291948468319262
2,22,26.16502343885384
2,23,16.105060808698287
2,24,4.495295154211005
2,25,9.184542737630274
2,26,21.91851473679792
2,27,12.339623451729695
2,28,16.417538081510003
2,29,16.9353527704859
2,30,12.70960230513504
2,31,4.009327255118408
2,32,8.622072947367432
2,33,8.12898623753146
3,0,15.52687501004604
3,1,22.520183246423542
3,2,3.5105022168290723
3,3,0.0
3,4,20.025188727567787
3,5,14.246582033765641
3,6,23.681694850631654
3,7,23.084522869806598
3,8,13.781827490104938
3,9,17.988871812625824
3,10,26.515499944494138
3,11,29.403579397189247
3,12,26.33606106445258
3,13,10.946051883668984
3,14,26.645337758541494
3,15,29.376200834386573
3,16,21.85018898289902
3,17,21.972864287285788
3,18,16.81181652166206
3,19,24.464791326208626
3,20,21.404046242222883
3,21,22.78144625149019
3,22,22.65452122202477
3,23,19.615563025527358
3,24,8.005797371040078
3,25,12.695044954459346
3,26,18.40801251996885
3,27,8.829121234900622
3,28,13.311856237240335
3,29,20.445854987314974
3,30,16.22010452196411
3,31,7.51982947194748
3,32,12.132575164196505
3,33,11.639488454360531
4,0,15.93014452114496
4,1,16.443987660408197
4,2,16.514686510738716
4,3,20.025188727567787
4,4,0.0
4,5,11.88670346913884
4,6,15.282476056200085
4,7,3.164043690766846
4,8,6.2433612374628495
4,9,10.450405559983734
4,10,21.339762449297805
4,11,16.421019906707976
4,12,13.35350157397131
4,13,12.627787222503947
4,14,13.662778268060226
4,15,9.45572165534682
4,16,8.886736493572052
4,17,8.990304796804516
4,18,9.273350269019973
4,19,11.482231835727358
4,20,21.807315753321802
4,21,21.646216578206353
4,22,23.05779073312369
4,23,6.633003535046089
4,24,12.019391356527711
4,25,15.241399354217453
4,26,29.626124366484714
4,27,27.72350726487639
4,28,23.240772262536677
4,29,23.758586951512573
4,30,19.532836486161713
4,31,12.50535925562031
4,32,11.441263941976427
4,33,8.385700273207256
5,0,19.20259960598066
5,1,26.195907842358164
5,2,10.73607981693657
5,3,14.246582033765641
5,4,11.88670346913884
5,5,0.0
5,6,25.492850829594268
5,7,13.374418464161032
5,8,5.643342231675991
5,9,3.7904084910826286
5,10,24.612217534133503
5,11,19.693474991543674
5,12,16.62595665880701
5,13,9.18103917535447
5,14,16.935233352895924
5,15,19.666096428741007
5,16,7.651725661355826
5,17,9.020227420697697
5,18,2.613353200118868
5,19,11.51215445962054
5,20,25.0797708381575
5,21,26.45717084742481
5,22,26.330245817959387
5,23,9.905458619881788
5,24,6.240784662725564
5,25,3.3546958850786113
5,26,25.520315492157792
5,27,23.07570326866626
5,28,19.134963388209755
5,29,19.65277807718565
5,30,15.427027611834793
5,31,6.726752561818161
5,32,10.367562455881991
5,33,7.785681267420398
6,0,8.154819840585615
6,1,1.1615116042081126
6,2,27.192197067460725
6,3,23.681694850631654
6,4,15.282476056200085
6,5,25.492850829594268
6,6,0.0
6,7,12.11843236543324
6,8,21.525837293662935
6,9,24.056552920439163
6,10,19.14344477503371
6,11,24.06218731762354
6,12,22.3078902486377
6,13,27.910263278704033
6,14,22.61716694272662
6,15,5.826754400853265
6,16,17.841125168238445
6,17,17.94469347147091
6,18,22.879497629475402
6,19,20.43662051039375
6,20,7.741140531273577
6,21,6.3637405220062675
6,22,7.932267187453486
6,23,15.587392209712482
6,24,27.301867412727795
6,25,28.84754671467288
6,26,42.0897073706005
6,27,32.51081608553228
6,28,36.99355108787199
6,29,39.04106300771266
6,30,34.815312542361795
6,31,27.68312576329236
6,32,26.723739998176512
6,33,23.66817632940734
7,0,12.766100830378114
7,1,13.279943969641351
7,2,19.574020652977527
7,3,23.084522869806598
7,4,3.164043690766846
7,5,13.374418464161032
7,6,12.11843236543324
7,7,0.0
7,8,9.407404928229695
7,9,11.938120555005924
7,10,18.17571875853096
7,11,13.25697621594113
7,12,10.189457883204463
7,13,15.791830913270793
7,14,10.49873457729338
7,15,6.291677964579974
7,16,5.722692802805206
7,17,5.82626110603767
7,18,10.761065264042163
7,19,8.318188144960512
7,20,18.643272062554956
7,21,18.482172887439507
7,22,19.893747042356843
7,23,3.468959844279243
7,24,15.183435047294557
7,25,16.729114349239644
7,26,32.79016805725156
7,27,30.887550955643235
7,28,26.404815953303522
7,29,26.92263064227942
7,30,22.69688017692856
7,31,15.56469339785912
7,32,14.605307632743273
7,33,11.549743963974102
8,0,19.619235437418915
8,1,22.687348897871047
8,2,10.271325273275867
8,3,13.781827490104938
8,4,6.2433612374628495
8,5,5.643342231675991
8,6,21.525837293662935
8,7,9.407404928229695
8,8,0.0
8,9,4.207044322520884
8,10,25.02885336557176
8,11,20.11011082298193
8,12,17.042592490245266
8,13,6.384425985041099
8,14,17.35186918433418
8,15,15.69908289280967
8,16,8.06836149279408
8,17,9.436863252135954
8,18,3.029989031557123
8,19,11.928790291058796
8,20,25.496406669595757
8,21,26.873806678863065
8,22,26.746881649397643
8,23,10.322094451320044
8,24,5.7760301190648615
8,25,8.998038116754604
8,26,23.382763129021864
8,27,21.48014602741354
8,28,16.997411025073827
8,29,17.515225714049723
8,30,13.289475248698864
8,31,6.26199801815746
8,32,5.197902704513579
8,33,2.142339035744407
9,0,17.76630169682555
9,1,24.75960993320306
9,2,14.478369595796751
9,3,17.988871812625824
9,4,10.450405559983734
9,5,3.7904084910826286
9,6,24.056552920439163
9,7,11.938120555005924
9,8,4.207044322520884
9,9,0.0
9,10,23.1759196249784
9,11,18.257177082388566
9,12,15.189658749651901
9,13,10.591470307561982
9,14,15.498935443740818
9,15,18.2297985195859
9,16,6.215427752200718
9,17,7.583929511542591
9,18,1.1770552909637604
9,19,10.075856550465433
9,20,23.643472929002392
9,21,25.020872938269704
9,22,24.89394790880428
9,23,8.469160710726682
9,24,9.983074441585746
9,25,7.145104376161241
9,26,27.589807451542747
9,27,25.687190349934426
9,28,21.20445534759471
9,29,21.722270036570606
9,30,17.49651957121975
9,31,10.469042340678342
9,32,9.404947027034462
9,33,6.349383358265291
10,0,10.988624934448096
10,1,17.9819331708256
10,2,30.02600216132321
10,3,26.515499944494138
10,4,21.339762449297805
10,5,24.612217534133503
10,6,19.14344477503371
10,7,18.17571875853096
10,8,25.02885336557176
10,9,23.1759196249784
10,10,0.0
10,11,4.918742542589829
10,12,7.986260875326494
10,13,30.228714879553095
10,14,10.795511779250916
10,15,24.46739672311093
10,16,16.960491872777677
10,17,17.06406017601014
10,18,21.998864334014634
10,19,19.555987214932983
10,20,16.865796166624936
10,21,18.243196175892244
10,22,18.116271146426826
10,23,14.706758914251715
10,24,27.288460366924188
10,25,27.966913419212116
10,26,44.92351246446299
10,27,35.344621179394764
10,28,39.21070329422319
10,29,39.72851798319908
10,30,35.50276751784823
10,31,26.80249246783159
10,32,30.226756070085337
10,33,27.171192401316166
11,0,15.907367477037925
11,1,22.900675713415428
11,2,25.893077180360173
11,3,29.403579397189247
11,4,16.421019906707976
11,5,19.693474991543674
11,6,24.06218731762354
11,7,13.25697621594113
11,8,20.11011082298193
11,9,18.257177082388566
11,10,4.918742542589829
11,11,0.0
11,12,3.067518332736665
11,13,25.30997233696327
11,14,15.714254321840745
11,15,19.548654180521105
11,16,12.04174933018785
11,17,12.145317633420314
11,18,17.08012179142481
11,19,14.637244672343156
11,20,21.784538709214765
11,21,23.161938718482073
11,22,23.035013689016655
11,23,9.788016371661886
11,24,22.369717824334362
11,25,23.048170876622287
11,26,40.6773128555814
11,27,38.232700632089866
11,28,34.29196075163336
11,29,34.80977544060926
11,30,30.584024975258398
11,31,21.883749925241766
11,32,25.308013527495508
11,33,22.252449858726337
12,0,16.017639025024092
12,1,23.010947261401597
12,2,22.825558847623505
12,3,26.33606106445258
12,4,13.35350157397131
12,5,16.62595665880701
12,6,22.3078902486377
12,7,10.189457883204463
12,8,17.042592490245266
12,9,15.189658749651901
12,10,7.986260875326494
12,11,3.067518332736665
12,12,0.0
12,13,22.2424540042266
12,14,13.750272771939358
12,15,16.481135847784437
12,16,8.974230997451183
12,17,9.077799300683647
12,18,14.01260345868814
12,19,11.56972633960649
12,20,21.894810257200934
12,21,23.272210266468242
12,22,23.14528523700282
12,23,6.7204980389252205
12,24,19.302199491597694
12,25,19.980652543885622
12,26,37.60979452284473
12,27,35.1651822993532
12,28,31.224442418896693
12,29,31.74225710787259
12,30,27.51650664252173
12,31,18.816231592505098
12,32,22.240495194758843
12,33,19.184931525989672
13,0,24.819096951400255
13,1,29.071774882912145
13,2,7.435549666839912
13,3,10.946051883668984
13,4,12.627787222503947
13,5,9.18103917535447
13,6,27.910263278704033
13,7,15.791830913270793
13,8,6.384425985041099
13,9,10.591470307561982
13,10,30.228714879553095
13,11,25.30997233696327
13,12,22.2424540042266
13,13,0.0
13,14,22.551730698315517
13,15,22.083508877850768
13,16,14.45278747783518
13,17,15.821289237177051
13,18,9.414415016598221
13,19,18.313216276099894
13,20,30.696268183577097
13,21,32.0736681928444
13,22,31.946743163378983
13,23,15.521955965301382
13,24,2.9402545126289064
13,25,8.60143789423337
13,26,19.371383705035807
13,27,17.468766603427483
13,28,12.98603160108777
13,29,13.503846290063667
13,30,9.278095824712807
13,31,3.426222411721504
13,32,1.1865232805275199
13,33,4.2420869492966915
14,0,16.326915719113007
14,1,23.320223955490512
14,2,23.13483554171242
14,3,26.645337758541494
14,4,13.662778268060226
14,5,16.935233352895924
14,6,22.61716694272662
14,7,10.49873457729338
14,8,17.35186918433418
14,9,15.498935443740818
14,10,10.795511779250916
14,11,15.714254321840745
14,12,13.750272771939358
14,13,22.551730698315517
14,14,0.0
14,15,16.79041254187335
14,16,9.2835076915401
14,17,9.387075994772564
14,18,14.321880152777057
14,19,11.289813178916758
14,20,22.20408695128985
14,21,23.581486960557157
14,22,23.454561931091735
14,23,7.029774733014136
14,24,19.61147618568661
14,25,20.289929237974537
14,26,37.919071216933645
14,27,35.47445899344211
14,28,31.533719112985608
14,29,32.051533801961504
14,30,27.825783336610645
14,31,19.125508286594012
14,32,22.549771888847758
14,33,19.494208220078587
15,0,13.98157424143888
15,1,6.988266005061377
15,2,25.865698617557502
15,3,29.376200834386573
15,4,9.45572165534682
15,5,19.666096428741007
15,6,5.826754400853265
15,7,6.291677964579974
15,8,15.69908289280967
15,9,18.2297985195859
15,10,24.46739672311093
15,11,19.548654180521105
15,12,16.481135847784437
15,13,22.083508877850768
15,14,16.79041254187335
15,15,0.0
15,16,12.01437076738518
15,17,12.117939070617645
15,18,17.052743228622138
15,19,14.609866109540487
15,20,13.567894932126842
15,21,12.190494922859532
15,22,13.75902158830675
15,23,9.760637808859217
15,24,21.47511301187453
15,25,23.02079231381962
15,26,39.08184602183154
15,27,37.17922892022321
15,28,32.6964939178835
15,29,33.21430860685939
15,30,28.988558141508534
15,31,21.856371362439095
15,32,20.896985597323248
15,33,17.841421928554077
16,0,11.550873944624835
16,1,18.544182181002338
16,2,18.33968676606995
16,3,21.85018898289902
16,4,8.886736493572052
16,5,7.651725661355826
16,6,17.841125168238445
16,7,5.722692802805206
16,8,8.06836149279408
16,9,6.215427752200718
16,10,16.960491872777677
16,11,12.04174933018785
16,12,8.974230997451183
16,13,14.45278747783518
16,14,9.2835076915401
16,15,12.01437076738518
16,16,0.0
16,17,1.3685017593418718
16,18,5.038372461236958
16,19,3.860428798264714
16,20,17.428045176801675
16,21,18.805445186068983
16,22,18.67852015660356
16,23,2.2537329585259633
16,24,13.844391611858944
16,25,11.006421546434439
16,26,31.451124621815946
16,27,29.54850752020762
16,28,25.06577251786791
16,29,25.583587206843806
16,30,21.357836741492946
16,31,14.330359510951542
16,32,13.26626419730766
16,33,10.210700528538489
17,0,11.654442247857299
17,1,18.647750484234802
17,2,18.462362070456713
17,3,21.972864287285788
17,4,8.990304796804516
17,5,9.020227420697697
17,6,17.94469347147091
17,7,5.82626110603767
17,8,9.436863252135954
17,9,7.583929511542591
17,10,17.06406017601014
17,11,12.145317633420314
17,12,9.077799300683647
17,13,15.821289237177051
17,14,9.387075994772564
17,15,12.117939070617645
17,16,1.3685017593418718
17,17,0.0
17,18,6.40687422057883
17,19,2.4919270389228423
17,20,17.53161348003414
17,21,18.909013489301447
17,22,18.782088459836025
17,23,2.3573012617584275
17,24,14.939002714430904
17,25,12.37492330577631
17,26,32.81962638115782
17,27,30.801985522186406
17,28,26.43427427720978
17,29,26.952088966185677
17,30,22.726338500834817
17,31,14.453034815338306
17,32,14.634765956649531
17,33,11.57920228788036
18,0,16.589246405861793
18,1,23.582554642239295
18,2,13.30131430483299
18,3,16.81181652166206
18,4,9.273350269019973
18,5,2.613353200118868
18,6,22.879497629475402
18,7,10.761065264042163
18,8,3.029989031557123
18,9,1.1770552909637604
18,10,21.998864334014634
18,11,17.08012179142481
18,12,14.01260345868814
18,13,9.414415016598221
18,14,14.321880152777057
18,15,17.052743228622138
18,16,5.038372461236958
18,17,6.40687422057883
18,18,0.0
18,19,8.898801259501672
18,20,22.466417638038635
18,21,23.84381764730594
18,22,23.71689261784052
18,23,7.292105419762921
18,24,8.806019150621985
18,25,5.96804908519748
18,26,26.41275216057899
18,27,24.51013505897066
18,28,20.027400056630952
18,29,20.54521474560685
18,30,16.319464280255985
18,31,9.291987049714582
18,32,8.227891736070701
18,33,5.17232806730153
19,0,14.146369286780141
19,1,21.139677523157644
19,2,20.954289109379555
19,3,24.464791326208626
19,4,11.482231835727358
19,5,11.51215445962054
19,6,20.43662051039375
19,7,8.318188144960512
19,8,11.928790291058796
19,9,10.075856550465433
19,10,19.555987214932983
19,11,14.637244672343156
19,12,11.56972633960649
19,13,18.313216276099894
19,14,11.289813178916758
19,15,14.609866109540487
19,16,3.860428798264714
19,17,2.4919270389228423
19,18,8.898801259501672
19,19,0.0
19,20,20.023540518956985
19,21,21.40094052822429
19,22,21.27401549875887
19,23,4.84922830068127
19,24,17.430929753353745
19,25,14.866850344699152
19,26,35.31155342008066
19,27,33.29391256110925
19,28,28.926201316132623
19,29,29.44401600510852
19,30,25.21826553975766
19,31,16.944961854261148
19,32,17.126692995572373
19,33,14.071129326803202
20,0,5.877171232176841
20,1,8.90265213548169
20,2,24.914548459051954
20,3,21.404046242222883
20,4,21.807315753321802
20,5,25.0797708381575
20,6,7.741140531273577
20,7,18.643272062554956
20,8,25.496406669595757
20,9,23.643472929002392
20,10,16.865796166624936
20,11,21.784538709214765
20,12,21.894810257200934
20,13,30.696268183577097
20,14,22.20408695128985
20,15,13.567894932126842
20,16,17.428045176801675
20,17,17.53161348003414
20,18,22.466417638038635
20,19,20.023540518956985
20,20,0.0
20,21,1.3774000092673095
20,22,2.945926674714528
20,23,15.174312218275713
20,24,27.75601367094819
20,25,28.434466723236113
20,26,39.81205876219173
20,27,30.233167477123505
20,28,34.71590247946322
20,29,40.196071287223084
20,30,35.97032082187222
20,31,27.270045771855592
20,32,30.694309374109334
20,33,27.638745705340163
21,0,7.25457124144415
21,1,7.52525212621438
21,2,26.291948468319262
21,3,22.78144625149019
21,4,21.646216578206353
21,5,26.45717084742481
21,6,6.3637405220062675
21,7,18.482172887439507
21,8,26.873806678863065
21,9,25.020872938269704
21,10,18.243196175892244
21,11,23.161938718482073
21,12,23.272210266468242
21,13,32.0736681928444
21,14,23.581486960557157
21,15,12.190494922859532
21,16,18.805445186068983
21,17,18.909013489301447
21,18,23.84381764730594
21,19,21.40094052822429
21,20,1.3774000092673095
21,21,0.0
21,22,1.5685266654472183
21,23,16.55171222754302
21,24,29.133413680215494
21,25,29.81186673250342
21,26,41.18945877145904
21,27,31.610567486390813
21,28,36.09330248873053
21,29,41.57347129649039
21,30,37.347720831139526
21,31,28.647445781122897
21,32,32.07170938337664
21,33,29.01614571460747
22,0,7.127646211978729
22,1,9.093778791661599
22,2,26.16502343885384
22,3,22.65452122202477
22,4,23.05779073312369
22,5,26.330245817959387
22,6,7.932267187453486
22,7,19.893747042356843
22,8,26.746881649397643
22,9,24.89394790880428
22,10,18.116271146426826
22,11,23.035013689016655
22,12,23.14528523700282
22,13,31.946743163378983
22,14,23.454561931091735
22,15,13.75902158830675
22,16,18.67852015660356
22,17,18.782088459836025
22,18,23.71689261784052
22,19,21.27401549875887
22,20,2.945926674714528
22,21,1.5685266654472183
22,22,0.0
22,23,16.4247871980776
22,24,29.006488650750075
22,25,29.684941703038
22,26,41.06253374199362
22,27,31.48364245692539
22,28,35.966377459265104
22,29,41.44654626702497
22,30,37.220795801674115
22,31,28.52052075165748
22,32,31.94478435391122
22,33,28.88922068514205
23,0,9.29714098609887
23,1,16.290449222476376
23,2,16.105060808698287
23,3,19.615563025527358
23,4,6.633003535046089
23,5,9.905458619881788
23,6,15.587392209712482
23,7,3.468959844279243
23,8,10.322094451320044
23,9,8.469160710726682
23,10,14.706758914251715
23,11,9.788016371661886
23,12,6.7204980389252205
23,13,15.521955965301382
23,14,7.029774733014136
23,15,9.760637808859217
23,16,2.2537329585259633
23,17,2.3573012617584275
23,18,7.292105419762921
23,19,4.84922830068127
23,20,15.174312218275713
23,21,16.55171222754302
23,22,16.4247871980776
23,23,0.0
23,24,12.581701452672476
23,25,13.2601545049604
23,26,30.88929648391951
23,27,28.444684260427977
23,28,24.503944379971472
23,29,25.021759068947368
23,30,20.796008603596512
23,31,12.095733553579878
23,32,15.519997155833622
23,33,12.46443348706445
24,0,21.878842438771347
24,1,28.463379016935907
24,2,4.495295154211005
24,3,8.005797371040078
24,4,12.019391356527711
24,5,6.240784662725564
24,6,27.301867412727795
24,7,15.183435047294557
24,8,5.7760301190648615
24,9,9.983074441585746
24,10,27.288460366924188
24,11,22.369717824334362
24,12,19.302199491597694
24,13,2.9402545126289064
24,14,19.61147618568661
24,15,21.47511301187453
24,16,13.844391611858944
24,17,14.939002714430904
24,18,8.806019150621985
24,19,17.430929753353745
24,20,27.75601367094819
24,21,29.133413680215494
24,22,29.006488650750075
24,23,12.581701452672476
24,24,0.0
24,25,5.661183381604465
24,26,19.27953082943223
24,27,16.834918605940697
24,28,12.894178725484194
24,29,13.41199341446009
24,30,9.18624294910923
24,31,0.48596789909259774
24,32,4.1267777931564265
24,33,3.6336910833204548
25,0,22.55729549105927
25,1,29.550603727436776
25,2,9.184542737630274
25,3,12.695044954459346
25,4,15.241399354217453
25,5,3.3546958850786113
25,6,28.84754671467288
25,7,16.729114349239644
25,8,8.998038116754604
25,9,7.145104376161241
25,10,27.966913419212116
25,11,23.048170876622287
25,12,19.980652543885622
25,13,8.60143789423337
25,14,20.289929237974537
25,15,23.02079231381962
25,16,11.006421546434439
25,17,12.37492330577631
25,18,5.96804908519748
25,19,14.866850344699152
25,20,28.434466723236113
25,21,29.81186673250342
25,22,29.684941703038
25,23,13.2601545049604
25,24,5.661183381604465
25,25,0.0
25,26,23.9687784128515
25,27,21.524166189359967
25,28,17.583426308903462
25,29,18.10124099787936
25,30,13.875490532528499
25,31,5.175215482511867
25,32,9.787961174760891
25,33,9.29487446492492
26,0,33.93488753001489
26,1,40.92819576639239
26,2,21.91851473679792
26,3,18.40801251996885
26,4,29.626124366484714
26,5,25.520315492157792
26,6,42.0897073706005
26,7,32.79016805725156
26,8,23.382763129021864
26,9,27.589807451542747
26,10,44.92351246446299
26,11,40.6773128555814
26,12,37.60979452284473
26,13,19.371383705035807
26,14,37.919071216933645
26,15,39.08184602183154
26,16,31.451124621815946
26,17,32.81962638115782
26,18,26.41275216057899
26,19,35.31155342008066
26,20,39.81205876219173
26,21,41.18945877145904
26,22,41.06253374199362
26,23,30.88929648391951
26,24,19.27953082943223
26,25,23.9687784128515
26,26,0.0
26,27,9.578891285068226
26,28,13.801223656697964
26,29,5.867537414972142
26,30,10.093287880323
26,31,18.793562930339633
26,32,18.184860424508287
26,33,21.240424093277458
27,0,24.355996244946663
27,1,31.349304481324165
27,2,12.339623451729695
27,3,8.829121234900622
27,4,27.72350726487639
27,5,23.07570326866626
27,6,32.51081608553228
27,7,30.887550955643235
27,8,21.48014602741354
27,9,25.687190349934426
27,10,35.344621179394764
27,11,38.232700632089866
27,12,35.1651822993532
27,13,17.468766603427483
27,14,35.47445899344211
27,15,37.17922892022321
27,16,29.54850752020762
27,17,30.801985522186406
27,18,24.51013505897066
27,19,33.29391256110925
27,20,30.233167477123505
27,21,31.610567486390813
27,22,31.48364245692539
27,23,28.444684260427977
27,24,16.834918605940697
27,25,21.524166189359967
27,26,9.578891285068226
27,27,0.0
27,28,4.482735002339713
27,29,12.416421244065535
27,30,8.190670778714676
27,31,16.3489507068481
27,32,16.282243322899962
27,33,19.337806991669133
28,0,28.838731247286375
28,1,35.83203948366388
28,2,16.417538081510003
28,3,13.311856237240335
28,4,23.240772262536677
28,5,19.134963388209755
28,6,36.99355108787199
28,7,26.404815953303522
28,8,16.997411025073827
28,9,21.20445534759471
28,10,39.21070329422319
28,11,34.29196075163336
28,12,31.224442418896693
28,13,12.98603160108777
28,14,31.533719112985608
28,15,32.6964939178835
28,16,25.06577251786791
28,17,26.43427427720978
28,18,20.027400056630952
28,19,28.926201316132623
28,20,34.71590247946322
28,21,36.09330248873053
28,22,35.966377459265104
28,23,24.503944379971472
28,24,12.894178725484194
28,25,17.583426308903462
28,26,13.801223656697964
28,27,4.482735002339713
28,28,0.0
28,29,7.933686241725821
28,30,3.7079357763749625
28,31,12.408210826391596
28,32,11.79950832056025
28,33,14.85507198932942
29,0,34.31890005504624
29,1,40.20257461192077
29,2,16.9353527704859
29,3,20.445854987314974
29,4,23.758586951512573
29,5,19.65277807718565
29,6,39.04106300771266
29,7,26.92263064227942
29,8,17.515225714049723
29,9,21.722270036570606
29,10,39.72851798319908
29,11,34.80977544060926
29,12,31.74225710787259
29,13,13.503846290063667
29,14,32.051533801961504
29,15,33.21430860685939
29,16,25.583587206843806
29,17,26.952088966185677
29,18,20.54521474560685
29,19,29.44401600510852
29,20,40.196071287223084
29,21,41.57347129649039
29,22,41.44654626702497
29,23,25.021759068947368
29,24,13.41199341446009
29,25,18.10124099787936
29,26,5.867537414972142
29,27,12.416421244065535
29,28,7.933686241725821
29,29,0.0
29,30,4.225750465350859
29,31,12.926025515367492
29,32,12.317323009536146
29,33,15.372886678305317
30,0,30.093149589695383
30,1,35.97682414656991
30,2,12.70960230513504
30,3,16.22010452196411
30,4,19.532836486161713
30,5,15.427027611834793
30,6,34.815312542361795
30,7,22.69688017692856
30,8,13.289475248698864
30,9,17.49651957121975
30,10,35.50276751784823
30,11,30.584024975258398
30,12,27.51650664252173
30,13,9.278095824712807
30,14,27.825783336610645
30,15,28.988558141508534
30,16,21.357836741492946
30,17,22.726338500834817
30,18,16.319464280255985
30,19,25.21826553975766
30,20,35.97032082187222
30,21,37.347720831139526
30,22,37.220795801674115
30,23,20.796008603596512
30,24,9.18624294910923
30,25,13.875490532528499
30,26,10.093287880323
30,27,8.190670778714676
30,28,3.7079357763749625
30,29,4.225750465350859
30,30,0.0
30,31,8.700275050016632
30,32,8.091572544185286
30,33,11.147136212954457
31,0,21.39287453967875
31,1,28.386182776056252
31,2,4.009327255118408
31,3,7.51982947194748
31,4,12.50535925562031
31,5,6.726752561818161
31,6,27.68312576329236
31,7,15.56469339785912
31,8,6.26199801815746
31,9,10.469042340678342
31,10,26.80249246783159
31,11,21.883749925241766
31,12,18.816231592505098
31,13,3.426222411721504
31,14,19.125508286594012
31,15,21.856371362439095
31,16,14.330359510951542
31,17,14.453034815338306
31,18,9.291987049714582
31,19,16.944961854261148
31,20,27.270045771855592
31,21,28.647445781122897
31,22,28.52052075165748
31,23,12.095733553579878
31,24,0.48596789909259774
31,25,5.175215482511867
31,26,18.793562930339633
31,27,16.3489507068481
31,28,12.408210826391596
31,29,12.926025515367492
31,30,8.700275050016632
31,31,0.0
31,32,4.612745692249025
31,33,4.1196589824130525
32,0,24.817138141932492
32,1,27.885251602384624
32,2,8.622072947367432
32,3,12.132575164196505
32,4,11.441263941976427
32,5,10.367562455881991
32,6,26.723739998176512
32,7,14.605307632743273
32,8,5.197902704513579
32,9,9.404947027034462
32,10,30.226756070085337
32,11,25.308013527495508
32,12,22.240495194758843
32,13,1.1865232805275199
32,14,22.549771888847758
32,15,20.896985597323248
32,16,13.26626419730766
32,17,14.634765956649531
32,18,8.227891736070701
32,19,17.126692995572373
32,20,30.694309374109334
32,21,32.07170938337664
32,22,31.94478435391122
32,23,15.519997155833622
32,24,4.1267777931564265
32,25,9.787961174760891
32,26,18.184860424508287
32,27,16.282243322899962
32,28,11.79950832056025
32,29,12.317323009536146
32,30,8.091572544185286
32,31,4.612745692249025
32,32,0.0
32,33,3.0555636687691714
33,0,21.76157447316332
33,1,24.829687933615453
33,2,8.12898623753146
33,3,11.639488454360531
33,4,8.385700273207256
33,5,7.785681267420398
33,6,23.66817632940734
33,7,11.549743963974102
33,8,2.142339035744407
33,9,6.349383358265291
33,10,27.171192401316166
33,11,22.252449858726337
33,12,19.184931525989672
33,13,4.2420869492966915
33,14,19.494208220078587
33,15,17.841421928554077
33,16,10.210700528538489
33,17,11.57920228788036
33,18,5.17232806730153
33,19,14.071129326803202
33,20,27.638745705340163
33,21,29.01614571460747
33,22,28.88922068514205
33,23,12.46443348706445
33,24,3.6336910833204548
33,25,9.29487446492492
33,26,21.240424093277458
33,27,19.337806991669133
33,28,14.85507198932942
33,29,15.372886678305317
33,30,11.147136212954457
33,31,4.1196589824130525
33,32,3.0555636687691714
33,33,0.0
