source_id,target_id,rtt
0,0,0.0
0,1,0.45952223752675714
0,2,0.8795861611067352
0,3,0.35695651234415615
0,4,1.5837699654214963
0,5,1.760593536986975
0,6,0.7073692876545052
0,7,1.4431612006104109
0,8,2.0340243563367153
0,9,2.753344565470276
0,10,2.943425761875786
0,11,3.1531689270028105
0,12,3.35287721417791
0,13,4.951997086304338
0,14,4.503052288526166
0,15,5.057721210855136
0,16,4.390602815993686
0,17,2.9117548673370166
0,18,2.379695213311754
0,19,1.5517606874728653
0,20,1.7025344128125033
0,21,1.3433980598755826
0,22,6.217236754579352
1,0,0.45952223752675714
1,1,0.0
1,2,1.3391083986334924
1,3,0.8164787498709133
1,4,1.1242477278947394
1,5,1.301071299460218
1,6,0.24784705012774813
1,7,0.9836389630836538
1,8,1.5745021188099582
1,9,2.293822327943519
1,10,2.483903524349029
1,11,2.6936466894760533
1,12,2.893354976651153
1,13,4.492474848777581
1,14,4.043530050999409
1,15,5.517243448381893
1,16,4.850125053520443
1,17,3.3712771048637737
1,18,2.839217450838511
1,19,2.0112829249996227
1,20,2.1620566503392604
1,21,1.8029202974023397
1,22,5.7577145170525945
2,0,0.8795861611067352
2,1,1.3391083986334924
2,2,0.0
2,3,0.522629648762579
2,4,2.4633561265282315
2,5,2.6401796980937102
2,6,1.5869554487612405
2,7,2.322747361717146
2,8,2.9136105174434506
2,9,3.632930726577012
2,10,3.8230119229825212
2,11,4.032755088109546
2,12,4.232463375284645
2,13,5.831583247411075
2,14,5.382638449632902
2,15,4.1781350497484
2,16,3.511016654886951
2,17,2.0321687062302813
2,18,1.5001090522050191
2,19,0.6721745263661303
2,20,0.8229482517057682
2,21,0.46381189876884743
2,22,5.543728057062483
3,0,0.35695651234415615
3,1,0.8164787498709133
3,2,0.522629648762579
3,3,0.0
3,4,1.9407264777656525
3,5,2.1175500493311312
3,6,1.0643257999986615
3,7,1.8001177129545671
3,8,2.3909808686808716
3,9,3.110301077814433
3,10,3.3003822742199422
3,11,3.5101254393469667
3,12,3.7098337265220667
3,13,5.308953598648495
3,14,4.860008800870323
3,15,4.700764698510979
3,16,4.03364630364953
3,17,2.5547983549928603
3,18,2.022738700967598
3,19,1.1948041751287093
3,20,1.3455779004683472
3,21,0.9864415475314264
3,22,6.066357705825062
4,0,1.5837699654214963
4,1,1.1242477278947394
4,2,2.4633561265282315
4,3,1.9407264777656525
4,4,0.0
4,5,0.4580411011876497
4,6,0.8764006777669913
4,7,0.14060876481108553
4,8,0.73147192053739
4,9,1.4507921296709512
4,10,1.6408733260764605
4,11,1.850616491203485
4,12,2.050324778378585
4,13,3.6494446505050138
4,14,3.200499852726841
4,15,6.280277326094109
4,16,5.974372781415182
4,17,4.4955248327585124
4,18,3.9634651787332507
4,19,3.135530652894362
4,20,3.286304378234
4,21,2.927168025297079
4,22,4.914684318780027
5,0,1.760593536986975
5,1,1.301071299460218
5,2,2.6401796980937102
5,3,2.1175500493311312
5,4,0.4580411011876497
5,5,0.0
5,6,1.05322424933247
5,7,0.31743233637656415
5,8,0.2734308193497403
5,9,0.9927510284833014
5,10,1.182832224888811
5,11,1.3925753900158355
5,12,1.5922836771909352
5,13,3.191403549317364
5,14,2.742458751539191
5,15,5.822236224906459
5,16,6.151196352980661
5,17,4.672348404323992
5,18,4.14028875029873
5,19,3.3123542244598405
5,20,3.4631279497994787
5,21,3.1039915968625578
5,22,4.456643217592377
6,0,0.7073692876545052
6,1,0.24784705012774813
6,2,1.5869554487612405
6,3,1.0643257999986615
6,4,0.8764006777669913
6,5,1.05322424933247
6,6,0.0
6,7,0.7357919129559057
6,8,1.3266550686822103
6,9,2.0459752778157716
6,10,2.236056474221281
6,11,2.4457996393483055
6,12,2.6455079265234054
6,13,4.244627798649834
6,14,3.7956830008716613
6,15,5.765090498509641
6,16,5.097972103648191
6,17,3.6191241549915216
6,18,3.0870645009662594
6,19,2.2591299751273706
6,20,2.4099037004670087
6,21,2.050767347530088
6,22,5.509867466924847
7,0,1.4431612006104109
7,1,0.9836389630836538
7,2,2.322747361717146
7,3,1.8001177129545671
7,4,0.14060876481108553
7,5,0.31743233637656415
7,6,0.7357919129559057
7,7,0.0
7,8,0.5908631557263044
7,9,1.3101833648598655
7,10,1.500264561265375
7,11,1.7100077263923996
7,12,1.9097160135674993
7,13,3.508835885693928
7,14,3.059891087915755
7,15,6.139668561283023
7,16,5.833764016604097
7,17,4.3549160679474275
7,18,3.8228564139221652
7,19,2.9949218880832764
7,20,3.1456956134229146
7,21,2.7865592604859937
7,22,4.774075553968941
8,0,2.0340243563367153
8,1,1.5745021188099582
8,2,2.9136105174434506
8,3,2.3909808686808716
8,4,0.73147192053739
8,5,0.2734308193497403
8,6,1.3266550686822103
8,7,0.5908631557263044
8,8,0.0
8,9,0.7193202091335611
8,10,0.9094014055390707
8,11,1.1191445706660952
8,12,1.3188528578411949
8,13,2.9179727299676235
8,14,2.4690279321894506
8,15,5.548805405556719
8,16,6.215923800418169
8,17,4.945779223673732
8,18,4.413719569648469
8,19,3.585785043809581
8,20,3.736558769149219
8,21,3.377422416212298
8,22,4.183212398242636
9,0,2.753344565470276
9,1,2.293822327943519
9,2,3.632930726577012
9,3,3.110301077814433
9,4,1.4507921296709512
9,5,0.9927510284833014
9,6,2.0459752778157716
9,7,1.3101833648598655
9,8,0.7193202091335611
9,9,0.0
9,10,1.6287216146726318
9,11,1.8384647797996563
9,12,0.5995326487076338
9,13,2.1986525208340626
9,14,1.7497077230558897
9,15,4.829485196423158
9,16,5.496603591284607
9,17,5.665099432807294
9,18,5.133039778782031
9,19,4.305105252943142
9,20,4.45587897828278
9,21,4.096742625345859
9,22,3.4638921891090755
10,0,2.943425761875786
10,1,2.483903524349029
10,2,3.8230119229825212
10,3,3.3003822742199422
10,4,1.6408733260764605
10,5,1.182832224888811
10,6,2.236056474221281
10,7,1.500264561265375
10,8,0.9094014055390707
10,9,1.6287216146726318
10,10,0.0
10,11,2.028545976205166
10,12,2.2282542633802658
10,13,3.8273741355066946
10,14,3.3784293377285217
10,15,6.458206811095789
10,16,7.125325205957239
10,17,5.8551806292128035
10,18,5.323120975187541
10,19,4.495186449348652
10,20,4.64596017468829
10,21,4.286823821751369
10,22,5.092613803781707
11,0,3.1531689270028105
11,1,2.6936466894760533
11,2,4.032755088109546
11,3,3.5101254393469667
11,4,1.850616491203485
11,5,1.3925753900158355
11,6,2.4457996393483055
11,7,1.7100077263923996
11,8,1.1191445706660952
11,9,1.8384647797996563
11,10,2.028545976205166
11,11,0.0
11,12,2.4379974285072903
11,13,4.037117300633719
11,14,3.5881725028555462
11,15,6.667949976222814
11,16,7.3350683710842635
11,17,6.064923794339828
11,18,5.532864140314565
11,19,4.7049296144756765
11,20,4.855703339815315
11,21,4.496566986878394
11,22,5.3023569689087315
12,0,3.35287721417791
12,1,2.893354976651153
12,2,4.232463375284645
12,3,3.7098337265220667
12,4,2.050324778378585
12,5,1.5922836771909352
12,6,2.6455079265234054
12,7,1.9097160135674993
12,8,1.3188528578411949
12,9,0.5995326487076338
12,10,2.2282542633802658
12,11,2.4379974285072903
12,12,0.0
12,13,1.5991198721264288
12,14,1.150175074348256
12,15,4.2299525477155235
12,16,4.897070942576974
12,17,6.264632081514927
12,18,5.732572427489664
12,19,4.9046379016507755
12,20,5.055411626990414
12,21,4.696275274053493
12,22,2.8643595404014413
13,0,4.951997086304338
13,1,4.492474848777581
13,2,5.831583247411075
13,3,5.308953598648495
13,4,3.6494446505050138
13,5,3.191403549317364
13,6,4.244627798649834
13,7,3.508835885693928
13,8,2.9179727299676235
13,9,2.1986525208340626
13,10,3.8273741355066946
13,11,4.037117300633719
13,12,1.5991198721264288
13,13,0.0
13,14,0.44894479777817287
13,15,2.630832675589095
13,16,3.2979510704505453
13,17,4.776799019107215
13,18,5.308858673132477
13,19,6.281427073691998
13,20,5.986019473631727
13,21,6.2953951461799225
13,22,1.2652396682750127
14,0,4.503052288526166
14,1,4.043530050999409
14,2,5.382638449632902
14,3,4.860008800870323
14,4,3.200499852726841
14,5,2.742458751539191
14,6,3.7956830008716613
14,7,3.059891087915755
14,8,2.4690279321894506
14,9,1.7497077230558897
14,10,3.3784293377285217
14,11,3.5881725028555462
14,12,1.150175074348256
14,13,0.44894479777817287
14,14,0.0
14,15,3.079777473367268
14,16,3.7468958682287177
14,17,5.225743816885387
14,18,5.75780347091065
14,19,6.054812975999032
14,20,6.20558670133867
14,21,5.846450348401749
14,22,1.7141844660531855
15,0,5.057721210855136
15,1,5.517243448381893
15,2,4.1781350497484
15,3,4.700764698510979
15,4,6.280277326094109
15,5,5.822236224906459
15,6,5.765090498509641
15,7,6.139668561283023
15,8,5.548805405556719
15,9,4.829485196423158
15,10,6.458206811095789
15,11,6.667949976222814
15,12,4.2299525477155235
15,13,2.630832675589095
15,14,3.079777473367268
15,15,0.0
15,16,0.6671183948614499
15,17,2.1459663435181193
15,18,2.6780259975433816
15,19,3.650594398102903
15,20,3.355186798042632
15,21,3.714323150979553
15,22,1.3655930073140825
16,0,4.390602815993686
16,1,4.850125053520443
16,2,3.511016654886951
16,3,4.03364630364953
16,4,5.974372781415182
16,5,6.151196352980661
16,6,5.097972103648191
16,7,5.833764016604097
16,8,6.215923800418169
16,9,5.496603591284607
16,10,7.125325205957239
16,11,7.3350683710842635
16,12,4.897070942576974
16,13,3.2979510704505453
16,14,3.7468958682287177
16,15,0.6671183948614499
16,16,0.0
16,17,1.4788479486566697
16,18,2.010907602681932
16,19,2.9834760032414533
16,20,2.6880684031811826
16,21,3.0472047561181035
16,22,2.0327114021755324
17,0,2.9117548673370166
17,1,3.3712771048637737
17,2,2.0321687062302813
17,3,2.5547983549928603
17,4,4.4955248327585124
17,5,4.672348404323992
17,6,3.6191241549915216
17,7,4.3549160679474275
17,8,4.945779223673732
17,9,5.665099432807294
17,10,5.8551806292128035
17,11,6.064923794339828
17,12,6.264632081514927
17,13,4.776799019107215
17,14,5.225743816885387
17,15,2.1459663435181193
17,16,1.4788479486566697
17,17,0.0
17,18,0.5320596540252621
17,19,1.5046280545847837
17,20,1.2092204545245129
17,21,1.5683568074614338
17,22,3.511559350832202
18,0,2.379695213311754
18,1,2.839217450838511
18,2,1.5001090522050191
18,3,2.022738700967598
18,4,3.9634651787332507
18,5,4.14028875029873
18,6,3.0870645009662594
18,7,3.8228564139221652
18,8,4.413719569648469
18,9,5.133039778782031
18,10,5.323120975187541
18,11,5.532864140314565
18,12,5.732572427489664
18,13,5.308858673132477
18,14,5.75780347091065
18,15,2.6780259975433816
18,16,2.010907602681932
18,17,0.5320596540252621
18,18,0.0
18,19,0.9725684005595214
18,20,0.6771608004992506
18,21,1.0362971534361716
18,22,4.043619004857464
19,0,1.5517606874728653
19,1,2.0112829249996227
19,2,0.6721745263661303
19,3,1.1948041751287093
19,4,3.135530652894362
19,5,3.3123542244598405
19,6,2.2591299751273706
19,7,2.9949218880832764
19,8,3.585785043809581
19,9,4.305105252943142
19,10,4.495186449348652
19,11,4.7049296144756765
19,12,4.9046379016507755
19,13,6.281427073691998
19,14,6.054812975999032
19,15,3.650594398102903
19,16,2.9834760032414533
19,17,1.5046280545847837
19,18,0.9725684005595214
19,19,0.0
19,20,0.29540760006027084
19,21,0.2083626275972828
19,22,5.016187405416986
20,0,1.7025344128125033
20,1,2.1620566503392604
20,2,0.8229482517057682
20,3,1.3455779004683472
20,4,3.286304378234
20,5,3.4631279497994787
20,6,2.4099037004670087
20,7,3.1456956134229146
20,8,3.736558769149219
20,9,4.45587897828278
20,10,4.64596017468829
20,11,4.855703339815315
20,12,5.055411626990414
20,13,5.986019473631727
20,14,6.20558670133867
20,15,3.355186798042632
20,16,2.6880684031811826
20,17,1.2092204545245129
20,18,0.6771608004992506
20,19,0.29540760006027084
20,20,0.0
20,21,0.3591363529369208
20,22,4.720779805356715
21,0,1.3433980598755826
21,1,1.8029202974023397
21,2,0.46381189876884743
21,3,0.9864415475314264
21,4,2.927168025297079
21,5,3.1039915968625578
21,6,2.050767347530088
21,7,2.7865592604859937
21,8,3.377422416212298
21,9,4.096742625345859
21,10,4.286823821751369
21,11,4.496566986878394
21,12,4.696275274053493
21,13,6.2953951461799225
21,14,5.846450348401749
21,15,3.714323150979553
21,16,3.0472047561181035
21,17,1.5683568074614338
21,18,1.0362971534361716
21,19,0.2083626275972828
21,20,0.3591363529369208
21,21,0.0
21,22,5.079916158293636
22,0,6.217236754579352
22,1,5.7577145170525945
22,2,5.543728057062483
22,3,6.066357705825062
22,4,4.914684318780027
22,5,4.456643217592377
22,6,5.509867466924847
22,7,4.774075553968941
22,8,4.183212398242636
22,9,3.4638921891090755
22,10,5.092613803781707
22,11,5.3023569689087315
22,12,2.8643595404014413
22,13,1.2652396682750127
22,14,1.7141844660531855
22,15,1.3655930073140825
22,16,2.0327114021755324
22,17,3.511559350832202
22,18,4.043619004857464
22,19,5.016187405416986
22,20,4.720779805356715
22,21,5.079916158293636
22,22,0.0
